Sample in Buffer,Sample in Window,TRIGGER,adc1_data_a_d0[11:0],adc1_data_b_d0[11:0]
0,0,0,2047,3953
1,1,0,2046,4095
2,2,0,2046,4095
3,3,0,2046,4018
4,4,0,2046,3800
5,5,0,2046,3476
6,6,0,2046,3067
7,7,0,2047,2597
8,8,0,2046,2094
9,9,0,2046,1588
10,10,0,2047,1108
11,11,0,2047,684
12,12,0,2047,340
13,13,0,2046,96
14,14,0,2046,0
15,15,0,2046,0
16,16,0,2046,82
17,17,0,2046,316
18,18,0,2047,653
19,19,0,2047,1072
20,20,0,2047,1549
21,21,0,2047,2053
22,22,0,2046,2558
23,23,0,2047,3032
24,24,0,2046,3446
25,25,0,2047,3778
26,26,0,2047,4006
27,27,0,2046,4095
28,28,0,2046,4095
29,29,0,2047,3969
30,30,0,2046,3718
31,31,0,2046,3369
32,32,0,2047,2941
33,33,0,2046,2459
34,34,0,2047,1952
35,35,0,2047,1449
36,36,0,2046,983
37,37,0,2047,579
38,38,0,2047,260
39,39,0,2046,48
40,40,0,2046,0
41,41,0,2047,0
42,42,0,2047,136
43,43,0,2046,402
44,44,0,2047,762
45,45,0,2046,1200
46,46,0,2045,1688
47,47,0,2046,2196
48,48,0,2046,2695
49,49,0,2047,3154
50,50,0,2046,3549
51,51,0,2046,3852
52,52,0,2047,4048
53,53,0,2047,4095
54,54,0,2046,4078
55,55,0,2047,3910
56,56,0,2046,3630
57,57,0,2047,3257
58,58,0,2046,2810
59,59,0,2046,2318
60,60,0,2046,1809
61,61,0,2046,1314
62,62,0,2046,862
63,63,0,2047,480
64,64,0,2046,191
65,65,0,2046,10
66,66,0,2046,0
67,67,0,2047,14
68,68,0,2046,200
69,69,0,2046,493
70,70,0,2046,879
71,71,0,2046,1333
72,72,0,2046,1829
73,73,0,2046,2338
74,74,0,2047,2829
75,75,0,2047,3273
76,76,0,2047,3644
77,77,0,2046,3919
78,78,0,2047,4082
79,79,0,2047,4095
80,80,0,2046,4044
81,81,0,2047,3843
82,82,0,2047,3534
83,83,0,2046,3138
84,84,0,2047,2676
85,85,0,2046,2176
86,86,0,2046,1668
87,87,0,2046,1183
88,88,0,2046,747
89,89,0,2046,389
90,90,0,2046,128
91,91,0,2046,0
92,92,0,2046,0
93,93,0,2046,54
94,94,0,2047,272
95,95,0,2045,593
96,96,0,2046,1000
97,97,0,2046,1469
98,98,0,2047,1972
99,99,0,2046,2479
100,100,0,2047,2959
101,101,0,2047,3385
102,102,0,2046,3731
103,103,0,2045,3977
104,104,0,2046,4095
105,105,0,2046,4095
106,106,0,2046,3998
107,107,0,2046,3766
108,108,0,2046,3432
109,109,0,2046,3014
110,110,0,2046,2538
111,111,0,2046,2033
112,112,0,2047,1529
113,113,0,2046,1054
114,114,0,2046,638
115,115,0,2046,305
116,116,0,2046,75
117,117,0,2046,0
118,118,0,2046,0
119,119,0,2046,104
120,120,0,2046,351
121,121,0,2047,699
122,122,0,2047,1126
123,123,0,2046,1607
124,124,0,2047,2114
125,125,0,2046,2616
126,126,0,2047,3085
127,127,0,2047,3490
128,128,0,2046,3811
129,129,0,2047,4025
130,130,0,2047,4095
131,131,0,2046,4094
132,132,0,2047,3944
133,133,0,2046,3682
134,134,0,2047,3322
135,135,0,2046,2886
136,136,0,2047,2399
137,137,0,2046,1891
138,138,0,2046,1391
139,139,0,2046,931
140,140,0,2046,535
141,141,0,2046,230
142,142,0,2047,32
143,143,0,2046,0
144,144,0,2046,0
145,145,0,2047,162
146,146,0,2047,440
147,147,0,2046,812
148,148,0,2046,1256
149,149,0,2047,1748
150,150,0,2047,2256
151,151,0,2047,2753
152,152,0,2046,3206
153,153,0,2047,3590
154,154,0,2046,3882
155,155,0,2046,4064
156,156,0,2047,4095
157,157,0,2046,4064
158,158,0,2047,3882
159,159,0,2046,3590
160,160,0,2047,3206
161,161,0,2047,2754
162,162,0,2046,2258
163,163,0,2046,1749
164,164,0,2046,1257
165,165,0,2046,812
166,166,0,2046,440
167,167,0,2046,163
168,168,0,2046,0
169,169,0,2046,0
170,170,0,2046,31
171,171,0,2046,229
172,172,0,2047,534
173,173,0,2047,930
174,174,0,2046,1390
175,175,0,2046,1890
176,176,0,2046,2399
177,177,0,2046,2884
178,178,0,2046,3321
179,179,0,2046,3682
180,180,0,2046,3944
181,181,0,2046,4093
182,182,0,2047,4095
183,183,0,2046,4025
184,184,0,2046,3811
185,185,0,2046,3491
186,186,0,2047,3085
187,187,0,2046,2618
188,188,0,2046,2115
189,189,0,2046,1609
190,190,0,2046,1127
191,191,0,2046,699
192,192,0,2046,352
193,193,0,2046,105
194,194,0,2046,0
195,195,0,2046,0
196,196,0,2046,75
197,197,0,2046,304
198,198,0,2047,637
199,199,0,2047,1053
200,200,0,2046,1528
201,201,0,2046,2032
202,202,0,2047,2538
203,203,0,2046,3013
204,204,0,2047,3431
205,205,0,2046,3765
206,206,0,2047,3998
207,207,0,2046,4095
208,208,0,2046,4095
209,209,0,2046,3976
210,210,0,2047,3731
211,211,0,2046,3385
212,212,0,2046,2959
213,213,0,2047,2479
214,214,0,2046,1973
215,215,0,2046,1470
216,216,0,2046,1001
217,217,0,2046,594
218,218,0,2046,272
219,219,0,2047,56
220,220,0,2046,0
221,221,0,2047,0
222,222,0,2046,128
223,223,0,2046,388
224,224,0,2046,746
225,225,0,2046,1182
226,226,0,2047,1667
227,227,0,2046,2175
228,228,0,2047,2675
229,229,0,2046,3136
230,230,0,2046,3534
231,231,0,2047,3842
232,232,0,2047,4042
233,233,0,2046,4095
234,234,0,2047,4082
235,235,0,2046,3919
236,236,0,2046,3644
237,237,0,2046,3274
238,238,0,2046,2829
239,239,0,2046,2339
240,240,0,2046,1830
241,241,0,2046,1334
242,242,0,2047,880
243,243,0,2047,494
244,244,0,2046,200
245,245,0,2047,16
246,246,0,2046,0
247,247,0,2046,10
248,248,0,2047,190
249,249,0,2047,479
250,250,0,2047,861
251,251,0,2046,1313
252,252,0,2046,1808
253,253,0,2046,2317
254,254,0,2046,2809
255,255,0,2047,3256
256,256,0,2046,3630
257,257,0,2047,3910
258,258,0,2046,4079
259,259,0,2046,4095
260,260,0,2046,4049
261,261,0,2046,3853
262,262,0,2047,3549
263,263,0,2047,3156
264,264,0,2046,2696
265,265,0,2046,2197
266,266,0,2046,1689
267,267,0,2046,1202
268,268,0,2047,763
269,269,0,2046,402
270,270,0,2047,137
271,271,0,2046,0
272,272,0,2047,0
273,273,0,2047,48
274,274,0,2046,261
275,275,0,2046,577
276,276,0,2047,981
277,277,0,2047,1449
278,278,0,2046,1951
279,279,0,2047,2458
280,280,0,2046,2940
281,281,0,2046,3368
282,282,0,2047,3718
283,283,0,2046,3969
284,284,0,2046,4095
285,285,0,2046,4095
286,286,0,2047,4006
287,287,0,2047,3777
288,288,0,2047,3447
289,289,0,2046,3032
290,290,0,2047,2559
291,291,0,2046,2055
292,292,0,2046,1549
293,293,0,2046,1073
294,294,0,2046,654
295,295,0,2047,317
296,296,0,2046,82
297,297,0,2046,0
298,298,0,2046,0
299,299,0,2046,97
300,300,0,2046,339
301,301,0,2047,683
302,302,0,2046,1107
303,303,0,2046,1586
304,304,0,2047,2092
305,305,0,2046,2596
306,306,0,2046,3066
307,307,0,2046,3476
308,308,0,2047,3799
309,309,0,2046,4019
310,310,0,2047,4095
311,311,0,2047,4095
312,312,0,2046,3954
313,313,0,2046,3695
314,314,0,2046,3338
315,315,0,2046,2904
316,316,0,2047,2420
317,317,0,2046,1912
318,318,0,2046,1412
319,319,0,2046,949
320,320,0,2047,550
321,321,0,2047,240
322,322,0,2047,37
323,323,0,2047,0
324,324,0,2047,0
325,325,0,2047,153
326,326,0,2046,426
327,327,0,2047,794
328,328,0,2046,1236
329,329,0,2047,1727
330,330,0,2047,2235
331,331,0,2046,2732
332,332,0,2047,3187
333,333,0,2047,3575
334,334,0,2047,3871
335,335,0,2047,4059
336,336,0,2046,4095
337,337,0,2047,4069
338,338,0,2047,3892
339,339,0,2046,3605
340,340,0,2046,3224
341,341,0,2046,2774
342,342,0,2047,2279
343,343,0,2047,1770
344,344,0,2047,1278
345,345,0,2046,830
346,346,0,2046,454
347,347,0,2046,172
348,348,0,2047,1
349,349,0,2046,0
350,350,0,2047,25
351,351,0,2047,218
352,352,0,2046,520
353,353,0,2047,911
354,354,0,2046,1370
355,355,0,2045,1868
356,356,0,2046,2377
357,357,0,2046,2865
358,358,0,2047,3304
359,359,0,2047,3668
360,360,0,2047,3935
361,361,0,2046,4090
362,362,0,2046,4095
363,363,0,2046,4031
364,364,0,2046,3822
365,365,0,2046,3507
366,366,0,2046,3104
367,367,0,2046,2638
368,368,0,2046,2137
369,369,0,2046,1629
370,370,0,2046,1146
371,371,0,2046,717
372,372,0,2047,364
373,373,0,2047,113
374,374,0,2047,0
375,375,0,2047,0
376,376,0,2046,68
377,377,0,2046,292
378,378,0,2047,622
379,379,0,2045,1034
380,380,0,2046,1507
381,381,0,2046,2011
382,382,0,2046,2517
383,383,0,2047,2994
384,384,0,2046,3414
385,385,0,2046,3754
386,386,0,2047,3990
387,387,0,2046,4095
388,388,0,2046,4095
389,389,0,2046,3985
390,390,0,2046,3744
391,391,0,2046,3402
392,392,0,2047,2979
393,393,0,2046,2500
394,394,0,2046,1994
395,395,0,2046,1491
396,396,0,2046,1019
397,397,0,2046,609
398,398,0,2046,283
399,399,0,2046,62
400,400,0,2047,0
401,401,0,2046,0
402,402,0,2047,119
403,403,0,2046,375
404,404,0,2046,730
405,405,0,2047,1162
406,406,0,2047,1646
407,407,0,2047,2154
408,408,0,2046,2655
409,409,0,2046,3118
410,410,0,2046,3518
411,411,0,2046,3831
412,412,0,2046,4037
413,413,0,2046,4095
414,414,0,2046,4087
415,415,0,2046,3929
416,416,0,2046,3657
417,417,0,2046,3290
418,418,0,2047,2850
419,419,0,2047,2360
420,420,0,2047,1852
421,421,0,2047,1355
422,422,0,2046,898
423,423,0,2047,509
424,424,0,2047,211
425,425,0,2047,21
426,426,0,2047,0
427,427,0,2047,5
428,428,0,2047,180
429,429,0,2046,465
430,430,0,2046,843
431,431,0,2047,1293
432,432,0,2046,1787
433,433,0,2046,2295
434,434,0,2046,2789
435,435,0,2047,3238
436,436,0,2047,3616
437,437,0,2046,3901
438,438,0,2047,4073
439,439,0,2047,4095
440,440,0,2046,4055
441,441,0,2046,3864
442,442,0,2047,3564
443,443,0,2046,3173
444,444,0,2046,2717
445,445,0,2046,2218
446,446,0,2046,1710
447,447,0,2046,1221
448,448,0,2046,781
449,449,0,2047,415
450,450,0,2046,146
451,451,0,2047,0
452,452,0,2046,0
453,453,0,2047,42
454,454,0,2046,249
455,455,0,2046,562
456,456,0,2046,963
457,457,0,2046,1428
458,458,0,2046,1930
459,459,0,2046,2437
460,460,0,2046,2920
461,461,0,2046,3352
462,462,0,2046,3706
463,463,0,2047,3960
464,464,0,2047,4095
465,465,0,2046,4095
466,466,0,2047,4012
467,467,0,2046,3789
468,468,0,2046,3463
469,469,0,2047,3051
470,470,0,2047,2580
471,471,0,2046,2076
472,472,0,2047,1570
473,473,0,2046,1092
474,474,0,2046,670
475,475,0,2047,330
476,476,0,2046,90
477,477,0,2046,0
478,478,0,2046,0
479,479,0,2046,88
480,480,0,2046,327
481,481,0,2047,667
482,482,0,2046,1088
483,483,0,2046,1566
484,484,0,2047,2072
485,485,0,2047,2575
486,486,0,2046,3048
487,487,0,2046,3459
488,488,0,2046,3788
489,489,0,2047,4012
490,490,0,2046,4095
491,491,0,2046,4095
492,492,0,2046,3962
493,493,0,2046,3708
494,494,0,2047,3354
495,495,0,2046,2925
496,496,0,2047,2441
497,497,0,2046,1933
498,498,0,2046,1432
499,499,0,2046,968
500,500,0,2046,566
501,501,0,2047,251
502,502,0,2046,43
503,503,0,2046,0
504,504,0,2046,0
505,505,0,2046,144
506,506,0,2047,413
507,507,0,2046,777
508,508,0,2046,1217
509,509,0,2047,1705
510,510,0,2046,2215
511,511,0,2046,2713
512,512,0,2046,3170
513,513,0,2047,3561
514,514,0,2046,3861
515,515,0,2047,4054
516,516,0,2047,4095
517,517,0,2046,4075
518,518,0,2046,3902
519,519,0,2046,3618
520,520,0,2047,3242
521,521,0,2046,2793
522,522,0,2047,2300
523,523,0,2046,1792
524,524,0,2046,1297
525,525,0,2046,848
526,526,0,2046,467
527,527,0,2046,182
528,528,0,2046,6
529,529,0,2047,0
530,530,0,2046,19
531,531,0,2046,208
532,532,0,2046,506
533,533,0,2046,893
534,534,0,2047,1350
535,535,0,2046,1847
536,536,0,2047,2356
537,537,0,2047,2846
538,538,0,2047,3287
539,539,0,2046,3655
540,540,0,2047,3927
541,541,0,2046,4086
542,542,0,2047,4095
543,543,0,2046,4038
544,544,0,2046,3833
545,545,0,2046,3521
546,546,0,2047,3122
547,547,0,2047,2659
548,548,0,2047,2158
549,549,0,2047,1650
550,550,0,2047,1165
551,551,0,2047,733
552,552,0,2046,377
553,553,0,2047,121
554,554,0,2047,0
555,555,0,2046,0
556,556,0,2047,60
557,557,0,2046,280
558,558,0,2046,605
559,559,0,2046,1016
560,560,0,2047,1486
561,561,0,2047,1990
562,562,0,2047,2496
563,563,0,2047,2976
564,564,0,2046,3399
565,565,0,2046,3742
566,566,0,2046,3983
567,567,0,2046,4095
568,568,0,2046,4095
569,569,0,2046,3992
570,570,0,2046,3756
571,571,0,2047,3418
572,572,0,2047,2998
573,573,0,2046,2521
574,574,0,2046,2016
575,575,0,2046,1511
576,576,0,2046,1038
577,577,0,2046,625
578,578,0,2046,295
579,579,0,2047,69
580,580,0,2046,0
581,581,0,2047,0
582,582,0,2046,111
583,583,0,2046,362
584,584,0,2046,713
585,585,0,2046,1143
586,586,0,2046,1625
587,587,0,2046,2133
588,588,0,2046,2634
589,589,0,2046,3100
590,590,0,2046,3503
591,591,0,2046,3820
592,592,0,2046,4031
593,593,0,2047,4095
594,594,0,2047,4091
595,595,0,2046,3937
596,596,0,2046,3671
597,597,0,2046,3307
598,598,0,2047,2869
599,599,0,2047,2381
600,600,0,2047,1873
601,601,0,2047,1374
602,602,0,2046,916
603,603,0,2047,523
604,604,0,2047,221
605,605,0,2047,26
606,606,0,2047,0
607,607,0,2047,0
608,608,0,2047,170
609,609,0,2046,450
610,610,0,2047,826
611,611,0,2046,1273
612,612,0,2046,1765
613,613,0,2047,2274
614,614,0,2047,2769
615,615,0,2046,3221
616,616,0,2046,3602
617,617,0,2047,3890
618,618,0,2047,4068
619,619,0,2046,4095
620,620,0,2046,4060
621,621,0,2047,3874
622,622,0,2046,3578
623,623,0,2046,3191
624,624,0,2047,2736
625,625,0,2046,2240
626,626,0,2046,1732
627,627,0,2046,1240
628,628,0,2047,798
629,629,0,2046,429
630,630,0,2046,155
631,631,0,2046,0
632,632,0,2046,0
633,633,0,2046,35
634,634,0,2047,238
635,635,0,2047,548
636,636,0,2047,945
637,637,0,2046,1407
638,638,0,2046,1908
639,639,0,2046,2416
640,640,0,2047,2901
641,641,0,2046,3335
642,642,0,2047,3693
643,643,0,2047,3951
644,644,0,2046,4095
645,645,0,2046,4095
646,646,0,2047,4019
647,647,0,2047,3801
648,648,0,2046,3479
649,649,0,2046,3070
650,650,0,2046,2600
651,651,0,2047,2097
652,652,0,2046,1590
653,653,0,2046,1111
654,654,0,2047,686
655,655,0,2046,342
656,656,0,2047,98
657,657,0,2046,0
658,658,0,2046,0
659,659,0,2046,80
660,660,0,2046,315
661,661,0,2046,650
662,662,0,2047,1069
663,663,0,2046,1545
664,664,0,2046,2051
665,665,0,2046,2555
666,666,0,2046,3029
667,667,0,2046,3444
668,668,0,2046,3777
669,669,0,2046,4004
670,670,0,2046,4095
671,671,0,2046,4095
672,672,0,2047,3971
673,673,0,2047,3721
674,674,0,2046,3372
675,675,0,2047,2943
676,676,0,2046,2462
677,677,0,2046,1955
678,678,0,2046,1453
679,679,0,2046,986
680,680,0,2046,580
681,681,0,2046,262
682,682,0,2046,49
683,683,0,2046,0
684,684,0,2046,0
685,685,0,2047,135
686,686,0,2046,399
687,687,0,2046,761
688,688,0,2046,1198
689,689,0,2047,1685
690,690,0,2047,2194
691,691,0,2046,2692
692,692,0,2047,3153
693,693,0,2046,3545
694,694,0,2046,3850
695,695,0,2046,4048
696,696,0,2046,4095
697,697,0,2047,4079
698,698,0,2047,3912
699,699,0,2047,3633
700,700,0,2046,3259
701,701,0,2046,2813
702,702,0,2047,2322
703,703,0,2046,1813
704,704,0,2046,1317
705,705,0,2047,864
706,706,0,2046,482
707,707,0,2046,191
708,708,0,2047,11
709,709,0,2047,0
710,710,0,2046,14
711,711,0,2046,198
712,712,0,2046,491
713,713,0,2046,876
714,714,0,2046,1330
715,715,0,2046,1826
716,716,0,2047,2335
717,717,0,2047,2826
718,718,0,2046,3270
719,719,0,2046,3641
720,720,0,2046,3918
721,721,0,2047,4082
722,722,0,2046,4095
723,723,0,2047,4044
724,724,0,2047,3844
725,725,0,2046,3537
726,726,0,2046,3141
727,727,0,2046,2679
728,728,0,2046,2179
729,729,0,2047,1671
730,730,0,2047,1186
731,731,0,2046,750
732,732,0,2047,390
733,733,0,2046,129
734,734,0,2046,0
735,735,0,2046,0
736,736,0,2046,54
737,737,0,2046,269
738,738,0,2047,591
739,739,0,2046,997
740,740,0,2046,1466
741,741,0,2046,1968
742,742,0,2047,2475
743,743,0,2046,2956
744,744,0,2046,3382
745,745,0,2046,3729
746,746,0,2047,3975
747,747,0,2047,4095
748,748,0,2047,4095
749,749,0,2046,4000
750,750,0,2046,3768
751,751,0,2046,3434
752,752,0,2046,3017
753,753,0,2046,2542
754,754,0,2046,2037
755,755,0,2046,1532
756,756,0,2047,1057
757,757,0,2046,641
758,758,0,2046,307
759,759,0,2046,76
760,760,0,2046,0
761,761,0,2046,0
762,762,0,2046,103
763,763,0,2046,349
764,764,0,2047,696
765,765,0,2047,1123
766,766,0,2046,1604
767,767,0,2047,2111
768,768,0,2047,2613
769,769,0,2047,3082
770,770,0,2046,3488
771,771,0,2046,3808
772,772,0,2047,4024
773,773,0,2046,4095
774,774,0,2046,4095
775,775,0,2047,3946
776,776,0,2046,3684
777,777,0,2047,3324
778,778,0,2047,2889
779,779,0,2046,2402
780,780,0,2046,1894
781,781,0,2046,1394
782,782,0,2047,933
783,783,0,2046,539
784,784,0,2046,232
785,785,0,2047,32
786,786,0,2046,0
787,787,0,2046,0
788,788,0,2046,160
789,789,0,2046,437
790,790,0,2046,809
791,791,0,2047,1254
792,792,0,2046,1745
793,793,0,2047,2253
794,794,0,2046,2749
795,795,0,2046,3203
796,796,0,2046,3588
797,797,0,2047,3880
798,798,0,2046,4063
799,799,0,2046,4095
800,800,0,2046,4066
801,801,0,2046,3883
802,802,0,2046,3593
803,803,0,2046,3209
804,804,0,2046,2756
805,805,0,2046,2261
806,806,0,2046,1753
807,807,0,2046,1261
808,808,0,2047,816
809,809,0,2046,442
810,810,0,2046,164
811,811,0,2046,0
812,812,0,2047,0
813,813,0,2046,30
814,814,0,2046,227
815,815,0,2046,532
816,816,0,2046,927
817,817,0,2046,1387
818,818,0,2046,1886
819,819,0,2046,2394
820,820,0,2046,2882
821,821,0,2046,3319
822,822,0,2046,3680
823,823,0,2047,3943
824,824,0,2046,4093
825,825,0,2047,4095
826,826,0,2047,4027
827,827,0,2046,3812
828,828,0,2046,3494
829,829,0,2046,3089
830,830,0,2047,2621
831,831,0,2046,2119
832,832,0,2046,1611
833,833,0,2047,1130
834,834,0,2046,703
835,835,0,2046,354
836,836,0,2046,105
837,837,0,2046,0
838,838,0,2047,0
839,839,0,2047,73
840,840,0,2046,302
841,841,0,2046,635
842,842,0,2047,1050
843,843,0,2046,1525
844,844,0,2047,2029
845,845,0,2046,2534
846,846,0,2046,3010
847,847,0,2046,3428
848,848,0,2047,3764
849,849,0,2047,3997
850,850,0,2046,4095
851,851,0,2046,4095
852,852,0,2046,3978
853,853,0,2046,3733
854,854,0,2046,3388
855,855,0,2046,2963
856,856,0,2046,2482
857,857,0,2046,1976
858,858,0,2047,1473
859,859,0,2046,1004
860,860,0,2046,596
861,861,0,2046,274
862,862,0,2047,56
863,863,0,2046,0
864,864,0,2046,0
865,865,0,2046,126
866,866,0,2046,387
867,867,0,2047,743
868,868,0,2046,1178
869,869,0,2046,1664
870,870,0,2046,2171
871,871,0,2046,2671
872,872,0,2046,3134
873,873,0,2046,3531
874,874,0,2047,3840
875,875,0,2047,4042
876,876,0,2046,4095
877,877,0,2046,4083
878,878,0,2046,3921
879,879,0,2047,3646
880,880,0,2046,3275
881,881,0,2047,2833
882,882,0,2046,2342
883,883,0,2046,1834
884,884,0,2046,1337
885,885,0,2046,882
886,886,0,2047,497
887,887,0,2046,202
888,888,0,2047,16
889,889,0,2046,0
890,890,0,2047,9
891,891,0,2047,188
892,892,0,2046,477
893,893,0,2046,859
894,894,0,2047,1310
895,895,0,2046,1805
896,896,0,2046,2314
897,897,0,2047,2806
898,898,0,2046,3253
899,899,0,2047,3628
900,900,0,2046,3908
901,901,0,2046,4077
902,902,0,2046,4095
903,903,0,2046,4050
904,904,0,2046,3855
905,905,0,2046,3551
906,906,0,2047,3159
907,907,0,2047,2699
908,908,0,2047,2200
909,909,0,2047,1693
910,910,0,2047,1205
911,911,0,2047,767
912,912,0,2047,403
913,913,0,2046,139
914,914,0,2046,0
915,915,0,2046,0
916,916,0,2047,48
917,917,0,2046,258
918,918,0,2046,575
919,919,0,2046,979
920,920,0,2046,1445
921,921,0,2046,1947
922,922,0,2047,2454
923,923,0,2046,2937
924,924,0,2046,3366
925,925,0,2047,3717
926,926,0,2046,3968
927,927,0,2047,4095
928,928,0,2046,4095
929,929,0,2046,4007
930,930,0,2047,3779
931,931,0,2047,3450
932,932,0,2046,3036
933,933,0,2046,2563
934,934,0,2046,2058
935,935,0,2046,1552
936,936,0,2047,1076
937,937,0,2046,656
938,938,0,2047,319
939,939,0,2047,84
940,940,0,2047,0
941,941,0,2046,0
942,942,0,2046,95
943,943,0,2047,338
944,944,0,2047,680
945,945,0,2046,1104
946,946,0,2046,1583
947,947,0,2046,2089
948,948,0,2047,2593
949,949,0,2047,3063
950,950,0,2046,3473
951,951,0,2046,3797
952,952,0,2047,4017
953,953,0,2046,4095
954,954,0,2046,4095
955,955,0,2047,3954
956,956,0,2046,3698
957,957,0,2047,3341
958,958,0,2047,2908
959,959,0,2046,2423
960,960,0,2047,1915
961,961,0,2046,1415
962,962,0,2046,952
963,963,0,2047,553
964,964,0,2047,242
965,965,0,2046,38
966,966,0,2047,0
967,967,0,2046,0
968,968,0,2046,151
969,969,0,2047,424
970,970,0,2046,792
971,971,0,2046,1233
972,972,0,2047,1724
973,973,0,2046,2232
974,974,0,2046,2730
975,975,0,2047,3186
976,976,0,2046,3573
977,977,0,2046,3870
978,978,0,2047,4058
979,979,0,2047,4095
980,980,0,2047,4070
981,981,0,2046,3893
982,982,0,2046,3606
983,983,0,2047,3227
984,984,0,2046,2776
985,985,0,2046,2283
986,986,0,2047,1774
987,987,0,2046,1281
988,988,0,2046,833
989,989,0,2046,456
990,990,0,2047,173
991,991,0,2046,2
992,992,0,2046,0
993,993,0,2046,25
994,994,0,2046,217
995,995,0,2046,518
996,996,0,2046,909
997,997,0,2047,1367
998,998,0,2047,1866
999,999,0,2047,2373
1000,1000,0,2047,2862
1001,1001,0,2047,3301
1002,1002,0,2047,3667
1003,1003,0,2046,3934
1004,1004,0,2046,4089
1005,1005,0,2046,4095
1006,1006,0,2047,4033
1007,1007,0,2046,3824
1008,1008,0,2047,3510
1009,1009,0,2047,3107
1010,1010,0,2047,2641
1011,1011,0,2046,2140
1012,1012,0,2047,1632
1013,1013,0,2047,1150
1014,1014,0,2046,719
1015,1015,0,2047,367
1016,1016,0,2046,114
1017,1017,0,2047,0
1018,1018,0,2046,0
1019,1019,0,2046,67
1020,1020,0,2046,291
1021,1021,0,2046,619
1022,1022,0,2047,1032
1023,1023,0,2047,1504
1024,1024,0,2046,2008
1025,1025,0,2046,2513
1026,1026,0,2046,2991
1027,1027,0,2047,3412
1028,1028,0,2047,3752
1029,1029,0,2047,3989
1030,1030,0,2046,4095
1031,1031,0,2046,4095
1032,1032,0,2046,3986
1033,1033,0,2046,3745
1034,1034,0,2046,3404
1035,1035,0,2047,2981
1036,1036,0,2046,2503
1037,1037,0,2046,1997
1038,1038,0,2047,1493
1039,1039,0,2046,1022
1040,1040,0,2047,612
1041,1041,0,2046,286
1042,1042,0,2047,63
1043,1043,0,2047,0
1044,1044,0,2046,0
1045,1045,0,2046,118
1046,1046,0,2047,373
1047,1047,0,2046,727
1048,1048,0,2046,1159
1049,1049,0,2046,1643
1050,1050,0,2046,2151
1051,1051,0,2046,2651
1052,1052,0,2047,3115
1053,1053,0,2046,3517
1054,1054,0,2046,3830
1055,1055,0,2047,4036
1056,1056,0,2047,4095
1057,1057,0,2047,4087
1058,1058,0,2047,3930
1059,1059,0,2047,3659
1060,1060,0,2046,3293
1061,1061,0,2047,2852
1062,1062,0,2046,2363
1063,1063,0,2046,1855
1064,1064,0,2047,1357
1065,1065,0,2047,900
1066,1066,0,2046,511
1067,1067,0,2047,211
1068,1068,0,2047,22
1069,1069,0,2046,0
1070,1070,0,2047,4
1071,1071,0,2046,179
1072,1072,0,2046,463
1073,1073,0,2046,841
1074,1074,0,2046,1290
1075,1075,0,2046,1783
1076,1076,0,2047,2293
1077,1077,0,2047,2787
1078,1078,0,2046,3236
1079,1079,0,2046,3613
1080,1080,0,2047,3898
1081,1081,0,2046,4073
1082,1082,0,2046,4095
1083,1083,0,2046,4055
1084,1084,0,2046,3865
1085,1085,0,2047,3566
1086,1086,0,2047,3176
1087,1087,0,2046,2719
1088,1088,0,2047,2221
1089,1089,0,2046,1713
1090,1090,0,2046,1224
1091,1091,0,2047,784
1092,1092,0,2046,417
1093,1093,0,2047,147
1094,1094,0,2046,0
1095,1095,0,2046,0
1096,1096,0,2047,41
1097,1097,0,2046,247
1098,1098,0,2046,560
1099,1099,0,2047,961
1100,1100,0,2047,1425
1101,1101,0,2045,1926
1102,1102,0,2046,2434
1103,1103,0,2046,2917
1104,1104,0,2047,3349
1105,1105,0,2046,3704
1106,1106,0,2046,3959
1107,1107,0,2046,4095
1108,1108,0,2046,4095
1109,1109,0,2046,4014
1110,1110,0,2046,3791
1111,1111,0,2046,3466
1112,1112,0,2046,3054
1113,1113,0,2046,2583
1114,1114,0,2046,2079
1115,1115,0,2046,1573
1116,1116,0,2046,1095
1117,1117,0,2047,673
1118,1118,0,2046,332
1119,1119,0,2047,91
1120,1120,0,2046,0
1121,1121,0,2047,0
1122,1122,0,2046,87
1123,1123,0,2046,325
1124,1124,0,2046,664
1125,1125,0,2046,1086
1126,1126,0,2047,1563
1127,1127,0,2046,2069
1128,1128,0,2046,2573
1129,1129,0,2046,3045
1130,1130,0,2046,3457
1131,1131,0,2047,3785
1132,1132,0,2046,4011
1133,1133,0,2047,4095
1134,1134,0,2047,4095
1135,1135,0,2046,3963
1136,1136,0,2047,3709
1137,1137,0,2047,3357
1138,1138,0,2046,2927
1139,1139,0,2046,2444
1140,1140,0,2047,1937
1141,1141,0,2046,1436
1142,1142,0,2047,970
1143,1143,0,2046,568
1144,1144,0,2046,253
1145,1145,0,2046,44
1146,1146,0,2046,0
1147,1147,0,2047,0
1148,1148,0,2046,143
1149,1149,0,2046,410
1150,1150,0,2047,775
1151,1151,0,2047,1214
1152,1152,0,2047,1703
1153,1153,0,2046,2211
1154,1154,0,2047,2709
1155,1155,0,2047,3168
1156,1156,0,2047,3559
1157,1157,0,2046,3860
1158,1158,0,2047,4053
1159,1159,0,2046,4095
1160,1160,0,2046,4075
1161,1161,0,2047,3904
1162,1162,0,2047,3620
1163,1163,0,2046,3244
1164,1164,0,2046,2797
1165,1165,0,2047,2303
1166,1166,0,2047,1795
1167,1167,0,2047,1301
1168,1168,0,2047,850
1169,1169,0,2046,470
1170,1170,0,2046,183
1171,1171,0,2046,7
1172,1172,0,2046,0
1173,1173,0,2046,19
1174,1174,0,2046,207
1175,1175,0,2046,503
1176,1176,0,2046,891
1177,1177,0,2046,1347
1178,1178,0,2047,1844
1179,1179,0,2046,2353
1180,1180,0,2047,2842
1181,1181,0,2047,3285
1182,1182,0,2046,3653
1183,1183,0,2046,3926
1184,1184,0,2047,4086
1185,1185,0,2047,4095
1186,1186,0,2046,4039
1187,1187,0,2047,3835
1188,1188,0,2047,3524
1189,1189,0,2047,3125
1190,1190,0,2046,2662
1191,1191,0,2046,2161
1192,1192,0,2046,1654
1193,1193,0,2047,1169
1194,1194,0,2047,736
1195,1195,0,2047,379
1196,1196,0,2046,122
1197,1197,0,2047,0
1198,1198,0,2046,0
1199,1199,0,2047,59
1200,1200,0,2046,279
1201,1201,0,2047,603
1202,1202,0,2046,1013
1203,1203,0,2046,1483
1204,1204,0,2045,1986
1205,1205,0,2047,2493
1206,1206,0,2047,2972
1207,1207,0,2047,3396
1208,1208,0,2046,3740
1209,1209,0,2047,3981
1210,1210,0,2046,4095
1211,1211,0,2046,4095
1212,1212,0,2047,3994
1213,1213,0,2046,3758
1214,1214,0,2046,3420
1215,1215,0,2046,3001
1216,1216,0,2046,2525
1217,1217,0,2047,2019
1218,1218,0,2046,1515
1219,1219,0,2046,1041
1220,1220,0,2047,627
1221,1221,0,2046,298
1222,1222,0,2047,70
1223,1223,0,2046,0
1224,1224,0,2046,0
1225,1225,0,2046,110
1226,1226,0,2046,360
1227,1227,0,2046,710
1228,1228,0,2047,1139
1229,1229,0,2047,1622
1230,1230,0,2046,2129
1231,1231,0,2047,2631
1232,1232,0,2046,3097
1233,1233,0,2046,3502
1234,1234,0,2046,3818
1235,1235,0,2046,4029
1236,1236,0,2046,4095
1237,1237,0,2046,4092
1238,1238,0,2046,3938
1239,1239,0,2046,3672
1240,1240,0,2047,3310
1241,1241,0,2046,2872
1242,1242,0,2046,2384
1243,1243,0,2046,1875
1244,1244,0,2047,1377
1245,1245,0,2046,918
1246,1246,0,2047,525
1247,1247,0,2046,222
1248,1248,0,2047,28
1249,1249,0,2046,0
1250,1250,0,2046,0
1251,1251,0,2046,169
1252,1252,0,2046,449
1253,1253,0,2046,824
1254,1254,0,2046,1270
1255,1255,0,2046,1763
1256,1256,0,2046,2272
1257,1257,0,2047,2767
1258,1258,0,2046,3218
1259,1259,0,2046,3600
1260,1260,0,2046,3888
1261,1261,0,2046,4068
1262,1262,0,2046,4095
1263,1263,0,2046,4062
1264,1264,0,2046,3876
1265,1265,0,2046,3580
1266,1266,0,2046,3194
1267,1267,0,2047,2739
1268,1268,0,2047,2243
1269,1269,0,2046,1734
1270,1270,0,2046,1244
1271,1271,0,2046,801
1272,1272,0,2047,431
1273,1273,0,2046,156
1274,1274,0,2047,0
1275,1275,0,2047,0
1276,1276,0,2046,35
1277,1277,0,2046,236
1278,1278,0,2047,545
1279,1279,0,2046,942
1280,1280,0,2046,1405
1281,1281,0,2046,1905
1282,1282,0,2046,2412
1283,1283,0,2046,2898
1284,1284,0,2046,3333
1285,1285,0,2046,3691
1286,1286,0,2046,3950
1287,1287,0,2046,4095
1288,1288,0,2046,4095
1289,1289,0,2046,4021
1290,1290,0,2046,3803
1291,1291,0,2046,3481
1292,1292,0,2046,3073
1293,1293,0,2047,2604
1294,1294,0,2046,2100
1295,1295,0,2047,1594
1296,1296,0,2047,1115
1297,1297,0,2046,689
1298,1298,0,2046,344
1299,1299,0,2046,98
1300,1300,0,2046,0
1301,1301,0,2046,0
1302,1302,0,2046,79
1303,1303,0,2046,313
1304,1304,0,2047,648
1305,1305,0,2046,1067
1306,1306,0,2046,1542
1307,1307,0,2046,2047
1308,1308,0,2047,2552
1309,1309,0,2046,3027
1310,1310,0,2047,3442
1311,1311,0,2047,3774
1312,1312,0,2046,4003
1313,1313,0,2046,4095
1314,1314,0,2046,4095
1315,1315,0,2047,3972
1316,1316,0,2046,3722
1317,1317,0,2046,3374
1318,1318,0,2047,2946
1319,1319,0,2046,2465
1320,1320,0,2046,1958
1321,1321,0,2046,1455
1322,1322,0,2046,988
1323,1323,0,2046,584
1324,1324,0,2047,264
1325,1325,0,2046,51
1326,1326,0,2047,0
1327,1327,0,2046,0
1328,1328,0,2047,133
1329,1329,0,2046,397
1330,1330,0,2047,758
1331,1331,0,2047,1195
1332,1332,0,2046,1682
1333,1333,0,2046,2191
1334,1334,0,2047,2690
1335,1335,0,2047,3149
1336,1336,0,2047,3544
1337,1337,0,2047,3849
1338,1338,0,2047,4046
1339,1339,0,2046,4095
1340,1340,0,2047,4080
1341,1341,0,2047,3913
1342,1342,0,2046,3634
1343,1343,0,2046,3262
1344,1344,0,2047,2816
1345,1345,0,2046,2324
1346,1346,0,2047,1816
1347,1347,0,2047,1320
1348,1348,0,2047,867
1349,1349,0,2047,484
1350,1350,0,2046,193
1351,1351,0,2046,11
1352,1352,0,2046,0
1353,1353,0,2047,14
1354,1354,0,2046,197
1355,1355,0,2047,488
1356,1356,0,2046,874
1357,1357,0,2046,1327
1358,1358,0,2046,1823
1359,1359,0,2046,2331
1360,1360,0,2047,2823
1361,1361,0,2046,3267
1362,1362,0,2046,3639
1363,1363,0,2046,3916
1364,1364,0,2046,4082
1365,1365,0,2046,4095
1366,1366,0,2047,4045
1367,1367,0,2047,3845
1368,1368,0,2046,3539
1369,1369,0,2046,3143
1370,1370,0,2046,2682
1371,1371,0,2046,2182
1372,1372,0,2046,1675
1373,1373,0,2046,1188
1374,1374,0,2046,752
1375,1375,0,2046,393
1376,1376,0,2047,130
1377,1377,0,2047,0
1378,1378,0,2046,0
1379,1379,0,2046,52
1380,1380,0,2047,268
1381,1381,0,2046,588
1382,1382,0,2046,994
1383,1383,0,2046,1463
1384,1384,0,2046,1966
1385,1385,0,2047,2472
1386,1386,0,2047,2953
1387,1387,0,2046,3380
1388,1388,0,2046,3727
1389,1389,0,2046,3974
1390,1390,0,2046,4095
1391,1391,0,2046,4095
1392,1392,0,2047,4001
1393,1393,0,2046,3770
1394,1394,0,2046,3437
1395,1395,0,2046,3020
1396,1396,0,2047,2545
1397,1397,0,2046,2040
1398,1398,0,2047,1535
1399,1399,0,2046,1060
1400,1400,0,2046,643
1401,1401,0,2047,309
1402,1402,0,2047,77
1403,1403,0,2047,0
1404,1404,0,2046,0
1405,1405,0,2047,102
1406,1406,0,2047,349
1407,1407,0,2047,694
1408,1408,0,2046,1120
1409,1409,0,2047,1601
1410,1410,0,2046,2108
1411,1411,0,2046,2610
1412,1412,0,2046,3079
1413,1413,0,2046,3486
1414,1414,0,2046,3807
1415,1415,0,2047,4024
1416,1416,0,2046,4095
1417,1417,0,2045,4095
1418,1418,0,2046,3947
1419,1419,0,2046,3686
1420,1420,0,2047,3327
1421,1421,0,2046,2892
1422,1422,0,2047,2405
1423,1423,0,2046,1898
1424,1424,0,2046,1397
1425,1425,0,2046,936
1426,1426,0,2046,540
1427,1427,0,2046,233
1428,1428,0,2046,33
1429,1429,0,2047,0
1430,1430,0,2046,0
1431,1431,0,2047,160
1432,1432,0,2046,436
1433,1433,0,2046,807
1434,1434,0,2046,1251
1435,1435,0,2047,1741
1436,1436,0,2047,2250
1437,1437,0,2046,2746
1438,1438,0,2047,3201
1439,1439,0,2046,3585
1440,1440,0,2046,3879
1441,1441,0,2046,4062
1442,1442,0,2047,4095
1443,1443,0,2046,4066
1444,1444,0,2046,3885
1445,1445,0,2046,3595
1446,1446,0,2046,3212
1447,1447,0,2046,2760
1448,1448,0,2046,2264
1449,1449,0,2046,1755
1450,1450,0,2046,1263
1451,1451,0,2047,817
1452,1452,0,2046,445
1453,1453,0,2046,166
1454,1454,0,2046,0
1455,1455,0,2046,0
1456,1456,0,2047,29
1457,1457,0,2047,226
1458,1458,0,2046,530
1459,1459,0,2046,924
1460,1460,0,2047,1384
1461,1461,0,2047,1883
1462,1462,0,2047,2391
1463,1463,0,2046,2878
1464,1464,0,2046,3317
1465,1465,0,2047,3678
1466,1466,0,2047,3942
1467,1467,0,2046,4094
1468,1468,0,2046,4095
1469,1469,0,2046,4027
1470,1470,0,2046,3815
1471,1471,0,2046,3496
1472,1472,0,2047,3091
1473,1473,0,2046,2624
1474,1474,0,2046,2121
1475,1475,0,2047,1614
1476,1476,0,2046,1133
1477,1477,0,2047,705
1478,1478,0,2047,356
1479,1479,0,2047,107
1480,1480,0,2046,0
1481,1481,0,2047,0
1482,1482,0,2046,72
1483,1483,0,2046,301
1484,1484,0,2046,633
1485,1485,0,2047,1048
1486,1486,0,2046,1521
1487,1487,0,2047,2026
1488,1488,0,2046,2531
1489,1489,0,2046,3008
1490,1490,0,2045,3426
1491,1491,0,2046,3762
1492,1492,0,2046,3996
1493,1493,0,2046,4095
1494,1494,0,2047,4095
1495,1495,0,2046,3979
1496,1496,0,2046,3735
1497,1497,0,2046,3390
1498,1498,0,2046,2966
1499,1499,0,2046,2486
1500,1500,0,2045,1979
1501,1501,0,2047,1476
1502,1502,0,2046,1007
1503,1503,0,2046,599
1504,1504,0,2046,275
1505,1505,0,2047,57
1506,1506,0,2047,0
1507,1507,0,2047,0
1508,1508,0,2046,125
1509,1509,0,2046,385
1510,1510,0,2046,741
1511,1511,0,2047,1175
1512,1512,0,2046,1660
1513,1513,0,2046,2168
1514,1514,0,2046,2668
1515,1515,0,2046,3131
1516,1516,0,2046,3528
1517,1517,0,2046,3839
1518,1518,0,2047,4041
1519,1519,0,2047,4095
1520,1520,0,2046,4084
1521,1521,0,2046,3921
1522,1522,0,2046,3647
1523,1523,0,2047,3279
1524,1524,0,2046,2836
1525,1525,0,2046,2345
1526,1526,0,2046,1836
1527,1527,0,2047,1340
1528,1528,0,2046,885
1529,1529,0,2047,499
1530,1530,0,2047,203
1531,1531,0,2046,17
1532,1532,0,2046,0
1533,1533,0,2047,8
1534,1534,0,2047,186
1535,1535,0,2046,475
1536,1536,0,2047,856
1537,1537,0,2046,1307
1538,1538,0,2047,1802
1539,1539,0,2046,2311
1540,1540,0,2046,2803
1541,1541,0,2046,3251
1542,1542,0,2046,3626
1543,1543,0,2046,3907
1544,1544,0,2047,4077
1545,1545,0,2046,4095
1546,1546,0,2046,4050
1547,1547,0,2046,3856
1548,1548,0,2046,3554
1549,1549,0,2046,3160
1550,1550,0,2046,2702
1551,1551,0,2046,2203
1552,1552,0,2047,1696
1553,1553,0,2046,1207
1554,1554,0,2047,770
1555,1555,0,2047,405
1556,1556,0,2046,140
1557,1557,0,2047,0
1558,1558,0,2047,0
1559,1559,0,2047,46
1560,1560,0,2046,256
1561,1561,0,2047,573
1562,1562,0,2047,975
1563,1563,0,2046,1442
1564,1564,0,2046,1945
1565,1565,0,2046,2452
1566,1566,0,2046,2934
1567,1567,0,2046,3363
1568,1568,0,2047,3714
1569,1569,0,2047,3966
1570,1570,0,2046,4095
1571,1571,0,2046,4095
1572,1572,0,2046,4008
1573,1573,0,2046,3782
1574,1574,0,2046,3452
1575,1575,0,2047,3038
1576,1576,0,2046,2565
1577,1577,0,2047,2061
1578,1578,0,2046,1555
1579,1579,0,2047,1079
1580,1580,0,2046,659
1581,1581,0,2047,321
1582,1582,0,2047,84
1583,1583,0,2046,0
1584,1584,0,2047,0
1585,1585,0,2047,94
1586,1586,0,2047,336
1587,1587,0,2047,677
1588,1588,0,2047,1102
1589,1589,0,2046,1580
1590,1590,0,2046,2087
1591,1591,0,2046,2590
1592,1592,0,2046,3061
1593,1593,0,2045,3471
1594,1594,0,2047,3796
1595,1595,0,2047,4017
1596,1596,0,2046,4095
1597,1597,0,2046,4095
1598,1598,0,2046,3956
1599,1599,0,2046,3699
1600,1600,0,2047,3343
1601,1601,0,2046,2911
1602,1602,0,2046,2426
1603,1603,0,2046,1918
1604,1604,0,2046,1419
1605,1605,0,2046,955
1606,1606,0,2046,555
1607,1607,0,2046,244
1608,1608,0,2047,39
1609,1609,0,2047,0
1610,1610,0,2047,0
1611,1611,0,2047,150
1612,1612,0,2047,421
1613,1613,0,2047,789
1614,1614,0,2046,1231
1615,1615,0,2046,1721
1616,1616,0,2046,2229
1617,1617,0,2047,2726
1618,1618,0,2046,3183
1619,1619,0,2046,3571
1620,1620,0,2046,3869
1621,1621,0,2047,4057
1622,1622,0,2046,4095
1623,1623,0,2047,4072
1624,1624,0,2047,3895
1625,1625,0,2047,3608
1626,1626,0,2047,3229
1627,1627,0,2046,2780
1628,1628,0,2047,2285
1629,1629,0,2046,1776
1630,1630,0,2046,1283
1631,1631,0,2046,834
1632,1632,0,2046,459
1633,1633,0,2046,175
1634,1634,0,2047,3
1635,1635,0,2047,0
1636,1636,0,2046,23
1637,1637,0,2046,215
1638,1638,0,2046,516
1639,1639,0,2047,907
1640,1640,0,2047,1364
1641,1641,0,2046,1862
1642,1642,0,2046,2370
1643,1643,0,2047,2860
1644,1644,0,2046,3300
1645,1645,0,2046,3665
1646,1646,0,2046,3933
1647,1647,0,2046,4089
1648,1648,0,2046,4095
1649,1649,0,2047,4034
1650,1650,0,2046,3826
1651,1651,0,2047,3511
1652,1652,0,2046,3109
1653,1653,0,2047,2645
1654,1654,0,2046,2143
1655,1655,0,2046,1635
1656,1656,0,2047,1152
1657,1657,0,2047,722
1658,1658,0,2047,369
1659,1659,0,2046,115
1660,1660,0,2046,0
1661,1661,0,2046,0
1662,1662,0,2046,65
1663,1663,0,2047,289
1664,1664,0,2046,617
1665,1665,0,2047,1028
1666,1666,0,2046,1501
1667,1667,0,2047,2005
1668,1668,0,2047,2512
1669,1669,0,2047,2989
1670,1670,0,2047,3410
1671,1671,0,2047,3750
1672,1672,0,2047,3989
1673,1673,0,2046,4095
1674,1674,0,2047,4095
1675,1675,0,2046,3987
1676,1676,0,2047,3748
1677,1677,0,2046,3406
1678,1678,0,2047,2985
1679,1679,0,2046,2506
1680,1680,0,2046,2001
1681,1681,0,2047,1496
1682,1682,0,2047,1025
1683,1683,0,2046,614
1684,1684,0,2046,287
1685,1685,0,2046,63
1686,1686,0,2046,0
1687,1687,0,2046,0
1688,1688,0,2047,117
1689,1689,0,2047,371
1690,1690,0,2047,725
1691,1691,0,2047,1156
1692,1692,0,2046,1640
1693,1693,0,2047,2148
1694,1694,0,2047,2648
1695,1695,0,2046,3114
1696,1696,0,2046,3514
1697,1697,0,2046,3828
1698,1698,0,2047,4035
1699,1699,0,2046,4095
1700,1700,0,2046,4089
1701,1701,0,2046,3931
1702,1702,0,2047,3662
1703,1703,0,2046,3296
1704,1704,0,2047,2855
1705,1705,0,2047,2367
1706,1706,0,2047,1858
1707,1707,0,2047,1360
1708,1708,0,2046,903
1709,1709,0,2046,513
1710,1710,0,2046,213
1711,1711,0,2046,22
1712,1712,0,2046,0
1713,1713,0,2046,3
1714,1714,0,2046,177
1715,1715,0,2046,461
1716,1716,0,2047,839
1717,1717,0,2047,1287
1718,1718,0,2046,1781
1719,1719,0,2046,2290
1720,1720,0,2046,2783
1721,1721,0,2046,3233
1722,1722,0,2046,3613
1723,1723,0,2046,3897
1724,1724,0,2046,4073
1725,1725,0,2046,4095
1726,1726,0,2046,4056
1727,1727,0,2046,3867
1728,1728,0,2046,3567
1729,1729,0,2046,3178
1730,1730,0,2046,2722
1731,1731,0,2047,2225
1732,1732,0,2046,1716
1733,1733,0,2047,1227
1734,1734,0,2046,786
1735,1735,0,2046,419
1736,1736,0,2047,149
1737,1737,0,2046,0
1738,1738,0,2047,0
1739,1739,0,2047,40
1740,1740,0,2046,246
1741,1741,0,2046,558
1742,1742,0,2047,958
1743,1743,0,2047,1422
1744,1744,0,2046,1923
1745,1745,0,2047,2430
1746,1746,0,2047,2914
1747,1747,0,2046,3347
1748,1748,0,2046,3702
1749,1749,0,2046,3958
1750,1750,0,2046,4095
1751,1751,0,2046,4095
1752,1752,0,2046,4015
1753,1753,0,2047,3793
1754,1754,0,2046,3467
1755,1755,0,2046,3056
1756,1756,0,2046,2586
1757,1757,0,2046,2082
1758,1758,0,2046,1576
1759,1759,0,2046,1098
1760,1760,0,2046,675
1761,1761,0,2046,333
1762,1762,0,2047,92
1763,1763,0,2046,0
1764,1764,0,2046,0
1765,1765,0,2047,86
1766,1766,0,2046,323
1767,1767,0,2046,662
1768,1768,0,2046,1083
1769,1769,0,2047,1559
1770,1770,0,2046,2066
1771,1771,0,2046,2570
1772,1772,0,2046,3042
1773,1773,0,2046,3455
1774,1774,0,2045,3785
1775,1775,0,2046,4010
1776,1776,0,2046,4095
1777,1777,0,2046,4095
1778,1778,0,2047,3964
1779,1779,0,2047,3712
1780,1780,0,2046,3360
1781,1781,0,2046,2930
1782,1782,0,2046,2447
1783,1783,0,2046,1940
1784,1784,0,2047,1438
1785,1785,0,2046,973
1786,1786,0,2047,570
1787,1787,0,2047,254
1788,1788,0,2047,46
1789,1789,0,2046,0
1790,1790,0,2046,0
1791,1791,0,2047,142
1792,1792,0,2046,409
1793,1793,0,2046,773
1794,1794,0,2046,1211
1795,1795,0,2047,1700
1796,1796,0,2046,2208
1797,1797,0,2047,2707
1798,1798,0,2046,3165
1799,1799,0,2046,3557
1800,1800,0,2046,3859
1801,1801,0,2047,4052
1802,1802,0,2047,4095
1803,1803,0,2047,4075
1804,1804,0,2047,3904
1805,1805,0,2046,3623
1806,1806,0,2046,3246
1807,1807,0,2046,2799
1808,1808,0,2047,2306
1809,1809,0,2046,1797
1810,1810,0,2047,1303
1811,1811,0,2046,853
1812,1812,0,2046,472
1813,1813,0,2046,185
1814,1814,0,2046,7
1815,1815,0,2047,0
1816,1816,0,2047,18
1817,1817,0,2047,205
1818,1818,0,2047,501
1819,1819,0,2047,889
1820,1820,0,2047,1344
1821,1821,0,2046,1841
1822,1822,0,2046,2350
1823,1823,0,2046,2840
1824,1824,0,2046,3282
1825,1825,0,2047,3651
1826,1826,0,2047,3925
1827,1827,0,2046,4085
1828,1828,0,2047,4095
1829,1829,0,2046,4040
1830,1830,0,2047,3837
1831,1831,0,2046,3526
1832,1832,0,2047,3127
1833,1833,0,2046,2665
1834,1834,0,2047,2164
1835,1835,0,2046,1656
1836,1836,0,2046,1171
1837,1837,0,2046,738
1838,1838,0,2047,381
1839,1839,0,2047,124
1840,1840,0,2046,0
1841,1841,0,2047,0
1842,1842,0,2046,58
1843,1843,0,2047,277
1844,1844,0,2047,601
1845,1845,0,2046,1010
1846,1846,0,2047,1481
1847,1847,0,2047,1984
1848,1848,0,2046,2490
1849,1849,0,2046,2969
1850,1850,0,2047,3393
1851,1851,0,2047,3738
1852,1852,0,2046,3980
1853,1853,0,2046,4095
1854,1854,0,2046,4095
1855,1855,0,2047,3995
1856,1856,0,2046,3760
1857,1857,0,2046,3423
1858,1858,0,2046,3003
1859,1859,0,2046,2527
1860,1860,0,2046,2022
1861,1861,0,2046,1517
1862,1862,0,2047,1044
1863,1863,0,2046,630
1864,1864,0,2047,299
1865,1865,0,2046,71
1866,1866,0,2046,0
1867,1867,0,2046,0
1868,1868,0,2046,108
1869,1869,0,2046,359
1870,1870,0,2047,707
1871,1871,0,2047,1136
1872,1872,0,2046,1619
1873,1873,0,2046,2126
1874,1874,0,2046,2628
1875,1875,0,2046,3094
1876,1876,0,2046,3499
1877,1877,0,2047,3817
1878,1878,0,2046,4028
1879,1879,0,2047,4095
1880,1880,0,2046,4092
1881,1881,0,2046,3940
1882,1882,0,2046,3675
1883,1883,0,2046,3313
1884,1884,0,2046,2875
1885,1885,0,2046,2386
1886,1886,0,2046,1879
1887,1887,0,2046,1380
1888,1888,0,2047,920
1889,1889,0,2046,528
1890,1890,0,2046,224
1891,1891,0,2047,28
1892,1892,0,2047,0
1893,1893,0,2046,0
1894,1894,0,2047,168
1895,1895,0,2046,447
1896,1896,0,2047,822
1897,1897,0,2047,1267
1898,1898,0,2046,1759
1899,1899,0,2047,2268
1900,1900,0,2047,2764
1901,1901,0,2047,3216
1902,1902,0,2046,3598
1903,1903,0,2046,3888
1904,1904,0,2047,4068
1905,1905,0,2047,4095
1906,1906,0,2047,4062
1907,1907,0,2046,3878
1908,1908,0,2046,3582
1909,1909,0,2046,3197
1910,1910,0,2047,2742
1911,1911,0,2046,2246
1912,1912,0,2047,1738
1913,1913,0,2047,1247
1914,1914,0,2046,803
1915,1915,0,2046,432
1916,1916,0,2047,157
1917,1917,0,2047,0
1918,1918,0,2047,0
1919,1919,0,2046,34
1920,1920,0,2046,235
1921,1921,0,2047,543
1922,1922,0,2047,939
1923,1923,0,2046,1402
1924,1924,0,2046,1902
1925,1925,0,2046,2410
1926,1926,0,2046,2896
1927,1927,0,2047,3330
1928,1928,0,2046,3689
1929,1929,0,2047,3949
1930,1930,0,2046,4095
1931,1931,0,2046,4095
1932,1932,0,2045,4022
1933,1933,0,2046,3805
1934,1934,0,2046,3483
1935,1935,0,2047,3076
1936,1936,0,2046,2606
1937,1937,0,2046,2103
1938,1938,0,2046,1597
1939,1939,0,2046,1117
1940,1940,0,2047,690
1941,1941,0,2046,345
1942,1942,0,2046,100
1943,1943,0,2046,0
1944,1944,0,2047,0
1945,1945,0,2046,79
1946,1946,0,2046,312
1947,1947,0,2046,647
1948,1948,0,2047,1064
1949,1949,0,2046,1539
1950,1950,0,2046,2044
1951,1951,0,2046,2549
1952,1952,0,2046,3023
1953,1953,0,2047,3440
1954,1954,0,2046,3772
1955,1955,0,2047,4002
1956,1956,0,2046,4095
1957,1957,0,2046,4095
1958,1958,0,2047,3973
1959,1959,0,2046,3724
1960,1960,0,2046,3376
1961,1961,0,2046,2950
1962,1962,0,2046,2468
1963,1963,0,2046,1961
1964,1964,0,2046,1459
1965,1965,0,2046,991
1966,1966,0,2047,585
1967,1967,0,2047,266
1968,1968,0,2047,52
1969,1969,0,2047,0
1970,1970,0,2046,0
1971,1971,0,2046,132
1972,1972,0,2047,395
1973,1973,0,2046,755
1974,1974,0,2047,1192
1975,1975,0,2046,1678
1976,1976,0,2046,2188
1977,1977,0,2046,2686
1978,1978,0,2046,3146
1979,1979,0,2047,3542
1980,1980,0,2046,3848
1981,1981,0,2046,4046
1982,1982,0,2046,4095
1983,1983,0,2046,4080
1984,1984,0,2046,3914
1985,1985,0,2047,3637
1986,1986,0,2046,3264
1987,1987,0,2046,2819
1988,1988,0,2046,2328
1989,1989,0,2046,1818
1990,1990,0,2046,1323
1991,1991,0,2046,870
1992,1992,0,2047,486
1993,1993,0,2046,195
1994,1994,0,2045,13
1995,1995,0,2046,0
1996,1996,0,2046,13
1997,1997,0,2046,195
1998,1998,0,2046,487
1999,1999,0,2046,871
2000,2000,0,2046,1324
2001,2001,0,2046,1820
2002,2002,0,2046,2329
2003,2003,0,2046,2820
2004,2004,0,2046,3265
2005,2005,0,2047,3638
2006,2006,0,2047,3914
2007,2007,0,2047,4081
2008,2008,0,2046,4095
2009,2009,0,2046,4045
2010,2010,0,2046,3847
2011,2011,0,2046,3541
2012,2012,0,2046,3145
2013,2013,0,2046,2685
2014,2014,0,2046,2185
2015,2015,0,2046,1677
2016,2016,0,2046,1191
2017,2017,0,2046,754
2018,2018,0,2046,394
2019,2019,0,2047,131
2020,2020,0,2047,0
2021,2021,0,2046,0
2022,2022,0,2046,52
2023,2023,0,2046,267
2024,2024,0,2046,586
2025,2025,0,2046,992
2026,2026,0,2046,1460
2027,2027,0,2047,1962
2028,2028,0,2046,2469
2029,2029,0,2046,2951
2030,2030,0,2046,3378
2031,2031,0,2046,3726
2032,2032,0,2046,3974
2033,2033,0,2046,4095
2034,2034,0,2046,4095
2035,2035,0,2046,4001
2036,2036,0,2046,3771
2037,2037,0,2046,3438
2038,2038,0,2046,3022
2039,2039,0,2046,2548
2040,2040,0,2046,2043
2041,2041,0,2046,1538
2042,2042,0,2047,1062
2043,2043,0,2047,645
2044,2044,0,2046,311
2045,2045,0,2046,79
2046,2046,0,2046,0
2047,2047,0,2046,0
2048,2048,0,2047,102
2049,2049,0,2046,346
2050,2050,0,2046,691
2051,2051,0,2046,1118
2052,2052,0,2046,1598
2053,2053,0,2046,2104
2054,2054,0,2047,2608
2055,2055,0,2046,3077
2056,2056,0,2046,3484
2057,2057,0,2047,3805
2058,2058,0,2047,4023
2059,2059,0,2047,4095
2060,2060,0,2047,4095
2061,2061,0,2046,3949
2062,2062,0,2046,3688
2063,2063,0,2046,3329
2064,2064,0,2046,2894
2065,2065,0,2046,2408
2066,2066,0,2047,1900
2067,2067,0,2047,1400
2068,2068,0,2046,940
2069,2069,0,2046,543
2070,2070,0,2046,235
2071,2071,0,2046,33
2072,2072,0,2047,0
2073,2073,0,2047,0
2074,2074,0,2047,158
2075,2075,0,2046,433
2076,2076,0,2047,804
2077,2077,0,2047,1248
2078,2078,0,2046,1739
2079,2079,0,2046,2247
2080,2080,0,2047,2743
2081,2081,0,2046,3198
2082,2082,0,2046,3584
2083,2083,0,2046,3878
2084,2084,0,2046,4062
2085,2085,0,2046,4095
2086,2086,0,2046,4067
2087,2087,0,2047,3887
2088,2088,0,2046,3597
2089,2089,0,2046,3214
2090,2090,0,2046,2762
2091,2091,0,2046,2267
2092,2092,0,2046,1758
2093,2093,0,2046,1267
2094,2094,0,2047,820
2095,2095,0,2046,447
2096,2096,0,2046,166
2097,2097,0,2047,0
2098,2098,0,2047,0
2099,2099,0,2046,28
2100,2100,0,2046,224
2101,2101,0,2046,528
2102,2102,0,2046,922
2103,2103,0,2046,1382
2104,2104,0,2046,1880
2105,2105,0,2047,2388
2106,2106,0,2047,2876
2107,2107,0,2046,3313
2108,2108,0,2047,3676
2109,2109,0,2047,3941
2110,2110,0,2046,4092
2111,2111,0,2046,4095
2112,2112,0,2046,4028
2113,2113,0,2047,3816
2114,2114,0,2047,3498
2115,2115,0,2047,3093
2116,2116,0,2046,2627
2117,2117,0,2047,2124
2118,2118,0,2046,1617
2119,2119,0,2046,1136
2120,2120,0,2046,707
2121,2121,0,2046,358
2122,2122,0,2046,108
2123,2123,0,2047,0
2124,2124,0,2046,0
2125,2125,0,2046,72
2126,2126,0,2047,299
2127,2127,0,2046,630
2128,2128,0,2046,1046
2129,2129,0,2047,1519
2130,2130,0,2047,2023
2131,2131,0,2046,2529
2132,2132,0,2046,3004
2133,2133,0,2046,3424
2134,2134,0,2047,3760
2135,2135,0,2047,3995
2136,2136,0,2046,4095
2137,2137,0,2047,4095
2138,2138,0,2047,3980
2139,2139,0,2046,3736
2140,2140,0,2046,3393
2141,2141,0,2047,2968
2142,2142,0,2046,2489
2143,2143,0,2046,1982
2144,2144,0,2046,1479
2145,2145,0,2046,1009
2146,2146,0,2046,601
2147,2147,0,2047,276
2148,2148,0,2047,58
2149,2149,0,2046,0
2150,2150,0,2046,0
2151,2151,0,2047,123
2152,2152,0,2047,383
2153,2153,0,2046,739
2154,2154,0,2046,1172
2155,2155,0,2046,1658
2156,2156,0,2046,2166
2157,2157,0,2046,2665
2158,2158,0,2047,3129
2159,2159,0,2047,3527
2160,2160,0,2046,3837
2161,2161,0,2047,4040
2162,2162,0,2046,4095
2163,2163,0,2046,4085
2164,2164,0,2046,3923
2165,2165,0,2046,3649
2166,2166,0,2047,3281
2167,2167,0,2046,2839
2168,2168,0,2047,2348
2169,2169,0,2046,1840
2170,2170,0,2046,1343
2171,2171,0,2047,888
2172,2172,0,2046,500
2173,2173,0,2046,205
2174,2174,0,2046,17
2175,2175,0,2046,0
2176,2176,0,2046,7
2177,2177,0,2046,185
2178,2178,0,2047,473
2179,2179,0,2046,853
2180,2180,0,2046,1305
2181,2181,0,2046,1799
2182,2182,0,2047,2307
2183,2183,0,2046,2801
2184,2184,0,2046,3247
2185,2185,0,2046,3624
2186,2186,0,2046,3905
2187,2187,0,2046,4076
2188,2188,0,2047,4095
2189,2189,0,2046,4051
2190,2190,0,2047,3858
2191,2191,0,2046,3555
2192,2192,0,2047,3163
2193,2193,0,2046,2705
2194,2194,0,2047,2207
2195,2195,0,2046,1698
2196,2196,0,2046,1210
2197,2197,0,2047,771
2198,2198,0,2046,407
2199,2199,0,2046,141
2200,2200,0,2046,0
2201,2201,0,2046,0
2202,2202,0,2046,45
2203,2203,0,2046,255
2204,2204,0,2046,571
2205,2205,0,2046,973
2206,2206,0,2046,1440
2207,2207,0,2047,1941
2208,2208,0,2046,2449
2209,2209,0,2046,2932
2210,2210,0,2046,3361
2211,2211,0,2046,3712
2212,2212,0,2046,3965
2213,2213,0,2047,4095
2214,2214,0,2047,4095
2215,2215,0,2046,4008
2216,2216,0,2046,3783
2217,2217,0,2046,3454
2218,2218,0,2046,3041
2219,2219,0,2047,2568
2220,2220,0,2047,2064
2221,2221,0,2046,1559
2222,2222,0,2047,1081
2223,2223,0,2047,661
2224,2224,0,2047,323
2225,2225,0,2046,86
2226,2226,0,2046,0
2227,2227,0,2046,0
2228,2228,0,2047,92
2229,2229,0,2046,333
2230,2230,0,2046,675
2231,2231,0,2046,1098
2232,2232,0,2046,1577
2233,2233,0,2047,2084
2234,2234,0,2046,2587
2235,2235,0,2046,3058
2236,2236,0,2046,3468
2237,2237,0,2046,3794
2238,2238,0,2047,4015
2239,2239,0,2046,4095
2240,2240,0,2046,4095
2241,2241,0,2047,3957
2242,2242,0,2046,3700
2243,2243,0,2046,3345
2244,2244,0,2046,2914
2245,2245,0,2047,2429
2246,2246,0,2046,1921
2247,2247,0,2046,1421
2248,2248,0,2046,957
2249,2249,0,2046,557
2250,2250,0,2047,245
2251,2251,0,2046,40
2252,2252,0,2047,0
2253,2253,0,2047,0
2254,2254,0,2046,149
2255,2255,0,2046,420
2256,2256,0,2047,786
2257,2257,0,2046,1228
2258,2258,0,2047,1717
2259,2259,0,2046,2226
2260,2260,0,2047,2723
2261,2261,0,2046,3180
2262,2262,0,2047,3570
2263,2263,0,2046,3867
2264,2264,0,2046,4056
2265,2265,0,2047,4095
2266,2266,0,2046,4071
2267,2267,0,2046,3896
2268,2268,0,2046,3610
2269,2269,0,2046,3231
2270,2270,0,2046,2782
2271,2271,0,2046,2289
2272,2272,0,2046,1780
2273,2273,0,2046,1286
2274,2274,0,2046,837
2275,2275,0,2046,460
2276,2276,0,2046,177
2277,2277,0,2046,3
2278,2278,0,2046,0
2279,2279,0,2046,23
2280,2280,0,2046,214
2281,2281,0,2046,514
2282,2282,0,2046,904
2283,2283,0,2046,1361
2284,2284,0,2046,1859
2285,2285,0,2046,2368
2286,2286,0,2046,2857
2287,2287,0,2046,3296
2288,2288,0,2047,3662
2289,2289,0,2047,3931
2290,2290,0,2046,4088
2291,2291,0,2046,4095
2292,2292,0,2047,4035
2293,2293,0,2046,3827
2294,2294,0,2047,3514
2295,2295,0,2046,3112
2296,2296,0,2046,2647
2297,2297,0,2046,2145
2298,2298,0,2046,1638
2299,2299,0,2047,1155
2300,2300,0,2046,723
2301,2301,0,2047,371
2302,2302,0,2046,116
2303,2303,0,2047,0
2304,2304,0,2046,0
2305,2305,0,2047,65
2306,2306,0,2046,287
2307,2307,0,2046,614
2308,2308,0,2046,1026
2309,2309,0,2046,1497
2310,2310,0,2046,2001
2311,2311,0,2047,2508
2312,2312,0,2046,2986
2313,2313,0,2046,3408
2314,2314,0,2047,3749
2315,2315,0,2046,3988
2316,2316,0,2047,4095
2317,2317,0,2046,4095
2318,2318,0,2046,3988
2319,2319,0,2046,3749
2320,2320,0,2046,3409
2321,2321,0,2046,2987
2322,2322,0,2047,2509
2323,2323,0,2046,2003
2324,2324,0,2046,1499
2325,2325,0,2046,1028
2326,2326,0,2046,616
2327,2327,0,2046,289
2328,2328,0,2047,65
2329,2329,0,2047,0
2330,2330,0,2046,0
2331,2331,0,2047,116
2332,2332,0,2046,369
2333,2333,0,2046,722
2334,2334,0,2046,1153
2335,2335,0,2046,1637
2336,2336,0,2047,2144
2337,2337,0,2046,2645
2338,2338,0,2047,3110
2339,2339,0,2046,3512
2340,2340,0,2047,3826
2341,2341,0,2046,4035
2342,2342,0,2046,4095
2343,2343,0,2046,4089
2344,2344,0,2046,3933
2345,2345,0,2046,3663
2346,2346,0,2047,3298
2347,2347,0,2046,2858
2348,2348,0,2047,2369
2349,2349,0,2046,1862
2350,2350,0,2046,1363
2351,2351,0,2046,905
2352,2352,0,2046,516
2353,2353,0,2047,215
2354,2354,0,2046,24
2355,2355,0,2046,0
2356,2356,0,2046,3
2357,2357,0,2047,175
2358,2358,0,2046,459
2359,2359,0,2046,836
2360,2360,0,2047,1284
2361,2361,0,2046,1778
2362,2362,0,2046,2286
2363,2363,0,2046,2781
2364,2364,0,2047,3231
2365,2365,0,2046,3610
2366,2366,0,2046,3896
2367,2367,0,2046,4071
2368,2368,0,2046,4095
2369,2369,0,2047,4057
2370,2370,0,2047,3868
2371,2371,0,2047,3570
2372,2372,0,2047,3181
2373,2373,0,2046,2725
2374,2374,0,2046,2228
2375,2375,0,2047,1720
2376,2376,0,2047,1229
2377,2377,0,2046,788
2378,2378,0,2047,420
2379,2379,0,2046,150
2380,2380,0,2046,0
2381,2381,0,2046,0
2382,2382,0,2046,39
2383,2383,0,2046,244
2384,2384,0,2047,556
2385,2385,0,2046,955
2386,2386,0,2047,1418
2387,2387,0,2046,1920
2388,2388,0,2047,2428
2389,2389,0,2046,2912
2390,2390,0,2047,3345
2391,2391,0,2046,3700
2392,2392,0,2046,3956
2393,2393,0,2046,4095
2394,2394,0,2046,4095
2395,2395,0,2047,4016
2396,2396,0,2046,3795
2397,2397,0,2047,3470
2398,2398,0,2047,3060
2399,2399,0,2047,2589
2400,2400,0,2046,2085
2401,2401,0,2046,1579
2402,2402,0,2046,1099
2403,2403,0,2046,677
2404,2404,0,2046,335
2405,2405,0,2046,94
2406,2406,0,2047,0
2407,2407,0,2046,0
2408,2408,0,2045,85
2409,2409,0,2046,321
2410,2410,0,2046,659
2411,2411,0,2046,1079
2412,2412,0,2046,1556
2413,2413,0,2047,2062
2414,2414,0,2046,2567
2415,2415,0,2046,3040
2416,2416,0,2047,3453
2417,2417,0,2047,3783
2418,2418,0,2047,4008
2419,2419,0,2047,4095
2420,2420,0,2047,4095
2421,2421,0,2046,3966
2422,2422,0,2047,3714
2423,2423,0,2046,3362
2424,2424,0,2046,2933
2425,2425,0,2047,2450
2426,2426,0,2046,1943
2427,2427,0,2046,1441
2428,2428,0,2046,975
2429,2429,0,2046,572
2430,2430,0,2047,256
2431,2431,0,2047,46
2432,2432,0,2046,0
2433,2433,0,2046,0
2434,2434,0,2046,140
2435,2435,0,2046,407
2436,2436,0,2046,770
2437,2437,0,2046,1208
2438,2438,0,2046,1696
2439,2439,0,2046,2205
2440,2440,0,2046,2703
2441,2441,0,2046,3163
2442,2442,0,2046,3555
2443,2443,0,2046,3857
2444,2444,0,2047,4051
2445,2445,0,2046,4095
2446,2446,0,2046,4077
2447,2447,0,2047,3906
2448,2448,0,2046,3625
2449,2449,0,2047,3249
2450,2450,0,2046,2802
2451,2451,0,2047,2309
2452,2452,0,2046,1800
2453,2453,0,2046,1306
2454,2454,0,2046,855
2455,2455,0,2047,474
2456,2456,0,2046,187
2457,2457,0,2046,8
2458,2458,0,2047,0
2459,2459,0,2046,16
2460,2460,0,2046,204
2461,2461,0,2046,499
2462,2462,0,2046,886
2463,2463,0,2047,1342
2464,2464,0,2046,1838
2465,2465,0,2046,2347
2466,2466,0,2047,2837
2467,2467,0,2046,3280
2468,2468,0,2046,3649
2469,2469,0,2047,3923
2470,2470,0,2046,4084
2471,2471,0,2046,4095
2472,2472,0,2046,4041
2473,2473,0,2046,3838
2474,2474,0,2046,3528
2475,2475,0,2047,3131
2476,2476,0,2047,2668
2477,2477,0,2046,2166
2478,2478,0,2046,1660
2479,2479,0,2046,1174
2480,2480,0,2046,740
2481,2481,0,2047,383
2482,2482,0,2047,125
2483,2483,0,2047,0
2484,2484,0,2046,0
2485,2485,0,2047,57
2486,2486,0,2047,276
2487,2487,0,2046,599
2488,2488,0,2047,1008
2489,2489,0,2047,1477
2490,2490,0,2047,1980
2491,2491,0,2046,2487
2492,2492,0,2046,2966
2493,2493,0,2046,3392
2494,2494,0,2046,3737
2495,2495,0,2047,3980
2496,2496,0,2047,4095
2497,2497,0,2046,4095
2498,2498,0,2046,3995
2499,2499,0,2047,3761
2500,2500,0,2047,3425
2501,2501,0,2046,3006
2502,2502,0,2047,2531
2503,2503,0,2047,2024
2504,2504,0,2047,1521
2505,2505,0,2047,1047
2506,2506,0,2047,632
2507,2507,0,2047,300
2508,2508,0,2046,73
2509,2509,0,2046,0
2510,2510,0,2046,0
2511,2511,0,2046,107
2512,2512,0,2046,357
2513,2513,0,2047,706
2514,2514,0,2046,1134
2515,2515,0,2046,1616
2516,2516,0,2047,2123
2517,2517,0,2047,2625
2518,2518,0,2047,3092
2519,2519,0,2046,3497
2520,2520,0,2047,3815
2521,2521,0,2046,4028
2522,2522,0,2047,4095
2523,2523,0,2046,4093
2524,2524,0,2047,3941
2525,2525,0,2047,3676
2526,2526,0,2047,3315
2527,2527,0,2046,2878
2528,2528,0,2047,2391
2529,2529,0,2046,1882
2530,2530,0,2047,1383
2531,2531,0,2047,923
2532,2532,0,2046,529
2533,2533,0,2047,226
2534,2534,0,2046,29
2535,2535,0,2046,0
2536,2536,0,2046,0
2537,2537,0,2047,166
2538,2538,0,2046,445
2539,2539,0,2046,819
2540,2540,0,2046,1265
2541,2541,0,2046,1757
2542,2542,0,2046,2265
2543,2543,0,2046,2761
2544,2544,0,2046,3213
2545,2545,0,2046,3596
2546,2546,0,2047,3886
2547,2547,0,2047,4066
2548,2548,0,2046,4095
2549,2549,0,2046,4063
2550,2550,0,2047,3878
2551,2551,0,2046,3584
2552,2552,0,2046,3199
2553,2553,0,2046,2745
2554,2554,0,2046,2249
2555,2555,0,2047,1740
2556,2556,0,2046,1249
2557,2557,0,2046,806
2558,2558,0,2046,434
2559,2559,0,2047,159
2560,2560,0,2046,0
2561,2561,0,2046,0
2562,2562,0,2047,33
2563,2563,0,2046,234
2564,2564,0,2046,541
2565,2565,0,2046,938
2566,2566,0,2047,1399
2567,2567,0,2047,1898
2568,2568,0,2046,2406
2569,2569,0,2046,2892
2570,2570,0,2047,3329
2571,2571,0,2047,3687
2572,2572,0,2046,3947
2573,2573,0,2046,4095
2574,2574,0,2046,4095
2575,2575,0,2047,4022
2576,2576,0,2046,3807
2577,2577,0,2046,3485
2578,2578,0,2046,3079
2579,2579,0,2046,2609
2580,2580,0,2047,2107
2581,2581,0,2046,1599
2582,2582,0,2046,1119
2583,2583,0,2046,693
2584,2584,0,2046,347
2585,2585,0,2046,101
2586,2586,0,2047,0
2587,2587,0,2047,0
2588,2588,0,2046,78
2589,2589,0,2046,309
2590,2590,0,2046,643
2591,2591,0,2046,1061
2592,2592,0,2046,1536
2593,2593,0,2046,2041
2594,2594,0,2047,2546
2595,2595,0,2046,3021
2596,2596,0,2047,3437
2597,2597,0,2047,3771
2598,2598,0,2047,4001
2599,2599,0,2046,4095
2600,2600,0,2045,4095
2601,2601,0,2047,3973
2602,2602,0,2046,3726
2603,2603,0,2046,3379
2604,2604,0,2046,2952
2605,2605,0,2046,2471
2606,2606,0,2046,1965
2607,2607,0,2047,1462
2608,2608,0,2046,994
2609,2609,0,2046,587
2610,2610,0,2047,267
2611,2611,0,2047,53
2612,2612,0,2047,0
2613,2613,0,2046,0
2614,2614,0,2047,131
2615,2615,0,2046,393
2616,2616,0,2047,753
2617,2617,0,2046,1189
2618,2618,0,2046,1675
2619,2619,0,2046,2184
2620,2620,0,2047,2683
2621,2621,0,2046,3144
2622,2622,0,2046,3539
2623,2623,0,2046,3846
2624,2624,0,2046,4045
2625,2625,0,2046,4095
2626,2626,0,2046,4081
2627,2627,0,2046,3916
2628,2628,0,2047,3638
2629,2629,0,2047,3267
2630,2630,0,2046,2822
2631,2631,0,2046,2330
2632,2632,0,2047,1822
2633,2633,0,2046,1326
2634,2634,0,2047,872
2635,2635,0,2046,488
2636,2636,0,2047,196
2637,2637,0,2047,13
2638,2638,0,2046,0
2639,2639,0,2047,11
2640,2640,0,2046,194
2641,2641,0,2046,485
2642,2642,0,2046,869
2643,2643,0,2047,1321
2644,2644,0,2047,1816
2645,2645,0,2046,2325
2646,2646,0,2046,2817
2647,2647,0,2046,3263
2648,2648,0,2047,3635
2649,2649,0,2047,3913
2650,2650,0,2046,4080
2651,2651,0,2046,4095
2652,2652,0,2046,4047
2653,2653,0,2046,3849
2654,2654,0,2046,3543
2655,2655,0,2047,3149
2656,2656,0,2046,2687
2657,2657,0,2047,2188
2658,2658,0,2046,1680
2659,2659,0,2047,1194
2660,2660,0,2046,757
2661,2661,0,2047,397
2662,2662,0,2046,133
2663,2663,0,2047,0
2664,2664,0,2046,0
2665,2665,0,2046,51
2666,2666,0,2046,265
2667,2667,0,2047,583
2668,2668,0,2046,989
2669,2669,0,2046,1456
2670,2670,0,2046,1960
2671,2671,0,2047,2466
2672,2672,0,2046,2947
2673,2673,0,2046,3375
2674,2674,0,2047,3723
2675,2675,0,2046,3972
2676,2676,0,2046,4095
2677,2677,0,2046,4095
2678,2678,0,2047,4002
2679,2679,0,2046,3773
2680,2680,0,2046,3441
2681,2681,0,2047,3025
2682,2682,0,2046,2551
2683,2683,0,2046,2046
2684,2684,0,2046,1541
2685,2685,0,2046,1065
2686,2686,0,2047,647
2687,2687,0,2046,312
2688,2688,0,2047,79
2689,2689,0,2046,0
2690,2690,0,2047,0
2691,2691,0,2046,99
2692,2692,0,2046,343
2693,2693,0,2046,689
2694,2694,0,2046,1115
2695,2695,0,2047,1595
2696,2696,0,2046,2102
2697,2697,0,2046,2604
2698,2698,0,2046,3074
2699,2699,0,2046,3481
2700,2700,0,2046,3804
2701,2701,0,2047,4021
2702,2702,0,2046,4095
2703,2703,0,2046,4095
2704,2704,0,2046,3950
2705,2705,0,2046,3689
2706,2706,0,2046,3332
2707,2707,0,2046,2896
2708,2708,0,2046,2411
2709,2709,0,2046,1903
2710,2710,0,2046,1403
2711,2711,0,2047,941
2712,2712,0,2047,544
2713,2713,0,2046,236
2714,2714,0,2046,34
2715,2715,0,2046,0
2716,2716,0,2046,0
2717,2717,0,2046,156
2718,2718,0,2047,432
2719,2719,0,2046,802
2720,2720,0,2046,1245
2721,2721,0,2046,1736
2722,2722,0,2047,2244
2723,2723,0,2046,2741
2724,2724,0,2047,3196
2725,2725,0,2046,3581
2726,2726,0,2046,3876
2727,2727,0,2046,4061
2728,2728,0,2046,4095
2729,2729,0,2047,4068
2730,2730,0,2046,3888
2731,2731,0,2046,3598
2732,2732,0,2047,3217
2733,2733,0,2046,2765
2734,2734,0,2046,2270
2735,2735,0,2046,1761
2736,2736,0,2047,1269
2737,2737,0,2046,823
2738,2738,0,2046,448
2739,2739,0,2047,168
2740,2740,0,2047,0
2741,2741,0,2047,0
2742,2742,0,2046,28
2743,2743,0,2046,223
2744,2744,0,2046,525
2745,2745,0,2047,919
2746,2746,0,2046,1378
2747,2747,0,2047,1876
2748,2748,0,2046,2385
2749,2749,0,2046,2873
2750,2750,0,2046,3311
2751,2751,0,2047,3673
2752,2752,0,2046,3939
2753,2753,0,2046,4092
2754,2754,0,2047,4095
2755,2755,0,2046,4029
2756,2756,0,2046,3818
2757,2757,0,2047,3500
2758,2758,0,2046,3097
2759,2759,0,2046,2630
2760,2760,0,2047,2128
2761,2761,0,2046,1620
2762,2762,0,2047,1139
2763,2763,0,2046,710
2764,2764,0,2046,360
2765,2765,0,2046,109
2766,2766,0,2046,0
2767,2767,0,2046,0
2768,2768,0,2047,70
2769,2769,0,2046,297
2770,2770,0,2047,628
2771,2771,0,2046,1042
2772,2772,0,2046,1515
2773,2773,0,2046,2019
2774,2774,0,2047,2525
2775,2775,0,2046,3002
2776,2776,0,2046,3421
2777,2777,0,2046,3759
2778,2778,0,2046,3994
2779,2779,0,2046,4095
2780,2780,0,2045,4095
2781,2781,0,2046,3982
2782,2782,0,2047,3738
2783,2783,0,2047,3395
2784,2784,0,2046,2970
2785,2785,0,2046,2492
2786,2786,0,2046,1985
2787,2787,0,2046,1482
2788,2788,0,2047,1012
2789,2789,0,2047,603
2790,2790,0,2046,279
2791,2791,0,2046,59
2792,2792,0,2047,0
2793,2793,0,2047,0
2794,2794,0,2046,122
2795,2795,0,2047,381
2796,2796,0,2046,735
2797,2797,0,2046,1169
2798,2798,0,2046,1655
2799,2799,0,2046,2163
2800,2800,0,2046,2663
2801,2801,0,2046,3126
2802,2802,0,2046,3525
2803,2803,0,2047,3835
2804,2804,0,2047,4040
2805,2805,0,2046,4095
2806,2806,0,2046,4085
2807,2807,0,2046,3925
2808,2808,0,2047,3652
2809,2809,0,2047,3284
2810,2810,0,2046,2841
2811,2811,0,2046,2351
2812,2812,0,2047,1843
2813,2813,0,2046,1345
2814,2814,0,2047,890
2815,2815,0,2046,503
2816,2816,0,2047,206
2817,2817,0,2047,18
2818,2818,0,2046,0
2819,2819,0,2047,7
2820,2820,0,2047,184
2821,2821,0,2046,471
2822,2822,0,2046,851
2823,2823,0,2046,1301
2824,2824,0,2046,1796
2825,2825,0,2046,2304
2826,2826,0,2046,2798
2827,2827,0,2047,3245
2828,2828,0,2047,3622
2829,2829,0,2046,3904
2830,2830,0,2046,4076
2831,2831,0,2046,4095
2832,2832,0,2046,4052
2833,2833,0,2046,3859
2834,2834,0,2046,3557
2835,2835,0,2046,3167
2836,2836,0,2047,2708
2837,2837,0,2046,2210
2838,2838,0,2046,1702
2839,2839,0,2047,1213
2840,2840,0,2047,774
2841,2841,0,2046,410
2842,2842,0,2046,142
2843,2843,0,2046,0
2844,2844,0,2046,0
2845,2845,0,2047,44
2846,2846,0,2046,253
2847,2847,0,2047,568
2848,2848,0,2046,971
2849,2849,0,2046,1436
2850,2850,0,2046,1938
2851,2851,0,2046,2445
2852,2852,0,2046,2929
2853,2853,0,2046,3359
2854,2854,0,2046,3711
2855,2855,0,2047,3964
2856,2856,0,2047,4095
2857,2857,0,2046,4095
2858,2858,0,2046,4010
2859,2859,0,2046,3785
2860,2860,0,2046,3457
2861,2861,0,2046,3044
2862,2862,0,2046,2571
2863,2863,0,2047,2067
2864,2864,0,2045,1561
2865,2865,0,2046,1084
2866,2866,0,2046,664
2867,2867,0,2046,324
2868,2868,0,2047,86
2869,2869,0,2046,0
2870,2870,0,2047,0
2871,2871,0,2046,91
2872,2872,0,2047,331
2873,2873,0,2046,673
2874,2874,0,2047,1095
2875,2875,0,2046,1574
2876,2876,0,2047,2081
2877,2877,0,2046,2584
2878,2878,0,2047,3055
2879,2879,0,2047,3466
2880,2880,0,2046,3792
2881,2881,0,2046,4014
2882,2882,0,2047,4095
2883,2883,0,2046,4095
2884,2884,0,2047,3958
2885,2885,0,2046,3703
2886,2886,0,2046,3349
2887,2887,0,2046,2917
2888,2888,0,2047,2432
2889,2889,0,2046,1925
2890,2890,0,2047,1424
2891,2891,0,2046,959
2892,2892,0,2046,559
2893,2893,0,2046,247
2894,2894,0,2047,41
2895,2895,0,2046,0
2896,2896,0,2046,0
2897,2897,0,2047,147
2898,2898,0,2047,418
2899,2899,0,2046,784
2900,2900,0,2046,1225
2901,2901,0,2046,1714
2902,2902,0,2047,2223
2903,2903,0,2047,2720
2904,2904,0,2047,3178
2905,2905,0,2046,3567
2906,2906,0,2046,3866
2907,2907,0,2047,4055
2908,2908,0,2047,4095
2909,2909,0,2046,4073
2910,2910,0,2046,3898
2911,2911,0,2046,3613
2912,2912,0,2047,3234
2913,2913,0,2046,2785
2914,2914,0,2047,2292
2915,2915,0,2047,1782
2916,2916,0,2046,1289
2917,2917,0,2046,840
2918,2918,0,2046,461
2919,2919,0,2047,177
2920,2920,0,2047,4
2921,2921,0,2046,0
2922,2922,0,2047,21
2923,2923,0,2046,212
2924,2924,0,2047,511
2925,2925,0,2047,901
2926,2926,0,2047,1359
2927,2927,0,2046,1856
2928,2928,0,2046,2365
2929,2929,0,2046,2854
2930,2930,0,2046,3295
2931,2931,0,2046,3661
2932,2932,0,2046,3931
2933,2933,0,2046,4088
2934,2934,0,2046,4095
2935,2935,0,2046,4036
2936,2936,0,2047,3829
2937,2937,0,2046,3516
2938,2938,0,2047,3115
2939,2939,0,2046,2649
2940,2940,0,2047,2150
2941,2941,0,2046,1642
2942,2942,0,2047,1158
2943,2943,0,2047,726
2944,2944,0,2047,373
2945,2945,0,2046,117
2946,2946,0,2047,0
2947,2947,0,2047,0
2948,2948,0,2047,63
2949,2949,0,2047,286
2950,2950,0,2046,613
2951,2951,0,2047,1023
2952,2952,0,2047,1495
2953,2953,0,2047,1999
2954,2954,0,2047,2505
2955,2955,0,2046,2984
2956,2956,0,2046,3406
2957,2957,0,2047,3747
2958,2958,0,2047,3986
2959,2959,0,2046,4095
2960,2960,0,2046,4095
2961,2961,0,2047,3990
2962,2962,0,2046,3751
2963,2963,0,2046,3411
2964,2964,0,2047,2990
2965,2965,0,2046,2513
2966,2966,0,2047,2006
2967,2967,0,2047,1503
2968,2968,0,2046,1031
2969,2969,0,2046,619
2970,2970,0,2046,290
2971,2971,0,2046,66
2972,2972,0,2047,0
2973,2973,0,2046,0
2974,2974,0,2047,113
2975,2975,0,2047,368
2976,2976,0,2046,720
2977,2977,0,2046,1150
2978,2978,0,2046,1635
2979,2979,0,2047,2142
2980,2980,0,2046,2642
2981,2981,0,2046,3108
2982,2982,0,2046,3509
2983,2983,0,2046,3825
2984,2984,0,2046,4033
2985,2985,0,2046,4095
2986,2986,0,2046,4090
2987,2987,0,2046,3934
2988,2988,0,2047,3665
2989,2989,0,2046,3300
2990,2990,0,2046,2862
2991,2991,0,2046,2372
2992,2992,0,2046,1864
2993,2993,0,2046,1366
2994,2994,0,2046,908
2995,2995,0,2046,517
2996,2996,0,2046,216
2997,2997,0,2046,24
2998,2998,0,2046,0
2999,2999,0,2046,2
3000,3000,0,2046,175
3001,3001,0,2046,457
3002,3002,0,2047,834
3003,3003,0,2047,1282
3004,3004,0,2047,1775
3005,3005,0,2046,2283
3006,3006,0,2047,2778
3007,3007,0,2046,3228
3008,3008,0,2047,3608
3009,3009,0,2047,3894
3010,3010,0,2046,4071
3011,3011,0,2046,4095
3012,3012,0,2046,4057
3013,3013,0,2046,3869
3014,3014,0,2046,3572
3015,3015,0,2047,3184
3016,3016,0,2046,2727
3017,3017,0,2047,2231
3018,3018,0,2046,1722
3019,3019,0,2046,1232
3020,3020,0,2047,791
3021,3021,0,2046,423
3022,3022,0,2046,151
3023,3023,0,2046,0
3024,3024,0,2047,0
3025,3025,0,2046,38
3026,3026,0,2046,243
3027,3027,0,2046,554
3028,3028,0,2046,952
3029,3029,0,2046,1416
3030,3030,0,2046,1917
3031,3031,0,2046,2425
3032,3032,0,2047,2909
3033,3033,0,2046,3342
3034,3034,0,2046,3699
3035,3035,0,2046,3955
3036,3036,0,2047,4095
3037,3037,0,2046,4095
3038,3038,0,2047,4017
3039,3039,0,2047,3797
3040,3040,0,2046,3471
3041,3041,0,2047,3062
3042,3042,0,2046,2592
3043,3043,0,2046,2088
3044,3044,0,2046,1582
3045,3045,0,2046,1103
3046,3046,0,2046,679
3047,3047,0,2046,336
3048,3048,0,2047,95
3049,3049,0,2046,0
3050,3050,0,2047,0
3051,3051,0,2047,84
3052,3052,0,2046,319
3053,3053,0,2046,657
3054,3054,0,2046,1078
3055,3055,0,2046,1554
3056,3056,0,2046,2059
3057,3057,0,2047,2563
3058,3058,0,2046,3037
3059,3059,0,2047,3450
3060,3060,0,2046,3781
3061,3061,0,2046,4008
3062,3062,0,2046,4095
3063,3063,0,2046,4095
3064,3064,0,2047,3967
3065,3065,0,2047,3715
3066,3066,0,2047,3364
3067,3067,0,2046,2935
3068,3068,0,2046,2453
3069,3069,0,2046,1946
3070,3070,0,2046,1445
3071,3071,0,2046,978
3072,3072,0,2046,575
3073,3073,0,2046,257
3074,3074,0,2046,47
3075,3075,0,2047,0
3076,3076,0,2046,0
3077,3077,0,2047,138
3078,3078,0,2046,405
3079,3079,0,2046,767
3080,3080,0,2047,1206
3081,3081,0,2046,1694
3082,3082,0,2046,2202
3083,3083,0,2046,2701
3084,3084,0,2046,3160
3085,3085,0,2046,3552
3086,3086,0,2046,3855
3087,3087,0,2047,4050
3088,3088,0,2047,4095
3089,3089,0,2047,4077
3090,3090,0,2046,3907
3091,3091,0,2046,3627
3092,3092,0,2046,3251
3093,3093,0,2046,2805
3094,3094,0,2046,2313
3095,3095,0,2046,1804
3096,3096,0,2047,1309
3097,3097,0,2046,857
3098,3098,0,2046,476
3099,3099,0,2046,187
3100,3100,0,2046,9
3101,3101,0,2046,0
3102,3102,0,2047,17
3103,3103,0,2047,203
3104,3104,0,2046,497
3105,3105,0,2047,883
3106,3106,0,2047,1339
3107,3107,0,2047,1835
3108,3108,0,2046,2343
3109,3109,0,2046,2834
3110,3110,0,2046,3277
3111,3111,0,2047,3648
3112,3112,0,2046,3921
3113,3113,0,2047,4084
3114,3114,0,2047,4095
3115,3115,0,2047,4042
3116,3116,0,2047,3840
3117,3117,0,2047,3530
3118,3118,0,2046,3133
3119,3119,0,2046,2671
3120,3120,0,2047,2170
3121,3121,0,2046,1662
3122,3122,0,2047,1177
3123,3123,0,2047,743
3124,3124,0,2047,385
3125,3125,0,2046,125
3126,3126,0,2047,0
3127,3127,0,2046,0
3128,3128,0,2046,56
3129,3129,0,2046,275
3130,3130,0,2046,597
3131,3131,0,2046,1006
3132,3132,0,2046,1474
3133,3133,0,2046,1978
3134,3134,0,2046,2484
3135,3135,0,2047,2964
3136,3136,0,2047,3390
3137,3137,0,2047,3734
3138,3138,0,2047,3979
3139,3139,0,2046,4095
3140,3140,0,2046,4095
3141,3141,0,2047,3996
3142,3142,0,2046,3763
3143,3143,0,2046,3428
3144,3144,0,2046,3009
3145,3145,0,2047,2532
3146,3146,0,2046,2027
3147,3147,0,2046,1523
3148,3148,0,2046,1049
3149,3149,0,2047,634
3150,3150,0,2047,302
3151,3151,0,2046,73
3152,3152,0,2046,0
3153,3153,0,2047,0
3154,3154,0,2047,106
3155,3155,0,2046,355
3156,3156,0,2046,704
3157,3157,0,2046,1131
3158,3158,0,2047,1613
3159,3159,0,2046,2120
3160,3160,0,2046,2622
3161,3161,0,2047,3090
3162,3162,0,2047,3495
3163,3163,0,2047,3814
3164,3164,0,2046,4027
3165,3165,0,2046,4095
3166,3166,0,2047,4093
3167,3167,0,2046,3942
3168,3168,0,2047,3678
3169,3169,0,2046,3318
3170,3170,0,2046,2881
3171,3171,0,2046,2393
3172,3172,0,2047,1886
3173,3173,0,2046,1386
3174,3174,0,2047,925
3175,3175,0,2046,532
3176,3176,0,2047,227
3177,3177,0,2046,29
3178,3178,0,2046,0
3179,3179,0,2046,0
3180,3180,0,2046,164
3181,3181,0,2046,443
3182,3182,0,2047,816
3183,3183,0,2046,1262
3184,3184,0,2046,1753
3185,3185,0,2047,2263
3186,3186,0,2046,2758
3187,3187,0,2046,3210
3188,3188,0,2046,3593
3189,3189,0,2047,3884
3190,3190,0,2046,4066
3191,3191,0,2047,4095
3192,3192,0,2046,4063
3193,3193,0,2047,3880
3194,3194,0,2047,3587
3195,3195,0,2046,3202
3196,3196,0,2046,2748
3197,3197,0,2046,2252
3198,3198,0,2046,1743
3199,3199,0,2047,1253
3200,3200,0,2047,808
3201,3201,0,2047,436
3202,3202,0,2047,160
3203,3203,0,2047,0
3204,3204,0,2046,0
3205,3205,0,2047,32
3206,3206,0,2047,232
3207,3207,0,2046,539
3208,3208,0,2046,934
3209,3209,0,2047,1396
3210,3210,0,2047,1896
3211,3211,0,2047,2403
3212,3212,0,2046,2889
3213,3213,0,2046,3325
3214,3214,0,2046,3686
3215,3215,0,2046,3947
3216,3216,0,2046,4095
3217,3217,0,2047,4095
3218,3218,0,2047,4024
3219,3219,0,2047,3808
3220,3220,0,2047,3488
3221,3221,0,2046,3081
3222,3222,0,2046,2612
3223,3223,0,2046,2110
3224,3224,0,2047,1602
3225,3225,0,2046,1122
3226,3226,0,2047,696
3227,3227,0,2046,349
3228,3228,0,2046,103
3229,3229,0,2047,0
3230,3230,0,2047,0
3231,3231,0,2046,76
3232,3232,0,2046,308
3233,3233,0,2047,642
3234,3234,0,2046,1058
3235,3235,0,2047,1533
3236,3236,0,2047,2038
3237,3237,0,2047,2543
3238,3238,0,2047,3017
3239,3239,0,2046,3435
3240,3240,0,2046,3768
3241,3241,0,2046,4000
3242,3242,0,2047,4095
3243,3243,0,2046,4095
3244,3244,0,2045,3975
3245,3245,0,2046,3728
3246,3246,0,2047,3381
3247,3247,0,2046,2955
3248,3248,0,2046,2474
3249,3249,0,2046,1967
3250,3250,0,2046,1465
3251,3251,0,2047,996
3252,3252,0,2047,590
3253,3253,0,2046,269
3254,3254,0,2047,53
3255,3255,0,2046,0
3256,3256,0,2046,0
3257,3257,0,2047,130
3258,3258,0,2047,391
3259,3259,0,2046,750
3260,3260,0,2046,1186
3261,3261,0,2047,1672
3262,3262,0,2046,2180
3263,3263,0,2046,2680
3264,3264,0,2047,3142
3265,3265,0,2047,3538
3266,3266,0,2046,3845
3267,3267,0,2046,4044
3268,3268,0,2046,4095
3269,3269,0,2046,4081
3270,3270,0,2047,3917
3271,3271,0,2047,3641
3272,3272,0,2046,3269
3273,3273,0,2047,2825
3274,3274,0,2047,2333
3275,3275,0,2046,1824
3276,3276,0,2046,1329
3277,3277,0,2046,875
3278,3278,0,2046,490
3279,3279,0,2046,198
3280,3280,0,2046,14
3281,3281,0,2046,0
3282,3282,0,2046,11
3283,3283,0,2046,192
3284,3284,0,2047,483
3285,3285,0,2046,865
3286,3286,0,2047,1319
3287,3287,0,2047,1814
3288,3288,0,2047,2322
3289,3289,0,2047,2814
3290,3290,0,2047,3260
3291,3291,0,2046,3634
3292,3292,0,2047,3912
3293,3293,0,2046,4080
3294,3294,0,2046,4095
3295,3295,0,2046,4048
3296,3296,0,2046,3850
3297,3297,0,2047,3545
3298,3298,0,2046,3152
3299,3299,0,2046,2691
3300,3300,0,2046,2192
3301,3301,0,2046,1684
3302,3302,0,2046,1197
3303,3303,0,2047,760
3304,3304,0,2046,398
3305,3305,0,2046,135
3306,3306,0,2047,0
3307,3307,0,2046,0
3308,3308,0,2046,50
3309,3309,0,2047,263
3310,3310,0,2047,581
3311,3311,0,2047,987
3312,3312,0,2046,1454
3313,3313,0,2046,1956
3314,3314,0,2046,2463
3315,3315,0,2047,2945
3316,3316,0,2046,3373
3317,3317,0,2046,3721
3318,3318,0,2047,3971
3319,3319,0,2046,4095
3320,3320,0,2046,4095
3321,3321,0,2047,4003
3322,3322,0,2046,3775
3323,3323,0,2046,3443
3324,3324,0,2046,3028
3325,3325,0,2046,2554
3326,3326,0,2046,2049
3327,3327,0,2047,1544
3328,3328,0,2047,1068
3329,3329,0,2047,650
3330,3330,0,2047,315
3331,3331,0,2046,80
3332,3332,0,2046,0
3333,3333,0,2047,0
3334,3334,0,2046,98
3335,3335,0,2046,342
3336,3336,0,2046,687
3337,3337,0,2047,1111
3338,3338,0,2046,1592
3339,3339,0,2046,2098
3340,3340,0,2046,2601
3341,3341,0,2047,3071
3342,3342,0,2047,3479
3343,3343,0,2046,3802
3344,3344,0,2046,4020
3345,3345,0,2047,4095
3346,3346,0,2047,4095
3347,3347,0,2046,3951
3348,3348,0,2046,3691
3349,3349,0,2047,3335
3350,3350,0,2047,2900
3351,3351,0,2047,2414
3352,3352,0,2046,1907
3353,3353,0,2046,1406
3354,3354,0,2046,945
3355,3355,0,2047,547
3356,3356,0,2046,238
3357,3357,0,2047,36
3358,3358,0,2046,0
3359,3359,0,2046,0
3360,3360,0,2047,155
3361,3361,0,2047,429
3362,3362,0,2047,799
3363,3363,0,2046,1242
3364,3364,0,2047,1732
3365,3365,0,2047,2241
3366,3366,0,2047,2737
3367,3367,0,2046,3193
3368,3368,0,2047,3579
3369,3369,0,2046,3874
3370,3370,0,2047,4060
3371,3371,0,2046,4095
3372,3372,0,2046,4068
3373,3373,0,2046,3890
3374,3374,0,2046,3601
3375,3375,0,2047,3220
3376,3376,0,2046,2769
3377,3377,0,2047,2274
3378,3378,0,2046,1765
3379,3379,0,2046,1272
3380,3380,0,2046,826
3381,3381,0,2047,450
3382,3382,0,2046,169
3383,3383,0,2047,0
3384,3384,0,2046,0
3385,3385,0,2046,26
3386,3386,0,2046,221
3387,3387,0,2046,524
3388,3388,0,2047,916
3389,3389,0,2046,1376
3390,3390,0,2046,1874
3391,3391,0,2046,2382
3392,3392,0,2046,2870
3393,3393,0,2046,3308
3394,3394,0,2046,3672
3395,3395,0,2046,3938
3396,3396,0,2047,4092
3397,3397,0,2047,4095
3398,3398,0,2047,4031
3399,3399,0,2047,3819
3400,3400,0,2046,3502
3401,3401,0,2047,3100
3402,3402,0,2047,2633
3403,3403,0,2046,2131
3404,3404,0,2047,1624
3405,3405,0,2046,1142
3406,3406,0,2046,713
3407,3407,0,2046,361
3408,3408,0,2046,110
3409,3409,0,2046,0
3410,3410,0,2046,0
3411,3411,0,2046,69
3412,3412,0,2046,296
3413,3413,0,2046,626
3414,3414,0,2046,1039
3415,3415,0,2047,1512
3416,3416,0,2046,2016
3417,3417,0,2046,2522
3418,3418,0,2047,2999
3419,3419,0,2046,3419
3420,3420,0,2046,3758
3421,3421,0,2046,3993
3422,3422,0,2046,4095
3423,3423,0,2046,4095
3424,3424,0,2046,3983
3425,3425,0,2046,3741
3426,3426,0,2046,3397
3427,3427,0,2047,2974
3428,3428,0,2046,2495
3429,3429,0,2047,1988
3430,3430,0,2047,1485
3431,3431,0,2046,1015
3432,3432,0,2047,605
3433,3433,0,2046,280
3434,3434,0,2046,60
3435,3435,0,2046,0
3436,3436,0,2046,0
3437,3437,0,2046,121
3438,3438,0,2046,378
3439,3439,0,2046,734
3440,3440,0,2046,1166
3441,3441,0,2046,1652
3442,3442,0,2046,2159
3443,3443,0,2046,2659
3444,3444,0,2046,3123
3445,3445,0,2046,3522
3446,3446,0,2047,3834
3447,3447,0,2046,4038
3448,3448,0,2047,4095
3449,3449,0,2047,4086
3450,3450,0,2047,3926
3451,3451,0,2047,3654
3452,3452,0,2047,3286
3453,3453,0,2047,2845
3454,3454,0,2046,2355
3455,3455,0,2047,1846
3456,3456,0,2046,1349
3457,3457,0,2047,893
3458,3458,0,2047,505
3459,3459,0,2046,208
3460,3460,0,2047,19
3461,3461,0,2046,0
3462,3462,0,2046,5
3463,3463,0,2046,182
3464,3464,0,2046,469
3465,3465,0,2046,847
3466,3466,0,2046,1298
3467,3467,0,2047,1792
3468,3468,0,2047,2301
3469,3469,0,2046,2794
3470,3470,0,2046,3243
3471,3471,0,2047,3620
3472,3472,0,2046,3903
3473,3473,0,2046,4075
3474,3474,0,2046,4095
3475,3475,0,2047,4053
3476,3476,0,2046,3861
3477,3477,0,2046,3560
3478,3478,0,2046,3169
3479,3479,0,2046,2711
3480,3480,0,2047,2214
3481,3481,0,2046,1704
3482,3482,0,2047,1216
3483,3483,0,2046,777
3484,3484,0,2047,411
3485,3485,0,2046,144
3486,3486,0,2046,0
3487,3487,0,2046,0
3488,3488,0,2047,44
3489,3489,0,2045,252
3490,3490,0,2046,567
3491,3491,0,2046,968
3492,3492,0,2047,1434
3493,3493,0,2047,1934
3494,3494,0,2046,2443
3495,3495,0,2046,2926
3496,3496,0,2046,3356
3497,3497,0,2046,3709
3498,3498,0,2047,3962
3499,3499,0,2046,4095
3500,3500,0,2046,4095
3501,3501,0,2047,4011
3502,3502,0,2046,3787
3503,3503,0,2046,3459
3504,3504,0,2046,3047
3505,3505,0,2046,2575
3506,3506,0,2045,2070
3507,3507,0,2046,1565
3508,3508,0,2046,1087
3509,3509,0,2047,666
3510,3510,0,2046,326
3511,3511,0,2046,87
3512,3512,0,2046,0
3513,3513,0,2047,0
3514,3514,0,2046,90
3515,3515,0,2046,330
3516,3516,0,2046,670
3517,3517,0,2047,1092
3518,3518,0,2046,1571
3519,3519,0,2046,2077
3520,3520,0,2047,2581
3521,3521,0,2046,3053
3522,3522,0,2047,3464
3523,3523,0,2046,3790
3524,3524,0,2046,4014
3525,3525,0,2047,4095
3526,3526,0,2046,4095
3527,3527,0,2046,3960
3528,3528,0,2046,3705
3529,3529,0,2046,3351
3530,3530,0,2047,2920
3531,3531,0,2046,2436
3532,3532,0,2046,1928
3533,3533,0,2046,1427
3534,3534,0,2047,962
3535,3535,0,2046,562
3536,3536,0,2047,248
3537,3537,0,2046,41
3538,3538,0,2046,0
3539,3539,0,2046,0
3540,3540,0,2047,146
3541,3541,0,2047,415
3542,3542,0,2047,781
3543,3543,0,2046,1222
3544,3544,0,2045,1711
3545,3545,0,2046,2220
3546,3546,0,2047,2718
3547,3547,0,2046,3175
3548,3548,0,2046,3565
3549,3549,0,2046,3865
3550,3550,0,2047,4055
3551,3551,0,2046,4095
3552,3552,0,2046,4073
3553,3553,0,2046,3899
3554,3554,0,2046,3615
3555,3555,0,2046,3238
3556,3556,0,2046,2788
3557,3557,0,2046,2295
3558,3558,0,2046,1785
3559,3559,0,2046,1292
3560,3560,0,2046,843
3561,3561,0,2046,464
3562,3562,0,2047,180
3563,3563,0,2047,5
3564,3564,0,2047,0
3565,3565,0,2046,21
3566,3566,0,2046,210
3567,3567,0,2046,509
3568,3568,0,2046,898
3569,3569,0,2046,1356
3570,3570,0,2047,1852
3571,3571,0,2047,2362
3572,3572,0,2046,2851
3573,3573,0,2047,3292
3574,3574,0,2047,3659
3575,3575,0,2046,3929
3576,3576,0,2046,4088
3577,3577,0,2046,4095
3578,3578,0,2046,4036
3579,3579,0,2046,3831
3580,3580,0,2046,3518
3581,3581,0,2046,3118
3582,3582,0,2046,2654
3583,3583,0,2046,2152
3584,3584,0,2046,1646
3585,3585,0,2047,1161
3586,3586,0,2046,729
3587,3587,0,2046,374
3588,3588,0,2046,119
3589,3589,0,2046,0
3590,3590,0,2047,0
3591,3591,0,2047,62
3592,3592,0,2046,285
3593,3593,0,2046,610
3594,3594,0,2046,1021
3595,3595,0,2046,1492
3596,3596,0,2047,1996
3597,3597,0,2047,2501
3598,3598,0,2047,2980
3599,3599,0,2046,3403
3600,3600,0,2046,3744
3601,3601,0,2046,3985
3602,3602,0,2046,4095
3603,3603,0,2047,4095
3604,3604,0,2046,3991
3605,3605,0,2047,3753
3606,3606,0,2046,3414
3607,3607,0,2046,2993
3608,3608,0,2046,2516
3609,3609,0,2046,2009
3610,3610,0,2046,1506
3611,3611,0,2046,1033
3612,3612,0,2046,621
3613,3613,0,2046,293
3614,3614,0,2046,67
3615,3615,0,2046,0
3616,3616,0,2046,0
3617,3617,0,2046,113
3618,3618,0,2046,366
3619,3619,0,2046,717
3620,3620,0,2046,1147
3621,3621,0,2046,1630
3622,3622,0,2047,2138
3623,3623,0,2046,2639
3624,3624,0,2046,3106
3625,3625,0,2047,3507
3626,3626,0,2046,3823
3627,3627,0,2046,4033
3628,3628,0,2047,4095
3629,3629,0,2047,4090
3630,3630,0,2046,3935
3631,3631,0,2047,3667
3632,3632,0,2046,3303
3633,3633,0,2047,2864
3634,3634,0,2046,2376
3635,3635,0,2046,1866
3636,3636,0,2046,1369
3637,3637,0,2046,910
3638,3638,0,2046,519
3639,3639,0,2046,218
3640,3640,0,2047,25
3641,3641,0,2046,0
3642,3642,0,2047,2
3643,3643,0,2046,172
3644,3644,0,2047,454
3645,3645,0,2047,831
3646,3646,0,2046,1279
3647,3647,0,2046,1771
3648,3648,0,2047,2280
3649,3649,0,2047,2774
3650,3650,0,2046,3225
3651,3651,0,2046,3606
3652,3652,0,2047,3893
3653,3653,0,2047,4070
3654,3654,0,2046,4095
3655,3655,0,2046,4059
3656,3656,0,2046,3871
3657,3657,0,2047,3575
3658,3658,0,2046,3187
3659,3659,0,2046,2731
3660,3660,0,2046,2234
3661,3661,0,2047,1725
3662,3662,0,2046,1235
3663,3663,0,2047,793
3664,3664,0,2046,425
3665,3665,0,2046,153
3666,3666,0,2046,0
3667,3667,0,2047,0
3668,3668,0,2046,37
3669,3669,0,2046,241
3670,3670,0,2046,550
3671,3671,0,2046,950
3672,3672,0,2045,1414
3673,3673,0,2047,1913
3674,3674,0,2046,2422
3675,3675,0,2047,2907
3676,3676,0,2046,3340
3677,3677,0,2046,3696
3678,3678,0,2046,3954
3679,3679,0,2046,4095
3680,3680,0,2046,4095
3681,3681,0,2047,4019
3682,3682,0,2046,3799
3683,3683,0,2046,3474
3684,3684,0,2046,3065
3685,3685,0,2047,2595
3686,3686,0,2047,2091
3687,3687,0,2047,1585
3688,3688,0,2047,1106
3689,3689,0,2046,681
3690,3690,0,2047,338
3691,3691,0,2046,95
3692,3692,0,2046,0
3693,3693,0,2046,0
3694,3694,0,2046,83
3695,3695,0,2046,317
3696,3696,0,2046,655
3697,3697,0,2046,1074
3698,3698,0,2046,1550
3699,3699,0,2047,2056
3700,3700,0,2046,2560
3701,3701,0,2046,3034
3702,3702,0,2047,3448
3703,3703,0,2047,3779
3704,3704,0,2046,4006
3705,3705,0,2046,4095
3706,3706,0,2046,4095
3707,3707,0,2047,3968
3708,3708,0,2046,3718
3709,3709,0,2047,3367
3710,3710,0,2046,2939
3711,3711,0,2047,2456
3712,3712,0,2047,1949
3713,3713,0,2046,1448
3714,3714,0,2046,981
3715,3715,0,2046,577
3716,3716,0,2046,259
3717,3717,0,2046,48
3718,3718,0,2046,0
3719,3719,0,2046,0
3720,3720,0,2046,137
3721,3721,0,2046,402
3722,3722,0,2047,765
3723,3723,0,2047,1202
3724,3724,0,2046,1690
3725,3725,0,2046,2198
3726,3726,0,2046,2698
3727,3727,0,2046,3157
3728,3728,0,2046,3550
3729,3729,0,2046,3854
3730,3730,0,2046,4049
3731,3731,0,2046,4095
3732,3732,0,2047,4078
3733,3733,0,2047,3909
3734,3734,0,2046,3629
3735,3735,0,2046,3254
3736,3736,0,2047,2808
3737,3737,0,2046,2316
3738,3738,0,2046,1807
3739,3739,0,2047,1312
3740,3740,0,2046,860
3741,3741,0,2046,479
3742,3742,0,2046,189
3743,3743,0,2046,10
3744,3744,0,2047,0
3745,3745,0,2046,15
3746,3746,0,2046,200
3747,3747,0,2046,495
3748,3748,0,2047,881
3749,3749,0,2046,1335
3750,3750,0,2046,1831
3751,3751,0,2047,2340
3752,3752,0,2046,2831
3753,3753,0,2047,3275
3754,3754,0,2046,3646
3755,3755,0,2047,3920
3756,3756,0,2046,4083
3757,3757,0,2046,4095
3758,3758,0,2046,4042
3759,3759,0,2046,3841
3760,3760,0,2046,3532
3761,3761,0,2047,3136
3762,3762,0,2046,2673
3763,3763,0,2046,2173
3764,3764,0,2046,1666
3765,3765,0,2046,1181
3766,3766,0,2047,746
3767,3767,0,2047,387
3768,3768,0,2046,127
3769,3769,0,2046,0
3770,3770,0,2046,0
3771,3771,0,2046,55
3772,3772,0,2046,273
3773,3773,0,2046,594
3774,3774,0,2046,1002
3775,3775,0,2046,1471
3776,3776,0,2047,1974
3777,3777,0,2046,2481
3778,3778,0,2046,2961
3779,3779,0,2046,3387
3780,3780,0,2046,3732
3781,3781,0,2046,3978
3782,3782,0,2046,4095
3783,3783,0,2047,4095
3784,3784,0,2046,3998
3785,3785,0,2046,3766
3786,3786,0,2046,3430
3787,3787,0,2046,3012
3788,3788,0,2046,2536
3789,3789,0,2046,2032
3790,3790,0,2046,1526
3791,3791,0,2046,1052
3792,3792,0,2046,636
3793,3793,0,2046,304
3794,3794,0,2046,74
3795,3795,0,2047,0
3796,3796,0,2047,0
3797,3797,0,2047,105
3798,3798,0,2046,353
3799,3799,0,2046,701
3800,3800,0,2047,1128
3801,3801,0,2046,1610
3802,3802,0,2046,2117
3803,3803,0,2047,2619
3804,3804,0,2046,3086
3805,3805,0,2047,3492
3806,3806,0,2046,3812
3807,3807,0,2046,4026
3808,3808,0,2046,4095
3809,3809,0,2046,4095
3810,3810,0,2046,3944
3811,3811,0,2046,3681
3812,3812,0,2046,3321
3813,3813,0,2046,2883
3814,3814,0,2047,2397
3815,3815,0,2046,1888
3816,3816,0,2046,1389
3817,3817,0,2046,930
3818,3818,0,2046,534
3819,3819,0,2046,228
3820,3820,0,2046,30
3821,3821,0,2045,0
3822,3822,0,2047,0
3823,3823,0,2047,163
3824,3824,0,2046,441
3825,3825,0,2047,813
3826,3826,0,2046,1258
3827,3827,0,2047,1750
3828,3828,0,2046,2259
3829,3829,0,2046,2755
3830,3830,0,2046,3208
3831,3831,0,2046,3592
3832,3832,0,2047,3882
3833,3833,0,2047,4065
3834,3834,0,2046,4095
3835,3835,0,2046,4064
3836,3836,0,2046,3881
3837,3837,0,2046,3589
3838,3838,0,2047,3204
3839,3839,0,2046,2751
3840,3840,0,2046,2255
3841,3841,0,2046,1747
3842,3842,0,2046,1255
3843,3843,0,2046,811
3844,3844,0,2047,439
3845,3845,0,2046,162
3846,3846,0,2046,0
3847,3847,0,2046,0
3848,3848,0,2047,31
3849,3849,0,2046,230
3850,3850,0,2046,537
3851,3851,0,2046,931
3852,3852,0,2047,1393
3853,3853,0,2046,1892
3854,3854,0,2046,2400
3855,3855,0,2046,2887
3856,3856,0,2047,3323
3857,3857,0,2046,3683
3858,3858,0,2046,3945
3859,3859,0,2046,4095
3860,3860,0,2046,4095
3861,3861,0,2046,4024
3862,3862,0,2046,3810
3863,3863,0,2047,3490
3864,3864,0,2046,3084
3865,3865,0,2046,2615
3866,3866,0,2046,2113
3867,3867,0,2047,1606
3868,3868,0,2047,1125
3869,3869,0,2047,698
3870,3870,0,2047,351
3871,3871,0,2046,103
3872,3872,0,2046,0
3873,3873,0,2046,0
3874,3874,0,2046,75
3875,3875,0,2046,306
3876,3876,0,2046,639
3877,3877,0,2047,1056
3878,3878,0,2046,1529
3879,3879,0,2046,2035
3880,3880,0,2046,2539
3881,3881,0,2046,3014
3882,3882,0,2047,3433
3883,3883,0,2047,3767
3884,3884,0,2047,3998
3885,3885,0,2046,4095
3886,3886,0,2046,4095
3887,3887,0,2046,3976
3888,3888,0,2046,3730
3889,3889,0,2047,3384
3890,3890,0,2047,2957
3891,3891,0,2046,2477
3892,3892,0,2046,1970
3893,3893,0,2046,1468
3894,3894,0,2047,999
3895,3895,0,2046,592
3896,3896,0,2047,271
3897,3897,0,2047,55
3898,3898,0,2047,0
3899,3899,0,2046,0
3900,3900,0,2046,129
3901,3901,0,2046,389
3902,3902,0,2047,748
3903,3903,0,2046,1183
3904,3904,0,2046,1669
3905,3905,0,2046,2177
3906,3906,0,2047,2677
3907,3907,0,2046,3138
3908,3908,0,2047,3535
3909,3909,0,2047,3843
3910,3910,0,2046,4044
3911,3911,0,2046,4095
3912,3912,0,2046,4082
3913,3913,0,2046,3918
3914,3914,0,2047,3643
3915,3915,0,2046,3272
3916,3916,0,2046,2828
3917,3917,0,2047,2337
3918,3918,0,2047,1828
3919,3919,0,2046,1331
3920,3920,0,2046,878
3921,3921,0,2046,493
3922,3922,0,2046,199
3923,3923,0,2046,15
3924,3924,0,2046,0
3925,3925,0,2047,11
3926,3926,0,2047,191
3927,3927,0,2046,481
3928,3928,0,2046,863
3929,3929,0,2047,1315
3930,3930,0,2047,1810
3931,3931,0,2047,2319
3932,3932,0,2046,2811
3933,3933,0,2047,3258
3934,3934,0,2046,3632
3935,3935,0,2046,3911
3936,3936,0,2046,4079
3937,3937,0,2046,4095
3938,3938,0,2047,4048
3939,3939,0,2047,3852
3940,3940,0,2046,3547
3941,3941,0,2047,3153
3942,3942,0,2047,2694
3943,3943,0,2047,2195
3944,3944,0,2046,1687
3945,3945,0,2046,1199
3946,3946,0,2046,763
3947,3947,0,2046,401
3948,3948,0,2047,136
3949,3949,0,2047,0
3950,3950,0,2046,0
3951,3951,0,2047,49
3952,3952,0,2046,261
3953,3953,0,2047,579
3954,3954,0,2046,983
3955,3955,0,2046,1450
3956,3956,0,2047,1952
3957,3957,0,2046,2460
3958,3958,0,2047,2942
3959,3959,0,2046,3370
3960,3960,0,2046,3720
3961,3961,0,2046,3969
3962,3962,0,2046,4095
3963,3963,0,2046,4095
3964,3964,0,2046,4005
3965,3965,0,2046,3777
3966,3966,0,2047,3446
3967,3967,0,2046,3030
3968,3968,0,2047,2557
3969,3969,0,2046,2052
3970,3970,0,2046,1547
3971,3971,0,2046,1071
3972,3972,0,2046,652
3973,3973,0,2047,316
3974,3974,0,2047,82
3975,3975,0,2047,0
3976,3976,0,2046,0
3977,3977,0,2046,97
3978,3978,0,2046,341
3979,3979,0,2046,684
3980,3980,0,2047,1109
3981,3981,0,2047,1589
3982,3982,0,2046,2095
3983,3983,0,2046,2597
3984,3984,0,2046,3068
3985,3985,0,2046,3476
3986,3986,0,2047,3800
3987,3987,0,2046,4020
3988,3988,0,2046,4095
3989,3989,0,2046,4095
3990,3990,0,2046,3953
3991,3991,0,2046,3694
3992,3992,0,2047,3337
3993,3993,0,2046,2903
3994,3994,0,2047,2418
3995,3995,0,2046,1909
3996,3996,0,2046,1409
3997,3997,0,2046,947
3998,3998,0,2047,549
3999,3999,0,2046,239
4000,4000,0,2046,37
4001,4001,0,2046,0
4002,4002,0,2046,0
4003,4003,0,2046,154
4004,4004,0,2046,427
4005,4005,0,2046,797
4006,4006,0,2047,1239
4007,4007,0,2046,1729
4008,4008,0,2047,2238
4009,4009,0,2046,2734
4010,4010,0,2046,3190
4011,4011,0,2046,3576
4012,4012,0,2047,3872
4013,4013,0,2046,4059
4014,4014,0,2046,4095
4015,4015,0,2046,4069
4016,4016,0,2046,3891
4017,4017,0,2046,3603
4018,4018,0,2046,3222
4019,4019,0,2047,2771
4020,4020,0,2046,2277
4021,4021,0,2046,1768
4022,4022,0,2046,1275
4023,4023,0,2046,828
4024,4024,0,2047,452
4025,4025,0,2046,171
4026,4026,0,2046,1
4027,4027,0,2047,0
4028,4028,0,2047,26
4029,4029,0,2046,220
4030,4030,0,2047,522
4031,4031,0,2046,914
4032,4032,0,2046,1372
4033,4033,0,2046,1871
4034,4034,0,2046,2378
4035,4035,0,2046,2868
4036,4036,0,2046,3306
4037,4037,0,2047,3670
4038,4038,0,2046,3937
4039,4039,0,2046,4090
4040,4040,0,2046,4095
4041,4041,0,2047,4031
4042,4042,0,2047,3821
4043,4043,0,2046,3505
4044,4044,0,2046,3102
4045,4045,0,2047,2636
4046,4046,0,2046,2134
4047,4047,0,2047,1627
4048,4048,0,2047,1144
4049,4049,0,2046,715
4050,4050,0,2046,363
4051,4051,0,2046,112
4052,4052,0,2047,0
4053,4053,0,2046,0
4054,4054,0,2046,68
4055,4055,0,2046,294
4056,4056,0,2046,623
4057,4057,0,2047,1036
4058,4058,0,2047,1509
4059,4059,0,2046,2013
4060,4060,0,2046,2519
4061,4061,0,2046,2996
4062,4062,0,2046,3417
4063,4063,0,2047,3755
4064,4064,0,2046,3992
4065,4065,0,2046,4095
4066,4066,0,2047,4095
4067,4067,0,2046,3984
4068,4068,0,2046,3742
4069,4069,0,2047,3400
4070,4070,0,2047,2976
4071,4071,0,2047,2498
4072,4072,0,2046,1992
4073,4073,0,2046,1489
4074,4074,0,2046,1018
4075,4075,0,2046,608
4076,4076,0,2046,282
4077,4077,0,2047,60
4078,4078,0,2047,0
4079,4079,0,2046,0
4080,4080,0,2047,120
4081,4081,0,2047,377
4082,4082,0,2046,731
4083,4083,0,2047,1164
4084,4084,0,2046,1648
4085,4085,0,2047,2156
4086,4086,0,2046,2656
4087,4087,0,2046,3121
4088,4088,0,2047,3520
4089,4089,0,2046,3832
4090,4090,0,2047,4037
4091,4091,0,2046,4095
4092,4092,0,2046,4087
4093,4093,0,2046,3928
4094,4094,0,2046,3656
4095,4095,0,2047,3289
4096,4096,0,2046,2848
4097,4097,0,2047,2358
4098,4098,0,2046,1849
4099,4099,0,2046,1352
4100,4100,0,2046,895
4101,4101,0,2046,507
4102,4102,0,2046,209
4103,4103,0,2046,20
4104,4104,0,2047,0
4105,4105,0,2046,5
4106,4106,0,2046,180
4107,4107,0,2047,466
4108,4108,0,2046,845
4109,4109,0,2046,1294
4110,4110,0,2046,1788
4111,4111,0,2046,2298
4112,4112,0,2046,2791
4113,4113,0,2047,3240
4114,4114,0,2046,3618
4115,4115,0,2046,3901
4116,4116,0,2046,4074
4117,4117,0,2046,4095
4118,4118,0,2047,4054
4119,4119,0,2047,3862
4120,4120,0,2046,3563
4121,4121,0,2046,3172
4122,4122,0,2046,2714
4123,4123,0,2047,2216
4124,4124,0,2047,1708
4125,4125,0,2046,1220
4126,4126,0,2046,779
4127,4127,0,2046,413
4128,4128,0,2046,145
4129,4129,0,2046,0
4130,4130,0,2046,0
4131,4131,0,2046,43
4132,4132,0,2047,250
4133,4133,0,2047,564
4134,4134,0,2046,965
4135,4135,0,2046,1430
4136,4136,0,2046,1932
4137,4137,0,2047,2439
4138,4138,0,2047,2923
4139,4139,0,2046,3354
4140,4140,0,2047,3707
4141,4141,0,2046,3960
4142,4142,0,2046,4095
4143,4143,0,2046,4095
4144,4144,0,2047,4012
4145,4145,0,2046,3788
4146,4146,0,2046,3462
4147,4147,0,2046,3050
4148,4148,0,2047,2577
4149,4149,0,2047,2074
4150,4150,0,2046,1568
4151,4151,0,2047,1090
4152,4152,0,2046,669
4153,4153,0,2047,328
4154,4154,0,2046,89
4155,4155,0,2046,0
4156,4156,0,2047,0
4157,4157,0,2046,89
4158,4158,0,2046,328
4159,4159,0,2047,668
4160,4160,0,2047,1090
4161,4161,0,2046,1568
4162,4162,0,2047,2074
4163,4163,0,2046,2577
4164,4164,0,2046,3049
4165,4165,0,2046,3462
4166,4166,0,2046,3789
4167,4167,0,2046,4013
4168,4168,0,2047,4095
4169,4169,0,2047,4095
4170,4170,0,2046,3961
4171,4171,0,2047,3707
4172,4172,0,2046,3353
4173,4173,0,2046,2923
4174,4174,0,2047,2438
4175,4175,0,2046,1931
4176,4176,0,2046,1430
4177,4177,0,2046,965
4178,4178,0,2047,563
4179,4179,0,2046,250
4180,4180,0,2046,43
4181,4181,0,2047,0
4182,4182,0,2047,0
4183,4183,0,2047,145
4184,4184,0,2046,413
4185,4185,0,2046,780
4186,4186,0,2046,1219
4187,4187,0,2047,1708
4188,4188,0,2047,2216
4189,4189,0,2046,2714
4190,4190,0,2047,3172
4191,4191,0,2047,3562
4192,4192,0,2047,3862
4193,4193,0,2046,4054
4194,4194,0,2046,4095
4195,4195,0,2046,4074
4196,4196,0,2046,3900
4197,4197,0,2046,3617
4198,4198,0,2047,3239
4199,4199,0,2046,2791
4200,4200,0,2046,2298
4201,4201,0,2047,1788
4202,4202,0,2046,1295
4203,4203,0,2046,845
4204,4204,0,2046,466
4205,4205,0,2046,181
4206,4206,0,2047,6
4207,4207,0,2047,0
4208,4208,0,2047,19
4209,4209,0,2047,208
4210,4210,0,2045,507
4211,4211,0,2046,896
4212,4212,0,2047,1352
4213,4213,0,2046,1849
4214,4214,0,2047,2358
4215,4215,0,2047,2847
4216,4216,0,2046,3288
4217,4217,0,2046,3657
4218,4218,0,2046,3927
4219,4219,0,2046,4087
4220,4220,0,2046,4095
4221,4221,0,2047,4037
4222,4222,0,2046,3832
4223,4223,0,2047,3521
4224,4224,0,2047,3120
4225,4225,0,2046,2656
4226,4226,0,2047,2156
4227,4227,0,2046,1648
4228,4228,0,2046,1164
4229,4229,0,2046,731
4230,4230,0,2046,376
4231,4231,0,2047,120
4232,4232,0,2046,0
4233,4233,0,2046,0
4234,4234,0,2046,61
4235,4235,0,2046,282
4236,4236,0,2046,608
4237,4237,0,2046,1017
4238,4238,0,2047,1488
4239,4239,0,2046,1992
4240,4240,0,2046,2499
4241,4241,0,2046,2977
4242,4242,0,2046,3400
4243,4243,0,2046,3743
4244,4244,0,2046,3984
4245,4245,0,2047,4095
4246,4246,0,2046,4095
4247,4247,0,2047,3992
4248,4248,0,2046,3755
4249,4249,0,2046,3416
4250,4250,0,2047,2996
4251,4251,0,2046,2519
4252,4252,0,2046,2013
4253,4253,0,2046,1510
4254,4254,0,2046,1037
4255,4255,0,2046,623
4256,4256,0,2046,294
4257,4257,0,2046,68
4258,4258,0,2047,0
4259,4259,0,2047,0
4260,4260,0,2047,112
4261,4261,0,2046,364
4262,4262,0,2047,715
4263,4263,0,2047,1145
4264,4264,0,2046,1628
4265,4265,0,2047,2134
4266,4266,0,2046,2636
4267,4267,0,2046,3102
4268,4268,0,2046,3505
4269,4269,0,2046,3822
4270,4270,0,2046,4032
4271,4271,0,2046,4095
4272,4272,0,2046,4090
4273,4273,0,2046,3936
4274,4274,0,2047,3669
4275,4275,0,2046,3306
4276,4276,0,2046,2867
4277,4277,0,2046,2378
4278,4278,0,2047,1871
4279,4279,0,2046,1372
4280,4280,0,2046,913
4281,4281,0,2046,521
4282,4282,0,2047,220
4283,4283,0,2047,25
4284,4284,0,2047,0
4285,4285,0,2047,0
4286,4286,0,2046,171
4287,4287,0,2046,453
4288,4288,0,2047,828
4289,4289,0,2047,1275
4290,4290,0,2047,1768
4291,4291,0,2047,2277
4292,4292,0,2047,2772
4293,4293,0,2046,3222
4294,4294,0,2046,3604
4295,4295,0,2047,3891
4296,4296,0,2046,4069
4297,4297,0,2046,4095
4298,4298,0,2047,4060
4299,4299,0,2046,3873
4300,4300,0,2047,3576
4301,4301,0,2046,3189
4302,4302,0,2047,2735
4303,4303,0,2046,2238
4304,4304,0,2046,1729
4305,4305,0,2047,1238
4306,4306,0,2046,796
4307,4307,0,2047,428
4308,4308,0,2046,153
4309,4309,0,2046,0
4310,4310,0,2046,0
4311,4311,0,2046,36
4312,4312,0,2046,240
4313,4313,0,2046,549
4314,4314,0,2046,947
4315,4315,0,2047,1410
4316,4316,0,2047,1911
4317,4317,0,2046,2417
4318,4318,0,2046,2903
4319,4319,0,2047,3337
4320,4320,0,2047,3694
4321,4321,0,2046,3953
4322,4322,0,2047,4095
4323,4323,0,2046,4095
4324,4324,0,2046,4019
4325,4325,0,2046,3800
4326,4326,0,2046,3477
4327,4327,0,2047,3068
4328,4328,0,2046,2598
4329,4329,0,2046,2094
4330,4330,0,2047,1589
4331,4331,0,2046,1109
4332,4332,0,2046,684
4333,4333,0,2047,340
4334,4334,0,2046,97
4335,4335,0,2046,0
4336,4336,0,2046,0
4337,4337,0,2047,81
4338,4338,0,2046,316
4339,4339,0,2046,652
4340,4340,0,2047,1071
4341,4341,0,2046,1547
4342,4342,0,2046,2053
4343,4343,0,2047,2557
4344,4344,0,2046,3031
4345,4345,0,2046,3446
4346,4346,0,2047,3777
4347,4347,0,2046,4004
4348,4348,0,2046,4095
4349,4349,0,2046,4095
4350,4350,0,2046,3968
4351,4351,0,2047,3719
4352,4352,0,2046,3370
4353,4353,0,2046,2942
4354,4354,0,2046,2460
4355,4355,0,2046,1952
4356,4356,0,2046,1450
4357,4357,0,2046,983
4358,4358,0,2046,579
4359,4359,0,2047,261
4360,4360,0,2046,49
4361,4361,0,2046,0
4362,4362,0,2046,0
4363,4363,0,2046,135
4364,4364,0,2047,401
4365,4365,0,2047,762
4366,4366,0,2046,1199
4367,4367,0,2047,1687
4368,4368,0,2046,2196
4369,4369,0,2046,2694
4370,4370,0,2046,3154
4371,4371,0,2045,3548
4372,4372,0,2047,3852
4373,4373,0,2046,4048
4374,4374,0,2046,4095
4375,4375,0,2046,4079
4376,4376,0,2047,3910
4377,4377,0,2046,3631
4378,4378,0,2047,3257
4379,4379,0,2047,2811
4380,4380,0,2046,2318
4381,4381,0,2046,1810
4382,4382,0,2046,1315
4383,4383,0,2047,863
4384,4384,0,2047,481
4385,4385,0,2046,191
4386,4386,0,2046,10
4387,4387,0,2046,0
4388,4388,0,2046,15
4389,4389,0,2046,199
4390,4390,0,2046,493
4391,4391,0,2046,878
4392,4392,0,2046,1332
4393,4393,0,2047,1828
4394,4394,0,2047,2337
4395,4395,0,2046,2828
4396,4396,0,2046,3272
4397,4397,0,2047,3644
4398,4398,0,2047,3918
4399,4399,0,2047,4083
4400,4400,0,2047,4095
4401,4401,0,2047,4044
4402,4402,0,2047,3843
4403,4403,0,2047,3535
4404,4404,0,2045,3139
4405,4405,0,2047,2676
4406,4406,0,2046,2177
4407,4407,0,2047,1669
4408,4408,0,2047,1183
4409,4409,0,2046,748
4410,4410,0,2046,389
4411,4411,0,2046,129
4412,4412,0,2047,0
4413,4413,0,2046,0
4414,4414,0,2047,54
4415,4415,0,2047,272
4416,4416,0,2046,592
4417,4417,0,2047,999
4418,4418,0,2046,1468
4419,4419,0,2046,1970
4420,4420,0,2047,2477
4421,4421,0,2047,2959
4422,4422,0,2046,3384
4423,4423,0,2046,3731
4424,4424,0,2046,3977
4425,4425,0,2046,4095
4426,4426,0,2046,4095
4427,4427,0,2046,3999
4428,4428,0,2046,3767
4429,4429,0,2047,3433
4430,4430,0,2046,3015
4431,4431,0,2047,2539
4432,4432,0,2047,2034
4433,4433,0,2046,1529
4434,4434,0,2046,1054
4435,4435,0,2046,639
4436,4436,0,2046,306
4437,4437,0,2047,75
4438,4438,0,2046,0
4439,4439,0,2047,0
4440,4440,0,2046,103
4441,4441,0,2047,351
4442,4442,0,2047,698
4443,4443,0,2047,1125
4444,4444,0,2046,1606
4445,4445,0,2047,2114
4446,4446,0,2047,2616
4447,4447,0,2047,3084
4448,4448,0,2047,3490
4449,4449,0,2046,3810
4450,4450,0,2047,4025
4451,4451,0,2046,4095
4452,4452,0,2047,4095
4453,4453,0,2047,3945
4454,4454,0,2046,3683
4455,4455,0,2047,3322
4456,4456,0,2046,2887
4457,4457,0,2046,2400
4458,4458,0,2047,1892
4459,4459,0,2046,1392
4460,4460,0,2047,932
4461,4461,0,2047,536
4462,4462,0,2047,230
4463,4463,0,2046,31
4464,4464,0,2046,0
4465,4465,0,2047,0
4466,4466,0,2047,161
4467,4467,0,2046,439
4468,4468,0,2046,811
4469,4469,0,2046,1256
4470,4470,0,2047,1747
4471,4471,0,2047,2256
4472,4472,0,2046,2752
4473,4473,0,2046,3205
4474,4474,0,2046,3590
4475,4475,0,2047,3882
4476,4476,0,2046,4065
4477,4477,0,2046,4095
4478,4478,0,2047,4065
4479,4479,0,2046,3882
4480,4480,0,2047,3591
4481,4481,0,2047,3206
4482,4482,0,2046,2754
4483,4483,0,2047,2258
4484,4484,0,2047,1750
4485,4485,0,2046,1258
4486,4486,0,2046,813
4487,4487,0,2047,440
4488,4488,0,2046,163
4489,4489,0,2046,0
4490,4490,0,2047,0
4491,4491,0,2046,31
4492,4492,0,2047,229
4493,4493,0,2046,534
4494,4494,0,2046,929
4495,4495,0,2047,1390
4496,4496,0,2047,1889
4497,4497,0,2046,2397
4498,4498,0,2046,2884
4499,4499,0,2046,3320
4500,4500,0,2046,3682
4501,4501,0,2046,3944
4502,4502,0,2046,4094
4503,4503,0,2046,4095
4504,4504,0,2047,4025
4505,4505,0,2047,3812
4506,4506,0,2046,3491
4507,4507,0,2046,3087
4508,4508,0,2047,2618
4509,4509,0,2046,2116
4510,4510,0,2047,1610
4511,4511,0,2047,1128
4512,4512,0,2046,700
4513,4513,0,2047,353
4514,4514,0,2046,104
4515,4515,0,2047,0
4516,4516,0,2047,0
4517,4517,0,2047,74
4518,4518,0,2046,304
4519,4519,0,2047,637
4520,4520,0,2046,1053
4521,4521,0,2047,1527
4522,4522,0,2047,2032
4523,4523,0,2046,2537
4524,4524,0,2046,3012
4525,4525,0,2046,3431
4526,4526,0,2046,3766
4527,4527,0,2047,3998
4528,4528,0,2047,4095
4529,4529,0,2046,4095
4530,4530,0,2046,3977
4531,4531,0,2046,3732
4532,4532,0,2047,3386
4533,4533,0,2046,2961
4534,4534,0,2046,2480
4535,4535,0,2046,1973
4536,4536,0,2047,1471
4537,4537,0,2047,1002
4538,4538,0,2047,595
4539,4539,0,2046,272
4540,4540,0,2047,55
4541,4541,0,2046,0
4542,4542,0,2046,0
4543,4543,0,2047,127
4544,4544,0,2046,388
4545,4545,0,2047,746
4546,4546,0,2046,1180
4547,4547,0,2047,1666
4548,4548,0,2047,2174
4549,4549,0,2046,2674
4550,4550,0,2046,3136
4551,4551,0,2046,3532
4552,4552,0,2046,3842
4553,4553,0,2047,4043
4554,4554,0,2047,4095
4555,4555,0,2047,4083
4556,4556,0,2047,3920
4557,4557,0,2046,3644
4558,4558,0,2047,3274
4559,4559,0,2046,2831
4560,4560,0,2047,2340
4561,4561,0,2046,1832
4562,4562,0,2046,1336
4563,4563,0,2046,881
4564,4564,0,2047,494
4565,4565,0,2047,201
4566,4566,0,2046,16
4567,4567,0,2046,0
4568,4568,0,2046,9
4569,4569,0,2047,189
4570,4570,0,2046,478
4571,4571,0,2046,861
4572,4572,0,2046,1312
4573,4573,0,2047,1807
4574,4574,0,2047,2317
4575,4575,0,2046,2808
4576,4576,0,2047,3255
4577,4577,0,2047,3630
4578,4578,0,2046,3909
4579,4579,0,2046,4078
4580,4580,0,2046,4095
4581,4581,0,2046,4049
4582,4582,0,2046,3853
4583,4583,0,2046,3549
4584,4584,0,2047,3156
4585,4585,0,2047,2697
4586,4586,0,2046,2198
4587,4587,0,2047,1690
4588,4588,0,2046,1202
4589,4589,0,2047,764
4590,4590,0,2046,402
4591,4591,0,2046,137
4592,4592,0,2047,0
4593,4593,0,2046,0
4594,4594,0,2047,48
4595,4595,0,2047,259
4596,4596,0,2046,578
4597,4597,0,2046,981
4598,4598,0,2046,1448
4599,4599,0,2046,1949
4600,4600,0,2047,2457
4601,4601,0,2046,2939
4602,4602,0,2046,3368
4603,4603,0,2047,3718
4604,4604,0,2046,3968
4605,4605,0,2046,4095
4606,4606,0,2047,4095
4607,4607,0,2046,4006
4608,4608,0,2047,3778
4609,4609,0,2046,3448
4610,4610,0,2046,3033
4611,4611,0,2046,2559
4612,4612,0,2046,2055
4613,4613,0,2046,1550
4614,4614,0,2047,1074
4615,4615,0,2047,655
4616,4616,0,2047,318
4617,4617,0,2047,83
4618,4618,0,2047,0
4619,4619,0,2046,0
4620,4620,0,2046,96
4621,4621,0,2047,339
4622,4622,0,2045,681
4623,4623,0,2046,1107
4624,4624,0,2046,1586
4625,4625,0,2046,2093
4626,4626,0,2046,2596
4627,4627,0,2047,3065
4628,4628,0,2046,3475
4629,4629,0,2047,3798
4630,4630,0,2046,4018
4631,4631,0,2047,4095
4632,4632,0,2047,4095
4633,4633,0,2046,3953
4634,4634,0,2047,3695
4635,4635,0,2047,3339
4636,4636,0,2047,2906
4637,4637,0,2047,2420
4638,4638,0,2046,1913
4639,4639,0,2046,1413
4640,4640,0,2047,949
4641,4641,0,2047,551
4642,4642,0,2046,241
4643,4643,0,2046,37
4644,4644,0,2047,0
4645,4645,0,2046,0
4646,4646,0,2047,152
4647,4647,0,2046,426
4648,4648,0,2047,794
4649,4649,0,2046,1236
4650,4650,0,2046,1727
4651,4651,0,2047,2234
4652,4652,0,2047,2732
4653,4653,0,2047,3188
4654,4654,0,2046,3575
4655,4655,0,2047,3871
4656,4656,0,2047,4059
4657,4657,0,2046,4095
4658,4658,0,2046,4069
4659,4659,0,2046,3893
4660,4660,0,2047,3605
4661,4661,0,2046,3225
4662,4662,0,2046,2774
4663,4663,0,2046,2279
4664,4664,0,2047,1771
4665,4665,0,2047,1278
4666,4666,0,2046,830
4667,4667,0,2047,454
4668,4668,0,2046,173
4669,4669,0,2046,1
4670,4670,0,2046,0
4671,4671,0,2046,24
4672,4672,0,2047,218
4673,4673,0,2046,519
4674,4674,0,2046,912
4675,4675,0,2046,1369
4676,4676,0,2046,1868
4677,4677,0,2046,2376
4678,4678,0,2047,2865
4679,4679,0,2047,3303
4680,4680,0,2047,3668
4681,4681,0,2046,3935
4682,4682,0,2046,4090
4683,4683,0,2046,4095
4684,4684,0,2046,4032
4685,4685,0,2046,3822
4686,4686,0,2046,3507
4687,4687,0,2046,3105
4688,4688,0,2046,2639
4689,4689,0,2046,2137
4690,4690,0,2047,1630
4691,4691,0,2046,1147
4692,4692,0,2046,717
4693,4693,0,2046,365
4694,4694,0,2046,112
4695,4695,0,2047,0
4696,4696,0,2047,0
4697,4697,0,2046,66
4698,4698,0,2046,292
4699,4699,0,2046,622
4700,4700,0,2047,1033
4701,4701,0,2046,1506
4702,4702,0,2047,2010
4703,4703,0,2046,2517
4704,4704,0,2047,2993
4705,4705,0,2047,3415
4706,4706,0,2046,3753
4707,4707,0,2046,3991
4708,4708,0,2047,4095
4709,4709,0,2046,4095
4710,4710,0,2046,3984
4711,4711,0,2046,3744
4712,4712,0,2046,3403
4713,4713,0,2046,2980
4714,4714,0,2046,2501
4715,4715,0,2046,1994
4716,4716,0,2047,1490
4717,4717,0,2047,1020
4718,4718,0,2046,609
4719,4719,0,2047,284
4720,4720,0,2046,62
4721,4721,0,2046,0
4722,4722,0,2046,0
4723,4723,0,2046,119
4724,4724,0,2046,375
4725,4725,0,2046,729
4726,4726,0,2047,1161
4727,4727,0,2046,1646
4728,4728,0,2047,2153
4729,4729,0,2047,2653
4730,4730,0,2046,3118
4731,4731,0,2047,3518
4732,4732,0,2046,3830
4733,4733,0,2046,4037
4734,4734,0,2046,4095
4735,4735,0,2047,4087
4736,4736,0,2046,3929
4737,4737,0,2047,3658
4738,4738,0,2046,3291
4739,4739,0,2047,2850
4740,4740,0,2046,2360
4741,4741,0,2047,1852
4742,4742,0,2046,1354
4743,4743,0,2047,898
4744,4744,0,2046,509
4745,4745,0,2046,210
4746,4746,0,2046,21
4747,4747,0,2047,0
4748,4748,0,2047,4
4749,4749,0,2046,179
4750,4750,0,2046,465
4751,4751,0,2047,843
4752,4752,0,2046,1292
4753,4753,0,2046,1786
4754,4754,0,2047,2296
4755,4755,0,2046,2788
4756,4756,0,2047,3238
4757,4757,0,2047,3616
4758,4758,0,2046,3901
4759,4759,0,2047,4074
4760,4760,0,2046,4095
4761,4761,0,2046,4055
4762,4762,0,2046,3863
4763,4763,0,2046,3564
4764,4764,0,2047,3174
4765,4765,0,2047,2717
4766,4766,0,2046,2219
4767,4767,0,2047,1710
4768,4768,0,2046,1222
4769,4769,0,2046,781
4770,4770,0,2046,416
4771,4771,0,2047,146
4772,4772,0,2047,0
4773,4773,0,2046,0
4774,4774,0,2046,42
4775,4775,0,2047,249
4776,4776,0,2046,561
4777,4777,0,2046,963
4778,4778,0,2046,1427
4779,4779,0,2047,1929
4780,4780,0,2046,2436
4781,4781,0,2047,2920
4782,4782,0,2047,3351
4783,4783,0,2046,3706
4784,4784,0,2046,3960
4785,4785,0,2046,4095
4786,4786,0,2046,4095
4787,4787,0,2046,4013
4788,4788,0,2047,3790
4789,4789,0,2047,3464
4790,4790,0,2046,3052
4791,4791,0,2046,2581
4792,4792,0,2047,2076
4793,4793,0,2046,1571
4794,4794,0,2046,1093
4795,4795,0,2046,670
4796,4796,0,2046,330
4797,4797,0,2046,89
4798,4798,0,2047,0
4799,4799,0,2047,0
4800,4800,0,2047,88
4801,4801,0,2046,326
4802,4802,0,2047,666
4803,4803,0,2046,1087
4804,4804,0,2046,1565
4805,4805,0,2046,2071
4806,4806,0,2046,2575
4807,4807,0,2046,3047
4808,4808,0,2047,3459
4809,4809,0,2047,3787
4810,4810,0,2046,4012
4811,4811,0,2047,4095
4812,4812,0,2046,4095
4813,4813,0,2047,3962
4814,4814,0,2047,3708
4815,4815,0,2047,3356
4816,4816,0,2046,2925
4817,4817,0,2047,2441
4818,4818,0,2047,1934
4819,4819,0,2046,1433
4820,4820,0,2046,967
4821,4821,0,2047,566
4822,4822,0,2047,252
4823,4823,0,2047,43
4824,4824,0,2046,0
4825,4825,0,2046,0
4826,4826,0,2047,144
4827,4827,0,2047,412
4828,4828,0,2046,777
4829,4829,0,2046,1216
4830,4830,0,2047,1705
4831,4831,0,2046,2214
4832,4832,0,2046,2712
4833,4833,0,2046,3170
4834,4834,0,2047,3560
4835,4835,0,2047,3861
4836,4836,0,2046,4053
4837,4837,0,2047,4095
4838,4838,0,2047,4074
4839,4839,0,2046,3902
4840,4840,0,2046,3619
4841,4841,0,2046,3243
4842,4842,0,2046,2794
4843,4843,0,2046,2301
4844,4844,0,2047,1791
4845,4845,0,2047,1297
4846,4846,0,2047,848
4847,4847,0,2046,468
4848,4848,0,2046,182
4849,4849,0,2047,6
4850,4850,0,2047,0
4851,4851,0,2046,19
4852,4852,0,2046,208
4853,4853,0,2046,506
4854,4854,0,2047,894
4855,4855,0,2047,1350
4856,4856,0,2046,1847
4857,4857,0,2046,2355
4858,4858,0,2047,2845
4859,4859,0,2046,3287
4860,4860,0,2046,3655
4861,4861,0,2047,3926
4862,4862,0,2046,4086
4863,4863,0,2047,4095
4864,4864,0,2046,4038
4865,4865,0,2046,3834
4866,4866,0,2046,3521
4867,4867,0,2047,3123
4868,4868,0,2047,2659
4869,4869,0,2046,2159
4870,4870,0,2046,1650
4871,4871,0,2046,1166
4872,4872,0,2046,733
4873,4873,0,2046,378
4874,4874,0,2047,120
4875,4875,0,2046,0
4876,4876,0,2046,0
4877,4877,0,2046,60
4878,4878,0,2046,282
4879,4879,0,2046,605
4880,4880,0,2047,1015
4881,4881,0,2046,1486
4882,4882,0,2046,1990
4883,4883,0,2046,2496
4884,4884,0,2046,2975
4885,4885,0,2046,3399
4886,4886,0,2046,3741
4887,4887,0,2047,3983
4888,4888,0,2047,4095
4889,4889,0,2046,4095
4890,4890,0,2047,3992
4891,4891,0,2046,3755
4892,4892,0,2047,3418
4893,4893,0,2046,2998
4894,4894,0,2046,2521
4895,4895,0,2046,2017
4896,4896,0,2047,1512
4897,4897,0,2046,1039
4898,4898,0,2047,625
4899,4899,0,2046,296
4900,4900,0,2046,69
4901,4901,0,2046,0
4902,4902,0,2047,0
4903,4903,0,2046,112
4904,4904,0,2046,362
4905,4905,0,2046,713
4906,4906,0,2046,1142
4907,4907,0,2046,1625
4908,4908,0,2046,2132
4909,4909,0,2046,2634
4910,4910,0,2046,3099
4911,4911,0,2046,3503
4912,4912,0,2047,3820
4913,4913,0,2046,4030
4914,4914,0,2046,4095
4915,4915,0,2046,4091
4916,4916,0,2047,3938
4917,4917,0,2046,3671
4918,4918,0,2046,3308
4919,4919,0,2046,2870
4920,4920,0,2046,2382
4921,4921,0,2047,1873
4922,4922,0,2046,1374
4923,4923,0,2046,916
4924,4924,0,2046,524
4925,4925,0,2046,220
4926,4926,0,2046,26
4927,4927,0,2047,0
4928,4928,0,2047,0
4929,4929,0,2047,170
4930,4930,0,2046,451
4931,4931,0,2047,826
4932,4932,0,2047,1272
4933,4933,0,2046,1765
4934,4934,0,2046,2273
4935,4935,0,2046,2769
4936,4936,0,2046,3220
4937,4937,0,2046,3602
4938,4938,0,2047,3891
4939,4939,0,2047,4068
4940,4940,0,2046,4095
4941,4941,0,2046,4061
4942,4942,0,2047,3874
4943,4943,0,2047,3579
4944,4944,0,2047,3193
4945,4945,0,2046,2736
4946,4946,0,2047,2240
4947,4947,0,2047,1732
4948,4948,0,2047,1241
4949,4949,0,2047,798
4950,4950,0,2047,428
4951,4951,0,2046,155
4952,4952,0,2046,0
4953,4953,0,2046,0
4954,4954,0,2046,35
4955,4955,0,2046,238
4956,4956,0,2046,547
4957,4957,0,2047,945
4958,4958,0,2047,1407
4959,4959,0,2047,1908
4960,4960,0,2046,2416
4961,4961,0,2047,2901
4962,4962,0,2046,3335
4963,4963,0,2046,3692
4964,4964,0,2046,3952
4965,4965,0,2047,4095
4966,4966,0,2047,4095
4967,4967,0,2046,4020
4968,4968,0,2047,3802
4969,4969,0,2047,3479
4970,4970,0,2046,3071
4971,4971,0,2046,2601
4972,4972,0,2046,2098
4973,4973,0,2046,1591
4974,4974,0,2046,1111
4975,4975,0,2046,686
4976,4976,0,2047,341
4977,4977,0,2046,98
4978,4978,0,2047,0
4979,4979,0,2047,0
4980,4980,0,2046,81
4981,4981,0,2047,314
4982,4982,0,2046,651
4983,4983,0,2047,1069
4984,4984,0,2046,1544
4985,4985,0,2047,2050
4986,4986,0,2047,2554
4987,4987,0,2046,3028
4988,4988,0,2046,3444
4989,4989,0,2047,3775
4990,4990,0,2046,4005
4991,4991,0,2046,4095
4992,4992,0,2047,4095
4993,4993,0,2046,3971
4994,4994,0,2046,3722
4995,4995,0,2047,3373
4996,4996,0,2047,2945
4997,4997,0,2047,2462
4998,4998,0,2046,1955
4999,4999,0,2046,1454
5000,5000,0,2046,986
5001,5001,0,2046,581
5002,5002,0,2046,262
5003,5003,0,2046,50
5004,5004,0,2046,0
5005,5005,0,2048,0
5006,5006,0,2047,135
5007,5007,0,2046,399
5008,5008,0,2047,760
5009,5009,0,2046,1197
5010,5010,0,2047,1684
5011,5011,0,2047,2193
5012,5012,0,2047,2691
5013,5013,0,2046,3152
5014,5014,0,2046,3546
5015,5015,0,2046,3851
5016,5016,0,2046,4047
5017,5017,0,2046,4095
5018,5018,0,2046,4080
5019,5019,0,2046,3912
5020,5020,0,2046,3633
5021,5021,0,2046,3260
5022,5022,0,2046,2814
5023,5023,0,2046,2322
5024,5024,0,2046,1813
5025,5025,0,2046,1318
5026,5026,0,2046,864
5027,5027,0,2046,482
5028,5028,0,2046,191
5029,5029,0,2046,11
5030,5030,0,2046,0
5031,5031,0,2046,14
5032,5032,0,2046,198
5033,5033,0,2046,491
5034,5034,0,2046,875
5035,5035,0,2047,1329
5036,5036,0,2047,1826
5037,5037,0,2046,2334
5038,5038,0,2047,2825
5039,5039,0,2047,3270
5040,5040,0,2047,3641
5041,5041,0,2046,3918
5042,5042,0,2046,4082
5043,5043,0,2046,4095
5044,5044,0,2047,4045
5045,5045,0,2046,3845
5046,5046,0,2047,3536
5047,5047,0,2046,3141
5048,5048,0,2047,2679
5049,5049,0,2046,2180
5050,5050,0,2046,1672
5051,5051,0,2046,1186
5052,5052,0,2047,750
5053,5053,0,2047,391
5054,5054,0,2047,129
5055,5055,0,2046,0
5056,5056,0,2046,0
5057,5057,0,2046,53
5058,5058,0,2046,270
5059,5059,0,2046,590
5060,5060,0,2046,997
5061,5061,0,2047,1466
5062,5062,0,2047,1968
5063,5063,0,2046,2474
5064,5064,0,2047,2956
5065,5065,0,2046,3381
5066,5066,0,2046,3729
5067,5067,0,2046,3975
5068,5068,0,2046,4095
5069,5069,0,2046,4095
5070,5070,0,2046,4000
5071,5071,0,2046,3768
5072,5072,0,2046,3435
5073,5073,0,2046,3018
5074,5074,0,2047,2543
5075,5075,0,2046,2037
5076,5076,0,2046,1532
5077,5077,0,2046,1057
5078,5078,0,2047,641
5079,5079,0,2046,307
5080,5080,0,2046,76
5081,5081,0,2047,0
5082,5082,0,2047,0
5083,5083,0,2047,102
5084,5084,0,2046,348
5085,5085,0,2046,695
5086,5086,0,2046,1122
5087,5087,0,2046,1603
5088,5088,0,2046,2110
5089,5089,0,2047,2613
5090,5090,0,2047,3082
5091,5091,0,2046,3488
5092,5092,0,2046,3808
5093,5093,0,2047,4024
5094,5094,0,2046,4095
5095,5095,0,2047,4095
5096,5096,0,2046,3946
5097,5097,0,2046,3685
5098,5098,0,2046,3325
5099,5099,0,2046,2890
5100,5100,0,2046,2403
5101,5101,0,2046,1894
5102,5102,0,2047,1395
5103,5103,0,2047,934
5104,5104,0,2047,538
5105,5105,0,2046,231
5106,5106,0,2047,32
5107,5107,0,2047,0
5108,5108,0,2047,0
5109,5109,0,2046,160
5110,5110,0,2047,437
5111,5111,0,2046,809
5112,5112,0,2046,1252
5113,5113,0,2047,1745
5114,5114,0,2046,2253
5115,5115,0,2047,2749
5116,5116,0,2046,3202
5117,5117,0,2046,3587
5118,5118,0,2046,3880
5119,5119,0,2047,4063
5120,5120,0,2046,4095
5121,5121,0,2047,4066
5122,5122,0,2046,3884
5123,5123,0,2047,3593
5124,5124,0,2046,3210
5125,5125,0,2047,2757
5126,5126,0,2046,2261
5127,5127,0,2046,1753
5128,5128,0,2047,1261
5129,5129,0,2046,816
5130,5130,0,2046,443
5131,5131,0,2046,164
5132,5132,0,2046,0
5133,5133,0,2046,0
5134,5134,0,2047,30
5135,5135,0,2046,227
5136,5136,0,2047,532
5137,5137,0,2047,926
5138,5138,0,2046,1387
5139,5139,0,2046,1886
5140,5140,0,2046,2394
5141,5141,0,2046,2882
5142,5142,0,2046,3318
5143,5143,0,2046,3679
5144,5144,0,2046,3943
5145,5145,0,2047,4094
5146,5146,0,2046,4095
5147,5147,0,2047,4027
5148,5148,0,2047,3813
5149,5149,0,2047,3494
5150,5150,0,2046,3089
5151,5151,0,2046,2622
5152,5152,0,2047,2120
5153,5153,0,2046,1613
5154,5154,0,2047,1130
5155,5155,0,2047,703
5156,5156,0,2046,355
5157,5157,0,2047,107
5158,5158,0,2046,0
5159,5159,0,2047,0
5160,5160,0,2046,72
5161,5161,0,2046,302
5162,5162,0,2046,634
5163,5163,0,2046,1050
5164,5164,0,2046,1524
5165,5165,0,2046,2029
5166,5166,0,2046,2534
5167,5167,0,2046,3010
5168,5168,0,2046,3429
5169,5169,0,2046,3764
5170,5170,0,2047,3997
5171,5171,0,2047,4095
5172,5172,0,2046,4095
5173,5173,0,2046,3978
5174,5174,0,2046,3733
5175,5175,0,2046,3389
5176,5176,0,2046,2963
5177,5177,0,2046,2483
5178,5178,0,2047,1977
5179,5179,0,2046,1474
5180,5180,0,2046,1004
5181,5181,0,2046,596
5182,5182,0,2047,274
5183,5183,0,2046,57
5184,5184,0,2047,0
5185,5185,0,2046,0
5186,5186,0,2046,126
5187,5187,0,2046,385
5188,5188,0,2047,743
5189,5189,0,2046,1177
5190,5190,0,2046,1663
5191,5191,0,2047,2171
5192,5192,0,2046,2671
5193,5193,0,2046,3134
5194,5194,0,2046,3531
5195,5195,0,2046,3840
5196,5196,0,2047,4041
5197,5197,0,2046,4095
5198,5198,0,2046,4084
5199,5199,0,2047,3921
5200,5200,0,2046,3646
5201,5201,0,2046,3276
5202,5202,0,2046,2833
5203,5203,0,2046,2342
5204,5204,0,2047,1835
5205,5205,0,2046,1338
5206,5206,0,2047,882
5207,5207,0,2047,497
5208,5208,0,2047,202
5209,5209,0,2046,16
5210,5210,0,2046,0
5211,5211,0,2046,9
5212,5212,0,2047,187
5213,5213,0,2047,476
5214,5214,0,2047,857
5215,5215,0,2046,1309
5216,5216,0,2046,1804
5217,5217,0,2047,2313
5218,5218,0,2047,2805
5219,5219,0,2046,3253
5220,5220,0,2046,3628
5221,5221,0,2046,3908
5222,5222,0,2046,4078
5223,5223,0,2046,4095
5224,5224,0,2047,4050
5225,5225,0,2046,3855
5226,5226,0,2046,3552
5227,5227,0,2046,3159
5228,5228,0,2046,2700
5229,5229,0,2046,2201
5230,5230,0,2047,1693
5231,5231,0,2047,1205
5232,5232,0,2046,767
5233,5233,0,2047,404
5234,5234,0,2047,138
5235,5235,0,2046,0
5236,5236,0,2046,0
5237,5237,0,2046,47
5238,5238,0,2046,259
5239,5239,0,2047,575
5240,5240,0,2046,979
5241,5241,0,2046,1445
5242,5242,0,2047,1946
5243,5243,0,2046,2454
5244,5244,0,2047,2936
5245,5245,0,2046,3365
5246,5246,0,2047,3716
5247,5247,0,2046,3967
5248,5248,0,2047,4095
5249,5249,0,2047,4095
5250,5250,0,2046,4008
5251,5251,0,2047,3780
5252,5252,0,2046,3450
5253,5253,0,2046,3036
5254,5254,0,2046,2563
5255,5255,0,2047,2058
5256,5256,0,2046,1553
5257,5257,0,2046,1076
5258,5258,0,2046,656
5259,5259,0,2046,319
5260,5260,0,2046,83
5261,5261,0,2046,0
5262,5262,0,2047,0
5263,5263,0,2046,95
5264,5264,0,2047,337
5265,5265,0,2047,679
5266,5266,0,2046,1103
5267,5267,0,2046,1583
5268,5268,0,2046,2089
5269,5269,0,2047,2592
5270,5270,0,2046,3063
5271,5271,0,2046,3473
5272,5272,0,2046,3796
5273,5273,0,2047,4017
5274,5274,0,2047,4095
5275,5275,0,2047,4095
5276,5276,0,2046,3954
5277,5277,0,2046,3698
5278,5278,0,2046,3341
5279,5279,0,2046,2909
5280,5280,0,2046,2423
5281,5281,0,2046,1916
5282,5282,0,2046,1416
5283,5283,0,2047,953
5284,5284,0,2046,553
5285,5285,0,2046,243
5286,5286,0,2047,38
5287,5287,0,2047,0
5288,5288,0,2046,0
5289,5289,0,2046,151
5290,5290,0,2046,424
5291,5291,0,2047,791
5292,5292,0,2046,1233
5293,5293,0,2046,1723
5294,5294,0,2046,2232
5295,5295,0,2046,2728
5296,5296,0,2046,3185
5297,5297,0,2046,3573
5298,5298,0,2046,3870
5299,5299,0,2047,4058
5300,5300,0,2046,4095
5301,5301,0,2046,4071
5302,5302,0,2046,3894
5303,5303,0,2045,3607
5304,5304,0,2047,3228
5305,5305,0,2047,2777
5306,5306,0,2046,2283
5307,5307,0,2046,1774
5308,5308,0,2047,1281
5309,5309,0,2046,833
5310,5310,0,2046,456
5311,5311,0,2047,174
5312,5312,0,2046,2
5313,5313,0,2046,0
5314,5314,0,2047,24
5315,5315,0,2046,216
5316,5316,0,2046,517
5317,5317,0,2046,909
5318,5318,0,2047,1367
5319,5319,0,2046,1865
5320,5320,0,2047,2373
5321,5321,0,2047,2861
5322,5322,0,2046,3302
5323,5323,0,2047,3666
5324,5324,0,2046,3934
5325,5325,0,2046,4090
5326,5326,0,2046,4095
5327,5327,0,2046,4034
5328,5328,0,2046,3825
5329,5329,0,2046,3509
5330,5330,0,2046,3108
5331,5331,0,2046,2642
5332,5332,0,2046,2141
5333,5333,0,2046,1633
5334,5334,0,2046,1150
5335,5335,0,2046,719
5336,5336,0,2046,367
5337,5337,0,2046,114
5338,5338,0,2046,0
5339,5339,0,2047,0
5340,5340,0,2047,66
5341,5341,0,2046,290
5342,5342,0,2047,619
5343,5343,0,2046,1031
5344,5344,0,2047,1503
5345,5345,0,2047,2007
5346,5346,0,2046,2513
5347,5347,0,2046,2991
5348,5348,0,2047,3412
5349,5349,0,2047,3752
5350,5350,0,2046,3990
5351,5351,0,2047,4095
5352,5352,0,2046,4095
5353,5353,0,2046,3986
5354,5354,0,2047,3746
5355,5355,0,2047,3405
5356,5356,0,2046,2982
5357,5357,0,2046,2504
5358,5358,0,2047,1998
5359,5359,0,2046,1495
5360,5360,0,2047,1023
5361,5361,0,2046,612
5362,5362,0,2046,286
5363,5363,0,2046,63
5364,5364,0,2046,0
5365,5365,0,2046,0
5366,5366,0,2047,118
5367,5367,0,2046,373
5368,5368,0,2046,727
5369,5369,0,2047,1158
5370,5370,0,2046,1643
5371,5371,0,2046,2151
5372,5372,0,2047,2651
5373,5373,0,2046,3115
5374,5374,0,2046,3516
5375,5375,0,2046,3829
5376,5376,0,2047,4036
5377,5377,0,2046,4095
5378,5378,0,2046,4088
5379,5379,0,2046,3930
5380,5380,0,2047,3660
5381,5381,0,2046,3294
5382,5382,0,2046,2853
5383,5383,0,2046,2364
5384,5384,0,2046,1855
5385,5385,0,2046,1358
5386,5386,0,2047,901
5387,5387,0,2047,511
5388,5388,0,2046,212
5389,5389,0,2047,22
5390,5390,0,2047,0
5391,5391,0,2046,4
5392,5392,0,2047,178
5393,5393,0,2046,462
5394,5394,0,2046,841
5395,5395,0,2046,1289
5396,5396,0,2046,1783
5397,5397,0,2047,2292
5398,5398,0,2046,2785
5399,5399,0,2046,3235
5400,5400,0,2046,3614
5401,5401,0,2046,3898
5402,5402,0,2046,4073
5403,5403,0,2047,4095
5404,5404,0,2047,4056
5405,5405,0,2046,3865
5406,5406,0,2047,3566
5407,5407,0,2046,3177
5408,5408,0,2046,2720
5409,5409,0,2046,2223
5410,5410,0,2046,1714
5411,5411,0,2047,1225
5412,5412,0,2046,784
5413,5413,0,2047,418
5414,5414,0,2046,148
5415,5415,0,2046,0
5416,5416,0,2046,0
5417,5417,0,2046,41
5418,5418,0,2046,247
5419,5419,0,2046,560
5420,5420,0,2046,960
5421,5421,0,2045,1424
5422,5422,0,2047,1925
5423,5423,0,2046,2433
5424,5424,0,2047,2917
5425,5425,0,2047,3349
5426,5426,0,2047,3703
5427,5427,0,2047,3958
5428,5428,0,2047,4095
5429,5429,0,2046,4095
5430,5430,0,2046,4014
5431,5431,0,2047,3792
5432,5432,0,2047,3466
5433,5433,0,2046,3055
5434,5434,0,2047,2583
5435,5435,0,2046,2080
5436,5436,0,2047,1573
5437,5437,0,2047,1096
5438,5438,0,2046,673
5439,5439,0,2047,331
5440,5440,0,2046,91
5441,5441,0,2046,0
5442,5442,0,2047,0
5443,5443,0,2046,87
5444,5444,0,2047,325
5445,5445,0,2047,664
5446,5446,0,2047,1085
5447,5447,0,2047,1562
5448,5448,0,2047,2068
5449,5449,0,2046,2572
5450,5450,0,2046,3045
5451,5451,0,2047,3457
5452,5452,0,2046,3785
5453,5453,0,2047,4011
5454,5454,0,2046,4095
5455,5455,0,2046,4095
5456,5456,0,2046,3964
5457,5457,0,2047,3710
5458,5458,0,2046,3358
5459,5459,0,2046,2928
5460,5460,0,2046,2444
5461,5461,0,2047,1937
5462,5462,0,2047,1436
5463,5463,0,2046,970
5464,5464,0,2046,569
5465,5465,0,2046,253
5466,5466,0,2046,45
5467,5467,0,2046,0
5468,5468,0,2046,0
5469,5469,0,2046,142
5470,5470,0,2047,411
5471,5471,0,2046,774
5472,5472,0,2046,1213
5473,5473,0,2046,1702
5474,5474,0,2047,2211
5475,5475,0,2047,2708
5476,5476,0,2047,3167
5477,5477,0,2046,3559
5478,5478,0,2046,3860
5479,5479,0,2046,4052
5480,5480,0,2045,4095
5481,5481,0,2047,4075
5482,5482,0,2046,3903
5483,5483,0,2046,3621
5484,5484,0,2046,3245
5485,5485,0,2047,2797
5486,5486,0,2046,2304
5487,5487,0,2047,1795
5488,5488,0,2046,1301
5489,5489,0,2046,850
5490,5490,0,2046,470
5491,5491,0,2046,184
5492,5492,0,2047,7
5493,5493,0,2047,0
5494,5494,0,2046,19
5495,5495,0,2047,207
5496,5496,0,2047,504
5497,5497,0,2046,890
5498,5498,0,2046,1347
5499,5499,0,2046,1843
5500,5500,0,2047,2352
5501,5501,0,2046,2842
5502,5502,0,2047,3284
5503,5503,0,2046,3653
5504,5504,0,2046,3925
5505,5505,0,2046,4086
5506,5506,0,2046,4095
5507,5507,0,2047,4039
5508,5508,0,2047,3836
5509,5509,0,2047,3525
5510,5510,0,2046,3126
5511,5511,0,2046,2662
5512,5512,0,2046,2161
5513,5513,0,2047,1654
5514,5514,0,2046,1169
5515,5515,0,2047,737
5516,5516,0,2046,380
5517,5517,0,2046,122
5518,5518,0,2047,0
5519,5519,0,2046,0
5520,5520,0,2047,59
5521,5521,0,2046,279
5522,5522,0,2046,604
5523,5523,0,2047,1013
5524,5524,0,2046,1483
5525,5525,0,2046,1987
5526,5526,0,2046,2493
5527,5527,0,2047,2972
5528,5528,0,2047,3396
5529,5529,0,2047,3738
5530,5530,0,2046,3982
5531,5531,0,2046,4095
5532,5532,0,2046,4095
5533,5533,0,2046,3994
5534,5534,0,2047,3758
5535,5535,0,2047,3421
5536,5536,0,2047,3001
5537,5537,0,2047,2524
5538,5538,0,2046,2019
5539,5539,0,2046,1515
5540,5540,0,2047,1042
5541,5541,0,2047,628
5542,5542,0,2046,297
5543,5543,0,2046,71
5544,5544,0,2046,0
5545,5545,0,2046,0
5546,5546,0,2047,109
5547,5547,0,2047,360
5548,5548,0,2047,710
5549,5549,0,2047,1139
5550,5550,0,2047,1622
5551,5551,0,2047,2129
5552,5552,0,2046,2631
5553,5553,0,2047,3098
5554,5554,0,2046,3501
5555,5555,0,2046,3819
5556,5556,0,2047,4030
5557,5557,0,2047,4095
5558,5558,0,2047,4092
5559,5559,0,2047,3939
5560,5560,0,2046,3674
5561,5561,0,2046,3311
5562,5562,0,2046,2872
5563,5563,0,2046,2386
5564,5564,0,2046,1877
5565,5565,0,2046,1378
5566,5566,0,2047,918
5567,5567,0,2046,526
5568,5568,0,2047,222
5569,5569,0,2047,27
5570,5570,0,2047,0
5571,5571,0,2046,0
5572,5572,0,2046,168
5573,5573,0,2046,449
5574,5574,0,2046,822
5575,5575,0,2046,1269
5576,5576,0,2046,1762
5577,5577,0,2047,2271
5578,5578,0,2046,2765
5579,5579,0,2046,3218
5580,5580,0,2047,3600
5581,5581,0,2046,3888
5582,5582,0,2046,4068
5583,5583,0,2046,4095
5584,5584,0,2046,4061
5585,5585,0,2046,3876
5586,5586,0,2046,3581
5587,5587,0,2046,3195
5588,5588,0,2046,2740
5589,5589,0,2047,2244
5590,5590,0,2046,1735
5591,5591,0,2047,1245
5592,5592,0,2046,801
5593,5593,0,2047,431
5594,5594,0,2047,156
5595,5595,0,2046,0
5596,5596,0,2047,0
5597,5597,0,2047,35
5598,5598,0,2047,236
5599,5599,0,2047,545
5600,5600,0,2047,942
5601,5601,0,2046,1404
5602,5602,0,2046,1904
5603,5603,0,2047,2412
5604,5604,0,2046,2898
5605,5605,0,2047,3332
5606,5606,0,2047,3691
5607,5607,0,2047,3950
5608,5608,0,2046,4095
5609,5609,0,2047,4095
5610,5610,0,2046,4022
5611,5611,0,2046,3804
5612,5612,0,2046,3481
5613,5613,0,2047,3074
5614,5614,0,2046,2605
5615,5615,0,2047,2101
5616,5616,0,2047,1594
5617,5617,0,2046,1114
5618,5618,0,2046,689
5619,5619,0,2046,344
5620,5620,0,2046,99
5621,5621,0,2047,0
5622,5622,0,2047,0
5623,5623,0,2047,79
5624,5624,0,2046,312
5625,5625,0,2047,648
5626,5626,0,2046,1066
5627,5627,0,2046,1542
5628,5628,0,2047,2046
5629,5629,0,2047,2551
5630,5630,0,2047,3026
5631,5631,0,2046,3442
5632,5632,0,2047,3773
5633,5633,0,2046,4003
5634,5634,0,2046,4095
5635,5635,0,2046,4095
5636,5636,0,2047,3972
5637,5637,0,2046,3723
5638,5638,0,2046,3375
5639,5639,0,2047,2947
5640,5640,0,2047,2465
5641,5641,0,2046,1958
5642,5642,0,2047,1456
5643,5643,0,2046,989
5644,5644,0,2046,584
5645,5645,0,2047,265
5646,5646,0,2047,51
5647,5647,0,2046,0
5648,5648,0,2047,0
5649,5649,0,2047,134
5650,5650,0,2046,397
5651,5651,0,2047,757
5652,5652,0,2047,1194
5653,5653,0,2046,1681
5654,5654,0,2047,2189
5655,5655,0,2046,2688
5656,5656,0,2046,3150
5657,5657,0,2046,3544
5658,5658,0,2047,3849
5659,5659,0,2046,4047
5660,5660,0,2047,4095
5661,5661,0,2047,4081
5662,5662,0,2047,3913
5663,5663,0,2046,3635
5664,5664,0,2046,3262
5665,5665,0,2047,2817
5666,5666,0,2046,2325
5667,5667,0,2047,1816
5668,5668,0,2047,1322
5669,5669,0,2047,868
5670,5670,0,2047,485
5671,5671,0,2047,194
5672,5672,0,2046,12
5673,5673,0,2046,0
5674,5674,0,2047,13
5675,5675,0,2047,196
5676,5676,0,2046,488
5677,5677,0,2046,873
5678,5678,0,2047,1326
5679,5679,0,2047,1822
5680,5680,0,2046,2331
5681,5681,0,2046,2823
5682,5682,0,2047,3267
5683,5683,0,2047,3639
5684,5684,0,2047,3916
5685,5685,0,2047,4081
5686,5686,0,2046,4095
5687,5687,0,2046,4045
5688,5688,0,2047,3846
5689,5689,0,2047,3539
5690,5690,0,2047,3144
5691,5691,0,2046,2682
5692,5692,0,2046,2183
5693,5693,0,2046,1675
5694,5694,0,2046,1189
5695,5695,0,2046,753
5696,5696,0,2047,394
5697,5697,0,2047,131
5698,5698,0,2047,0
5699,5699,0,2047,0
5700,5700,0,2046,53
5701,5701,0,2046,268
5702,5702,0,2046,587
5703,5703,0,2047,994
5704,5704,0,2046,1462
5705,5705,0,2046,1964
5706,5706,0,2046,2472
5707,5707,0,2047,2952
5708,5708,0,2047,3380
5709,5709,0,2046,3727
5710,5710,0,2046,3974
5711,5711,0,2046,4095
5712,5712,0,2047,4095
5713,5713,0,2046,4001
5714,5714,0,2046,3770
5715,5715,0,2046,3438
5716,5716,0,2046,3020
5717,5717,0,2045,2545
5718,5718,0,2046,2041
5719,5719,0,2047,1535
5720,5720,0,2046,1060
5721,5721,0,2046,643
5722,5722,0,2046,309
5723,5723,0,2046,77
5724,5724,0,2046,0
5725,5725,0,2047,0
5726,5726,0,2047,101
5727,5727,0,2046,347
5728,5728,0,2046,693
5729,5729,0,2046,1120
5730,5730,0,2046,1600
5731,5731,0,2047,2107
5732,5732,0,2046,2609
5733,5733,0,2047,3078
5734,5734,0,2046,3486
5735,5735,0,2047,3808
5736,5736,0,2046,4024
5737,5737,0,2046,4095
5738,5738,0,2047,4095
5739,5739,0,2046,3948
5740,5740,0,2046,3687
5741,5741,0,2047,3328
5742,5742,0,2046,2892
5743,5743,0,2047,2406
5744,5744,0,2046,1898
5745,5745,0,2046,1398
5746,5746,0,2047,937
5747,5747,0,2047,540
5748,5748,0,2046,233
5749,5749,0,2047,33
5750,5750,0,2046,0
5751,5751,0,2047,0
5752,5752,0,2047,159
5753,5753,0,2046,435
5754,5754,0,2047,806
5755,5755,0,2046,1250
5756,5756,0,2046,1741
5757,5757,0,2046,2250
5758,5758,0,2047,2746
5759,5759,0,2047,3200
5760,5760,0,2047,3585
5761,5761,0,2047,3879
5762,5762,0,2047,4063
5763,5763,0,2047,4095
5764,5764,0,2046,4067
5765,5765,0,2046,3886
5766,5766,0,2046,3595
5767,5767,0,2046,3212
5768,5768,0,2046,2760
5769,5769,0,2046,2265
5770,5770,0,2047,1756
5771,5771,0,2046,1264
5772,5772,0,2046,817
5773,5773,0,2047,444
5774,5774,0,2046,166
5775,5775,0,2046,0
5776,5776,0,2047,0
5777,5777,0,2047,29
5778,5778,0,2046,226
5779,5779,0,2047,530
5780,5780,0,2046,924
5781,5781,0,2046,1383
5782,5782,0,2047,1883
5783,5783,0,2046,2391
5784,5784,0,2047,2878
5785,5785,0,2047,3316
5786,5786,0,2047,3677
5787,5787,0,2047,3941
5788,5788,0,2047,4093
5789,5789,0,2046,4095
5790,5790,0,2047,4028
5791,5791,0,2046,3815
5792,5792,0,2046,3497
5793,5793,0,2047,3091
5794,5794,0,2046,2624
5795,5795,0,2046,2122
5796,5796,0,2047,1616
5797,5797,0,2047,1134
5798,5798,0,2046,706
5799,5799,0,2047,356
5800,5800,0,2046,108
5801,5801,0,2046,0
5802,5802,0,2047,0
5803,5803,0,2046,71
5804,5804,0,2046,300
5805,5805,0,2047,632
5806,5806,0,2046,1048
5807,5807,0,2047,1521
5808,5808,0,2047,2025
5809,5809,0,2046,2531
5810,5810,0,2046,3007
5811,5811,0,2046,3426
5812,5812,0,2046,3761
5813,5813,0,2046,3996
5814,5814,0,2046,4095
5815,5815,0,2046,4095
5816,5816,0,2046,3979
5817,5817,0,2046,3735
5818,5818,0,2046,3391
5819,5819,0,2047,2966
5820,5820,0,2046,2486
5821,5821,0,2046,1979
5822,5822,0,2046,1477
5823,5823,0,2046,1008
5824,5824,0,2046,599
5825,5825,0,2046,276
5826,5826,0,2047,58
5827,5827,0,2047,0
5828,5828,0,2046,0
5829,5829,0,2046,125
5830,5830,0,2046,384
5831,5831,0,2046,740
5832,5832,0,2047,1174
5833,5833,0,2047,1660
5834,5834,0,2046,2168
5835,5835,0,2046,2668
5836,5836,0,2046,3131
5837,5837,0,2047,3528
5838,5838,0,2047,3839
5839,5839,0,2047,4041
5840,5840,0,2046,4095
5841,5841,0,2046,4084
5842,5842,0,2046,3922
5843,5843,0,2046,3648
5844,5844,0,2046,3279
5845,5845,0,2047,2837
5846,5846,0,2046,2346
5847,5847,0,2046,1837
5848,5848,0,2047,1341
5849,5849,0,2047,885
5850,5850,0,2047,499
5851,5851,0,2046,204
5852,5852,0,2046,17
5853,5853,0,2047,0
5854,5854,0,2047,8
5855,5855,0,2046,186
5856,5856,0,2046,475
5857,5857,0,2047,855
5858,5858,0,2047,1306
5859,5859,0,2047,1800
5860,5860,0,2046,2310
5861,5861,0,2046,2803
5862,5862,0,2047,3249
5863,5863,0,2046,3626
5864,5864,0,2046,3907
5865,5865,0,2046,4077
5866,5866,0,2046,4095
5867,5867,0,2046,4051
5868,5868,0,2046,3857
5869,5869,0,2046,3554
5870,5870,0,2046,3162
5871,5871,0,2046,2703
5872,5872,0,2046,2205
5873,5873,0,2046,1696
5874,5874,0,2047,1208
5875,5875,0,2047,770
5876,5876,0,2047,406
5877,5877,0,2046,140
5878,5878,0,2047,0
5879,5879,0,2047,0
5880,5880,0,2046,46
5881,5881,0,2047,256
5882,5882,0,2046,572
5883,5883,0,2046,976
5884,5884,0,2046,1441
5885,5885,0,2046,1943
5886,5886,0,2046,2450
5887,5887,0,2047,2933
5888,5888,0,2047,3363
5889,5889,0,2046,3714
5890,5890,0,2046,3966
5891,5891,0,2046,4095
5892,5892,0,2046,4095
5893,5893,0,2047,4008
5894,5894,0,2046,3782
5895,5895,0,2047,3453
5896,5896,0,2046,3040
5897,5897,0,2047,2566
5898,5898,0,2046,2061
5899,5899,0,2047,1556
5900,5900,0,2047,1079
5901,5901,0,2046,659
5902,5902,0,2047,321
5903,5903,0,2046,85
5904,5904,0,2047,0
5905,5905,0,2047,0
5906,5906,0,2046,94
5907,5907,0,2046,334
5908,5908,0,2047,677
5909,5909,0,2046,1101
5910,5910,0,2047,1580
5911,5911,0,2047,2086
5912,5912,0,2046,2589
5913,5913,0,2046,3060
5914,5914,0,2047,3470
5915,5915,0,2047,3796
5916,5916,0,2046,4016
5917,5917,0,2046,4095
5918,5918,0,2047,4095
5919,5919,0,2046,3956
5920,5920,0,2047,3700
5921,5921,0,2046,3345
5922,5922,0,2046,2911
5923,5923,0,2046,2427
5924,5924,0,2046,1919
5925,5925,0,2046,1418
5926,5926,0,2046,955
5927,5927,0,2047,556
5928,5928,0,2046,244
5929,5929,0,2047,40
5930,5930,0,2047,0
5931,5931,0,2046,0
5932,5932,0,2047,150
5933,5933,0,2046,422
5934,5934,0,2047,789
5935,5935,0,2047,1230
5936,5936,0,2046,1721
5937,5937,0,2046,2228
5938,5938,0,2046,2726
5939,5939,0,2047,3182
5940,5940,0,2046,3570
5941,5941,0,2046,3869
5942,5942,0,2046,4057
5943,5943,0,2046,4095
5944,5944,0,2047,4072
5945,5945,0,2046,3896
5946,5946,0,2047,3609
5947,5947,0,2046,3230
5948,5948,0,2046,2780
5949,5949,0,2046,2286
5950,5950,0,2046,1777
5951,5951,0,2047,1284
5952,5952,0,2047,835
5953,5953,0,2046,459
5954,5954,0,2046,175
5955,5955,0,2046,3
5956,5956,0,2046,0
5957,5957,0,2047,22
5958,5958,0,2046,215
5959,5959,0,2046,515
5960,5960,0,2046,906
5961,5961,0,2046,1364
5962,5962,0,2047,1861
5963,5963,0,2047,2370
5964,5964,0,2046,2859
5965,5965,0,2046,3299
5966,5966,0,2047,3664
5967,5967,0,2047,3933
5968,5968,0,2046,4089
5969,5969,0,2047,4095
5970,5970,0,2047,4034
5971,5971,0,2047,3826
5972,5972,0,2046,3512
5973,5973,0,2047,3110
5974,5974,0,2046,2645
5975,5975,0,2047,2144
5976,5976,0,2047,1636
5977,5977,0,2047,1153
5978,5978,0,2046,722
5979,5979,0,2047,369
5980,5980,0,2046,115
5981,5981,0,2047,0
5982,5982,0,2046,0
5983,5983,0,2046,65
5984,5984,0,2046,289
5985,5985,0,2046,616
5986,5986,0,2047,1029
5987,5987,0,2046,1500
5988,5988,0,2047,2004
5989,5989,0,2046,2510
5990,5990,0,2047,2988
5991,5991,0,2046,3410
5992,5992,0,2047,3749
5993,5993,0,2046,3989
5994,5994,0,2046,4095
5995,5995,0,2046,4095
5996,5996,0,2047,3987
5997,5997,0,2047,3748
5998,5998,0,2047,3408
5999,5999,0,2046,2986
6000,6000,0,2047,2507
6001,6001,0,2047,2001
6002,6002,0,2046,1498
6003,6003,0,2047,1026
6004,6004,0,2047,614
6005,6005,0,2046,288
6006,6006,0,2046,64
6007,6007,0,2046,0
6008,6008,0,2046,0
6009,6009,0,2046,116
6010,6010,0,2046,371
6011,6011,0,2047,724
6012,6012,0,2047,1155
6013,6013,0,2047,1639
6014,6014,0,2046,2147
6015,6015,0,2046,2647
6016,6016,0,2046,3113
6017,6017,0,2046,3514
6018,6018,0,2046,3827
6019,6019,0,2046,4035
6020,6020,0,2047,4095
6021,6021,0,2046,4089
6022,6022,0,2046,3931
6023,6023,0,2047,3662
6024,6024,0,2046,3296
6025,6025,0,2046,2856
6026,6026,0,2046,2367
6027,6027,0,2047,1859
6028,6028,0,2047,1361
6029,6029,0,2046,903
6030,6030,0,2047,514
6031,6031,0,2046,214
6032,6032,0,2046,22
6033,6033,0,2046,0
6034,6034,0,2047,3
6035,6035,0,2046,176
6036,6036,0,2046,460
6037,6037,0,2046,838
6038,6038,0,2047,1286
6039,6039,0,2046,1780
6040,6040,0,2047,2288
6041,6041,0,2047,2782
6042,6042,0,2046,3233
6043,6043,0,2047,3611
6044,6044,0,2047,3897
6045,6045,0,2046,4071
6046,6046,0,2047,4095
6047,6047,0,2046,4057
6048,6048,0,2047,3867
6049,6049,0,2046,3569
6050,6050,0,2046,3180
6051,6051,0,2047,2723
6052,6052,0,2047,2226
6053,6053,0,2047,1717
6054,6054,0,2047,1228
6055,6055,0,2046,787
6056,6056,0,2047,420
6057,6057,0,2046,149
6058,6058,0,2046,0
6059,6059,0,2047,0
6060,6060,0,2046,39
6061,6061,0,2046,245
6062,6062,0,2046,557
6063,6063,0,2046,956
6064,6064,0,2047,1421
6065,6065,0,2046,1922
6066,6066,0,2046,2430
6067,6067,0,2047,2914
6068,6068,0,2047,3346
6069,6069,0,2046,3701
6070,6070,0,2046,3958
6071,6071,0,2046,4095
6072,6072,0,2046,4095
6073,6073,0,2046,4016
6074,6074,0,2046,3794
6075,6075,0,2046,3468
6076,6076,0,2046,3058
6077,6077,0,2046,2587
6078,6078,0,2047,2082
6079,6079,0,2047,1577
6080,6080,0,2047,1098
6081,6081,0,2046,675
6082,6082,0,2046,334
6083,6083,0,2046,92
6084,6084,0,2046,0
6085,6085,0,2046,0
6086,6086,0,2047,86
6087,6087,0,2046,322
6088,6088,0,2046,661
6089,6089,0,2046,1082
6090,6090,0,2047,1559
6091,6091,0,2047,2064
6092,6092,0,2046,2569
6093,6093,0,2047,3042
6094,6094,0,2045,3455
6095,6095,0,2046,3783
6096,6096,0,2046,4009
6097,6097,0,2047,4095
6098,6098,0,2046,4095
6099,6099,0,2047,3965
6100,6100,0,2046,3713
6101,6101,0,2047,3361
6102,6102,0,2046,2931
6103,6103,0,2046,2448
6104,6104,0,2046,1941
6105,6105,0,2046,1439
6106,6106,0,2046,973
6107,6107,0,2046,571
6108,6108,0,2046,255
6109,6109,0,2046,46
6110,6110,0,2047,0
6111,6111,0,2046,0
6112,6112,0,2047,141
6113,6113,0,2046,408
6114,6114,0,2046,771
6115,6115,0,2046,1210
6116,6116,0,2046,1699
6117,6117,0,2047,2206
6118,6118,0,2047,2705
6119,6119,0,2047,3164
6120,6120,0,2046,3556
6121,6121,0,2046,3858
6122,6122,0,2046,4052
6123,6123,0,2046,4095
6124,6124,0,2046,4076
6125,6125,0,2046,3905
6126,6126,0,2046,3623
6127,6127,0,2046,3247
6128,6128,0,2046,2800
6129,6129,0,2047,2307
6130,6130,0,2047,1798
6131,6131,0,2046,1304
6132,6132,0,2046,853
6133,6133,0,2047,473
6134,6134,0,2046,185
6135,6135,0,2046,8
6136,6136,0,2046,0
6137,6137,0,2046,17
6138,6138,0,2046,205
6139,6139,0,2047,500
6140,6140,0,2046,888
6141,6141,0,2046,1343
6142,6142,0,2046,1839
6143,6143,0,2047,2349
6144,6144,0,2046,2838
6145,6145,0,2047,3281
6146,6146,0,2046,3650
6147,6147,0,2046,3924
6148,6148,0,2046,4085
6149,6149,0,2047,4095
6150,6150,0,2047,4040
6151,6151,0,2047,3837
6152,6152,0,2046,3527
6153,6153,0,2046,3129
6154,6154,0,2046,2666
6155,6155,0,2046,2165
6156,6156,0,2046,1657
6157,6157,0,2046,1172
6158,6158,0,2046,739
6159,6159,0,2046,382
6160,6160,0,2046,124
6161,6161,0,2047,0
6162,6162,0,2047,0
6163,6163,0,2046,57
6164,6164,0,2047,276
6165,6165,0,2046,600
6166,6166,0,2047,1009
6167,6167,0,2046,1479
6168,6168,0,2046,1983
6169,6169,0,2046,2489
6170,6170,0,2046,2969
6171,6171,0,2047,3393
6172,6172,0,2046,3737
6173,6173,0,2046,3980
6174,6174,0,2046,4095
6175,6175,0,2047,4095
6176,6176,0,2046,3995
6177,6177,0,2046,3760
6178,6178,0,2047,3424
6179,6179,0,2047,3005
6180,6180,0,2047,2528
6181,6181,0,2046,2023
6182,6182,0,2047,1518
6183,6183,0,2047,1045
6184,6184,0,2046,631
6185,6185,0,2046,300
6186,6186,0,2047,72
6187,6187,0,2046,0
6188,6188,0,2046,0
6189,6189,0,2046,108
6190,6190,0,2046,358
6191,6191,0,2047,708
6192,6192,0,2046,1135
6193,6193,0,2046,1618
6194,6194,0,2046,2125
6195,6195,0,2046,2627
6196,6196,0,2046,3094
6197,6197,0,2046,3498
6198,6198,0,2046,3817
6199,6199,0,2047,4029
6200,6200,0,2046,4095
6201,6201,0,2047,4093
6202,6202,0,2047,3941
6203,6203,0,2046,3676
6204,6204,0,2047,3314
6205,6205,0,2047,2877
6206,6206,0,2047,2388
6207,6207,0,2046,1880
6208,6208,0,2046,1382
6209,6209,0,2046,922
6210,6210,0,2046,528
6211,6211,0,2046,224
6212,6212,0,2047,28
6213,6213,0,2046,0
6214,6214,0,2046,0
6215,6215,0,2047,167
6216,6216,0,2047,447
6217,6217,0,2046,821
6218,6218,0,2047,1266
6219,6219,0,2046,1758
6220,6220,0,2047,2267
6221,6221,0,2046,2762
6222,6222,0,2047,3215
6223,6223,0,2046,3597
6224,6224,0,2046,3887
6225,6225,0,2046,4067
6226,6226,0,2046,4095
6227,6227,0,2046,4062
6228,6228,0,2046,3878
6229,6229,0,2046,3584
6230,6230,0,2047,3197
6231,6231,0,2047,2743
6232,6232,0,2046,2247
6233,6233,0,2046,1738
6234,6234,0,2046,1247
6235,6235,0,2047,804
6236,6236,0,2046,433
6237,6237,0,2046,157
6238,6238,0,2046,0
6239,6239,0,2046,0
6240,6240,0,2047,33
6241,6241,0,2046,235
6242,6242,0,2046,542
6243,6243,0,2046,939
6244,6244,0,2047,1400
6245,6245,0,2046,1900
6246,6246,0,2047,2409
6247,6247,0,2046,2894
6248,6248,0,2046,3330
6249,6249,0,2046,3688
6250,6250,0,2046,3949
6251,6251,0,2046,4095
6252,6252,0,2046,4095
6253,6253,0,2047,4022
6254,6254,0,2046,3806
6255,6255,0,2047,3484
6256,6256,0,2046,3076
6257,6257,0,2046,2608
6258,6258,0,2046,2105
6259,6259,0,2046,1598
6260,6260,0,2047,1117
6261,6261,0,2047,692
6262,6262,0,2047,346
6263,6263,0,2046,101
6264,6264,0,2047,0
6265,6265,0,2046,0
6266,6266,0,2046,78
6267,6267,0,2046,310
6268,6268,0,2046,646
6269,6269,0,2046,1063
6270,6270,0,2046,1538
6271,6271,0,2046,2043
6272,6272,0,2047,2547
6273,6273,0,2047,3023
6274,6274,0,2047,3438
6275,6275,0,2046,3772
6276,6276,0,2046,4003
6277,6277,0,2047,4095
6278,6278,0,2046,4095
6279,6279,0,2046,3972
6280,6280,0,2046,3725
6281,6281,0,2047,3377
6282,6282,0,2046,2950
6283,6283,0,2047,2469
6284,6284,0,2047,1961
6285,6285,0,2047,1459
6286,6286,0,2047,991
6287,6287,0,2046,586
6288,6288,0,2047,267
6289,6289,0,2046,51
6290,6290,0,2046,0
6291,6291,0,2047,0
6292,6292,0,2046,132
6293,6293,0,2046,395
6294,6294,0,2046,755
6295,6295,0,2046,1191
6296,6296,0,2047,1677
6297,6297,0,2047,2186
6298,6298,0,2046,2685
6299,6299,0,2046,3146
6300,6300,0,2045,3542
6301,6301,0,2046,3848
6302,6302,0,2046,4046
6303,6303,0,2046,4095
6304,6304,0,2046,4081
6305,6305,0,2046,3915
6306,6306,0,2046,3637
6307,6307,0,2046,3265
6308,6308,0,2046,2820
6309,6309,0,2047,2328
6310,6310,0,2047,1819
6311,6311,0,2047,1324
6312,6312,0,2046,871
6313,6313,0,2047,487
6314,6314,0,2046,194
6315,6315,0,2047,13
6316,6316,0,2046,0
6317,6317,0,2046,12
6318,6318,0,2047,194
6319,6319,0,2047,486
6320,6320,0,2047,870
6321,6321,0,2046,1323
6322,6322,0,2046,1818
6323,6323,0,2046,2327
6324,6324,0,2046,2819
6325,6325,0,2047,3265
6326,6326,0,2046,3638
6327,6327,0,2046,3915
6328,6328,0,2046,4081
6329,6329,0,2046,4095
6330,6330,0,2046,4046
6331,6331,0,2046,3848
6332,6332,0,2047,3541
6333,6333,0,2046,3147
6334,6334,0,2047,2685
6335,6335,0,2047,2186
6336,6336,0,2047,1678
6337,6337,0,2046,1192
6338,6338,0,2046,756
6339,6339,0,2046,395
6340,6340,0,2046,132
6341,6341,0,2047,0
6342,6342,0,2046,0
6343,6343,0,2047,52
6344,6344,0,2047,266
6345,6345,0,2047,585
6346,6346,0,2046,991
6347,6347,0,2046,1459
6348,6348,0,2046,1961
6349,6349,0,2046,2468
6350,6350,0,2046,2949
6351,6351,0,2046,3377
6352,6352,0,2047,3725
6353,6353,0,2046,3972
6354,6354,0,2046,4095
6355,6355,0,2046,4095
6356,6356,0,2046,4002
6357,6357,0,2046,3772
6358,6358,0,2046,3439
6359,6359,0,2046,3023
6360,6360,0,2046,2549
6361,6361,0,2047,2044
6362,6362,0,2046,1539
6363,6363,0,2046,1064
6364,6364,0,2047,646
6365,6365,0,2046,311
6366,6366,0,2046,78
6367,6367,0,2046,0
6368,6368,0,2047,0
6369,6369,0,2046,100
6370,6370,0,2046,345
6371,6371,0,2046,690
6372,6372,0,2047,1117
6373,6373,0,2046,1596
6374,6374,0,2047,2104
6375,6375,0,2047,2606
6376,6376,0,2047,3076
6377,6377,0,2047,3483
6378,6378,0,2046,3805
6379,6379,0,2047,4022
6380,6380,0,2046,4095
6381,6381,0,2046,4095
6382,6382,0,2046,3948
6383,6383,0,2047,3688
6384,6384,0,2046,3330
6385,6385,0,2046,2895
6386,6386,0,2047,2410
6387,6387,0,2046,1901
6388,6388,0,2047,1402
6389,6389,0,2046,940
6390,6390,0,2046,542
6391,6391,0,2046,235
6392,6392,0,2046,33
6393,6393,0,2046,0
6394,6394,0,2046,0
6395,6395,0,2046,157
6396,6396,0,2046,433
6397,6397,0,2047,803
6398,6398,0,2046,1247
6399,6399,0,2046,1737
6400,6400,0,2046,2246
6401,6401,0,2047,2743
6402,6402,0,2046,3197
6403,6403,0,2046,3583
6404,6404,0,2046,3877
6405,6405,0,2047,4061
6406,6406,0,2046,4095
6407,6407,0,2046,4067
6408,6408,0,2046,3887
6409,6409,0,2046,3597
6410,6410,0,2046,3215
6411,6411,0,2046,2763
6412,6412,0,2046,2268
6413,6413,0,2046,1759
6414,6414,0,2046,1268
6415,6415,0,2046,820
6416,6416,0,2046,447
6417,6417,0,2046,167
6418,6418,0,2046,0
6419,6419,0,2045,0
6420,6420,0,2046,28
6421,6421,0,2046,223
6422,6422,0,2046,528
6423,6423,0,2046,921
6424,6424,0,2046,1380
6425,6425,0,2046,1879
6426,6426,0,2047,2388
6427,6427,0,2046,2875
6428,6428,0,2047,3313
6429,6429,0,2046,3676
6430,6430,0,2046,3940
6431,6431,0,2046,4093
6432,6432,0,2047,4095
6433,6433,0,2046,4029
6434,6434,0,2046,3817
6435,6435,0,2047,3499
6436,6436,0,2046,3095
6437,6437,0,2046,2628
6438,6438,0,2047,2125
6439,6439,0,2046,1618
6440,6440,0,2046,1136
6441,6441,0,2046,708
6442,6442,0,2047,357
6443,6443,0,2047,109
6444,6444,0,2046,0
6445,6445,0,2046,0
6446,6446,0,2046,71
6447,6447,0,2046,299
6448,6448,0,2046,630
6449,6449,0,2046,1044
6450,6450,0,2046,1517
6451,6451,0,2045,2022
6452,6452,0,2046,2528
6453,6453,0,2047,3004
6454,6454,0,2047,3423
6455,6455,0,2047,3760
6456,6456,0,2047,3995
6457,6457,0,2046,4095
6458,6458,0,2046,4095
6459,6459,0,2047,3981
6460,6460,0,2046,3738
6461,6461,0,2046,3394
6462,6462,0,2046,2969
6463,6463,0,2047,2490
6464,6464,0,2047,1983
6465,6465,0,2047,1480
6466,6466,0,2047,1011
6467,6467,0,2046,601
6468,6468,0,2047,277
6469,6469,0,2046,58
6470,6470,0,2046,0
6471,6471,0,2046,0
6472,6472,0,2047,124
6473,6473,0,2046,382
6474,6474,0,2046,738
6475,6475,0,2046,1172
6476,6476,0,2047,1657
6477,6477,0,2047,2165
6478,6478,0,2047,2665
6479,6479,0,2046,3128
6480,6480,0,2046,3526
6481,6481,0,2046,3837
6482,6482,0,2046,4040
6483,6483,0,2046,4095
6484,6484,0,2046,4085
6485,6485,0,2046,3924
6486,6486,0,2046,3651
6487,6487,0,2046,3282
6488,6488,0,2046,2839
6489,6489,0,2046,2349
6490,6490,0,2047,1841
6491,6491,0,2046,1343
6492,6492,0,2047,887
6493,6493,0,2046,501
6494,6494,0,2046,205
6495,6495,0,2046,18
6496,6496,0,2047,0
6497,6497,0,2046,7
6498,6498,0,2047,185
6499,6499,0,2046,472
6500,6500,0,2047,853
6501,6501,0,2046,1303
6502,6502,0,2046,1798
6503,6503,0,2047,2306
6504,6504,0,2046,2800
6505,6505,0,2046,3247
6506,6506,0,2046,3623
6507,6507,0,2047,3905
6508,6508,0,2046,4077
6509,6509,0,2046,4095
6510,6510,0,2047,4052
6511,6511,0,2046,3859
6512,6512,0,2046,3556
6513,6513,0,2047,3165
6514,6514,0,2046,2706
6515,6515,0,2046,2208
6516,6516,0,2046,1699
6517,6517,0,2046,1211
6518,6518,0,2047,772
6519,6519,0,2046,408
6520,6520,0,2047,141
6521,6521,0,2046,0
6522,6522,0,2047,0
6523,6523,0,2046,45
6524,6524,0,2047,255
6525,6525,0,2047,571
6526,6526,0,2047,973
6527,6527,0,2046,1439
6528,6528,0,2046,1940
6529,6529,0,2046,2448
6530,6530,0,2046,2931
6531,6531,0,2046,3360
6532,6532,0,2047,3712
6533,6533,0,2046,3965
6534,6534,0,2046,4095
6535,6535,0,2047,4095
6536,6536,0,2047,4009
6537,6537,0,2047,3784
6538,6538,0,2046,3456
6539,6539,0,2046,3042
6540,6540,0,2046,2569
6541,6541,0,2046,2065
6542,6542,0,2046,1560
6543,6543,0,2046,1083
6544,6544,0,2047,662
6545,6545,0,2046,323
6546,6546,0,2047,86
6547,6547,0,2047,0
6548,6548,0,2047,0
6549,6549,0,2046,91
6550,6550,0,2046,333
6551,6551,0,2046,674
6552,6552,0,2046,1099
6553,6553,0,2046,1577
6554,6554,0,2047,2082
6555,6555,0,2047,2586
6556,6556,0,2046,3057
6557,6557,0,2046,3467
6558,6558,0,2047,3794
6559,6559,0,2047,4015
6560,6560,0,2046,4095
6561,6561,0,2046,4095
6562,6562,0,2046,3958
6563,6563,0,2046,3702
6564,6564,0,2047,3347
6565,6565,0,2046,2915
6566,6566,0,2046,2430
6567,6567,0,2047,1923
6568,6568,0,2046,1423
6569,6569,0,2046,957
6570,6570,0,2046,558
6571,6571,0,2047,246
6572,6572,0,2047,40
6573,6573,0,2047,0
6574,6574,0,2046,0
6575,6575,0,2047,148
6576,6576,0,2046,419
6577,6577,0,2046,786
6578,6578,0,2047,1227
6579,6579,0,2046,1716
6580,6580,0,2046,2225
6581,6581,0,2046,2723
6582,6582,0,2046,3180
6583,6583,0,2047,3568
6584,6584,0,2047,3867
6585,6585,0,2046,4057
6586,6586,0,2046,4095
6587,6587,0,2046,4072
6588,6588,0,2046,3897
6589,6589,0,2047,3612
6590,6590,0,2047,3233
6591,6591,0,2045,2783
6592,6592,0,2047,2289
6593,6593,0,2046,1781
6594,6594,0,2046,1288
6595,6595,0,2046,839
6596,6596,0,2046,461
6597,6597,0,2046,177
6598,6598,0,2047,3
6599,6599,0,2046,0
6600,6600,0,2046,22
6601,6601,0,2046,214
6602,6602,0,2046,513
6603,6603,0,2047,903
6604,6604,0,2047,1361
6605,6605,0,2047,1858
6606,6606,0,2047,2366
6607,6607,0,2046,2855
6608,6608,0,2046,3296
6609,6609,0,2046,3662
6610,6610,0,2046,3931
6611,6611,0,2046,4089
6612,6612,0,2046,4095
6613,6613,0,2046,4035
6614,6614,0,2046,3828
6615,6615,0,2047,3514
6616,6616,0,2046,3112
6617,6617,0,2046,2648
6618,6618,0,2047,2148
6619,6619,0,2046,1640
6620,6620,0,2046,1156
6621,6621,0,2047,725
6622,6622,0,2046,371
6623,6623,0,2046,116
6624,6624,0,2047,0
6625,6625,0,2047,0
6626,6626,0,2047,64
6627,6627,0,2046,288
6628,6628,0,2047,614
6629,6629,0,2047,1025
6630,6630,0,2047,1497
6631,6631,0,2046,2001
6632,6632,0,2046,2506
6633,6633,0,2046,2985
6634,6634,0,2046,3407
6635,6635,0,2047,3748
6636,6636,0,2046,3988
6637,6637,0,2047,4095
6638,6638,0,2047,4095
6639,6639,0,2047,3989
6640,6640,0,2046,3750
6641,6641,0,2047,3411
6642,6642,0,2046,2988
6643,6643,0,2046,2511
6644,6644,0,2046,2005
6645,6645,0,2046,1501
6646,6646,0,2047,1029
6647,6647,0,2047,618
6648,6648,0,2047,289
6649,6649,0,2047,65
6650,6650,0,2046,0
6651,6651,0,2046,0
6652,6652,0,2046,115
6653,6653,0,2046,369
6654,6654,0,2047,722
6655,6655,0,2046,1152
6656,6656,0,2046,1636
6657,6657,0,2046,2143
6658,6658,0,2046,2645
6659,6659,0,2047,3110
6660,6660,0,2046,3511
6661,6661,0,2047,3826
6662,6662,0,2047,4034
6663,6663,0,2046,4095
6664,6664,0,2046,4089
6665,6665,0,2046,3933
6666,6666,0,2046,3663
6667,6667,0,2047,3299
6668,6668,0,2046,2859
6669,6669,0,2046,2370
6670,6670,0,2046,1862
6671,6671,0,2046,1364
6672,6672,0,2046,906
6673,6673,0,2046,516
6674,6674,0,2045,215
6675,6675,0,2046,23
6676,6676,0,2046,0
6677,6677,0,2046,2
6678,6678,0,2046,175
6679,6679,0,2047,458
6680,6680,0,2047,836
6681,6681,0,2046,1283
6682,6682,0,2046,1777
6683,6683,0,2047,2285
6684,6684,0,2046,2780
6685,6685,0,2046,3229
6686,6686,0,2047,3609
6687,6687,0,2046,3895
6688,6688,0,2046,4071
6689,6689,0,2046,4095
6690,6690,0,2046,4058
6691,6691,0,2046,3869
6692,6692,0,2046,3570
6693,6693,0,2046,3183
6694,6694,0,2046,2726
6695,6695,0,2046,2229
6696,6696,0,2046,1721
6697,6697,0,2046,1231
6698,6698,0,2046,789
6699,6699,0,2046,422
6700,6700,0,2046,150
6701,6701,0,2046,0
6702,6702,0,2046,0
6703,6703,0,2046,38
6704,6704,0,2046,244
6705,6705,0,2046,555
6706,6706,0,2047,954
6707,6707,0,2046,1418
6708,6708,0,2046,1918
6709,6709,0,2046,2426
6710,6710,0,2046,2911
6711,6711,0,2046,3344
6712,6712,0,2046,3701
6713,6713,0,2046,3956
6714,6714,0,2047,4095
6715,6715,0,2047,4095
6716,6716,0,2047,4017
6717,6717,0,2046,3795
6718,6718,0,2046,3471
6719,6719,0,2047,3061
6720,6720,0,2047,2589
6721,6721,0,2047,2086
6722,6722,0,2046,1580
6723,6723,0,2047,1101
6724,6724,0,2047,678
6725,6725,0,2046,336
6726,6726,0,2046,94
6727,6727,0,2047,0
6728,6728,0,2046,0
6729,6729,0,2047,85
6730,6730,0,2046,320
6731,6731,0,2046,658
6732,6732,0,2046,1078
6733,6733,0,2047,1555
6734,6734,0,2046,2061
6735,6735,0,2047,2565
6736,6736,0,2046,3038
6737,6737,0,2046,3452
6738,6738,0,2046,3782
6739,6739,0,2046,4008
6740,6740,0,2046,4095
6741,6741,0,2046,4095
6742,6742,0,2046,3966
6743,6743,0,2046,3714
6744,6744,0,2046,3364
6745,6745,0,2046,2934
6746,6746,0,2046,2451
6747,6747,0,2047,1944
6748,6748,0,2046,1442
6749,6749,0,2046,976
6750,6750,0,2046,573
6751,6751,0,2047,256
6752,6752,0,2046,46
6753,6753,0,2046,0
6754,6754,0,2046,0
6755,6755,0,2047,140
6756,6756,0,2046,407
6757,6757,0,2046,769
6758,6758,0,2046,1207
6759,6759,0,2046,1696
6760,6760,0,2047,2204
6761,6761,0,2047,2702
6762,6762,0,2047,3161
6763,6763,0,2046,3554
6764,6764,0,2046,3856
6765,6765,0,2046,4050
6766,6766,0,2047,4095
6767,6767,0,2046,4077
6768,6768,0,2047,3907
6769,6769,0,2046,3626
6770,6770,0,2046,3250
6771,6771,0,2047,2804
6772,6772,0,2046,2311
6773,6773,0,2046,1802
6774,6774,0,2046,1307
6775,6775,0,2046,856
6776,6776,0,2047,474
6777,6777,0,2046,186
6778,6778,0,2046,9
6779,6779,0,2046,0
6780,6780,0,2047,16
6781,6781,0,2047,203
6782,6782,0,2046,499
6783,6783,0,2047,885
6784,6784,0,2046,1340
6785,6785,0,2046,1837
6786,6786,0,2047,2345
6787,6787,0,2047,2836
6788,6788,0,2046,3279
6789,6789,0,2047,3649
6790,6790,0,2046,3922
6791,6791,0,2046,4084
6792,6792,0,2047,4095
6793,6793,0,2046,4040
6794,6794,0,2047,3839
6795,6795,0,2046,3529
6796,6796,0,2046,3131
6797,6797,0,2047,2669
6798,6798,0,2046,2168
6799,6799,0,2046,1660
6800,6800,0,2046,1175
6801,6801,0,2047,741
6802,6802,0,2046,384
6803,6803,0,2047,125
6804,6804,0,2047,0
6805,6805,0,2046,0
6806,6806,0,2046,57
6807,6807,0,2046,275
6808,6808,0,2046,598
6809,6809,0,2046,1007
6810,6810,0,2046,1477
6811,6811,0,2046,1979
6812,6812,0,2047,2486
6813,6813,0,2046,2966
6814,6814,0,2047,3391
6815,6815,0,2047,3735
6816,6816,0,2046,3980
6817,6817,0,2046,4095
6818,6818,0,2046,4095
6819,6819,0,2047,3996
6820,6820,0,2046,3762
6821,6821,0,2046,3425
6822,6822,0,2046,3007
6823,6823,0,2047,2531
6824,6824,0,2046,2026
6825,6825,0,2047,1521
6826,6826,0,2046,1048
6827,6827,0,2046,632
6828,6828,0,2046,302
6829,6829,0,2046,72
6830,6830,0,2047,0
6831,6831,0,2046,0
6832,6832,0,2047,107
6833,6833,0,2046,355
6834,6834,0,2046,705
6835,6835,0,2046,1133
6836,6836,0,2046,1615
6837,6837,0,2046,2122
6838,6838,0,2047,2624
6839,6839,0,2046,3091
6840,6840,0,2046,3496
6841,6841,0,2046,3815
6842,6842,0,2046,4027
6843,6843,0,2046,4095
6844,6844,0,2047,4094
6845,6845,0,2046,3942
6846,6846,0,2046,3678
6847,6847,0,2046,3316
6848,6848,0,2047,2879
6849,6849,0,2046,2391
6850,6850,0,2046,1883
6851,6851,0,2047,1384
6852,6852,0,2046,924
6853,6853,0,2046,530
6854,6854,0,2046,226
6855,6855,0,2046,29
6856,6856,0,2046,0
6857,6857,0,2047,0
6858,6858,0,2046,165
6859,6859,0,2046,444
6860,6860,0,2046,817
6861,6861,0,2046,1263
6862,6862,0,2046,1755
6863,6863,0,2047,2263
6864,6864,0,2047,2760
6865,6865,0,2047,3212
6866,6866,0,2046,3594
6867,6867,0,2047,3885
6868,6868,0,2046,4066
6869,6869,0,2046,4095
6870,6870,0,2047,4063
6871,6871,0,2046,3879
6872,6872,0,2046,3586
6873,6873,0,2046,3201
6874,6874,0,2046,2746
6875,6875,0,2046,2251
6876,6876,0,2047,1742
6877,6877,0,2046,1250
6878,6878,0,2047,806
6879,6879,0,2047,435
6880,6880,0,2046,159
6881,6881,0,2046,0
6882,6882,0,2047,0
6883,6883,0,2046,32
6884,6884,0,2047,233
6885,6885,0,2047,539
6886,6886,0,2046,936
6887,6887,0,2046,1398
6888,6888,0,2046,1897
6889,6889,0,2046,2405
6890,6890,0,2047,2892
6891,6891,0,2047,3327
6892,6892,0,2047,3687
6893,6893,0,2047,3948
6894,6894,0,2046,4095
6895,6895,0,2046,4095
6896,6896,0,2046,4022
6897,6897,0,2046,3807
6898,6898,0,2047,3486
6899,6899,0,2046,3080
6900,6900,0,2047,2610
6901,6901,0,2046,2107
6902,6902,0,2046,1601
6903,6903,0,2046,1120
6904,6904,0,2046,695
6905,6905,0,2046,348
6906,6906,0,2047,101
6907,6907,0,2047,0
6908,6908,0,2046,0
6909,6909,0,2047,77
6910,6910,0,2047,309
6911,6911,0,2046,643
6912,6912,0,2046,1060
6913,6913,0,2046,1535
6914,6914,0,2046,2040
6915,6915,0,2046,2545
6916,6916,0,2046,3020
6917,6917,0,2046,3437
6918,6918,0,2046,3769
6919,6919,0,2046,4001
6920,6920,0,2046,4095
6921,6921,0,2046,4095
6922,6922,0,2046,3975
6923,6923,0,2047,3727
6924,6924,0,2046,3380
6925,6925,0,2046,2953
6926,6926,0,2046,2472
6927,6927,0,2047,1965
6928,6928,0,2046,1463
6929,6929,0,2047,995
6930,6930,0,2046,589
6931,6931,0,2046,268
6932,6932,0,2046,53
6933,6933,0,2046,0
6934,6934,0,2046,0
6935,6935,0,2046,130
6936,6936,0,2046,392
6937,6937,0,2046,752
6938,6938,0,2046,1188
6939,6939,0,2046,1675
6940,6940,0,2047,2183
6941,6941,0,2047,2682
6942,6942,0,2047,3144
6943,6943,0,2046,3539
6944,6944,0,2047,3845
6945,6945,0,2046,4045
6946,6946,0,2046,4095
6947,6947,0,2046,4081
6948,6948,0,2047,3917
6949,6949,0,2046,3639
6950,6950,0,2047,3267
6951,6951,0,2047,2823
6952,6952,0,2047,2331
6953,6953,0,2046,1823
6954,6954,0,2046,1327
6955,6955,0,2046,874
6956,6956,0,2047,489
6957,6957,0,2046,196
6958,6958,0,2046,13
6959,6959,0,2046,0
6960,6960,0,2046,12
6961,6961,0,2047,193
6962,6962,0,2046,484
6963,6963,0,2046,867
6964,6964,0,2046,1320
6965,6965,0,2046,1815
6966,6966,0,2047,2325
6967,6967,0,2046,2816
6968,6968,0,2046,3261
6969,6969,0,2046,3635
6970,6970,0,2047,3913
6971,6971,0,2046,4080
6972,6972,0,2046,4095
6973,6973,0,2046,4047
6974,6974,0,2046,3849
6975,6975,0,2047,3544
6976,6976,0,2046,3149
6977,6977,0,2046,2689
6978,6978,0,2046,2189
6979,6979,0,2046,1682
6980,6980,0,2046,1194
6981,6981,0,2046,758
6982,6982,0,2046,397
6983,6983,0,2046,134
6984,6984,0,2046,0
6985,6985,0,2046,0
6986,6986,0,2046,50
6987,6987,0,2047,264
6988,6988,0,2046,583
6989,6989,0,2046,988
6990,6990,0,2046,1455
6991,6991,0,2046,1958
6992,6992,0,2047,2465
6993,6993,0,2046,2946
6994,6994,0,2047,3374
6995,6995,0,2046,3723
6996,6996,0,2047,3971
6997,6997,0,2046,4095
6998,6998,0,2046,4095
6999,6999,0,2046,4004
7000,7000,0,2046,3774
7001,7001,0,2047,3441
7002,7002,0,2046,3026
7003,7003,0,2046,2552
7004,7004,0,2047,2047
7005,7005,0,2047,1542
7006,7006,0,2046,1066
7007,7007,0,2046,648
7008,7008,0,2046,313
7009,7009,0,2046,80
7010,7010,0,2046,0
7011,7011,0,2046,0
7012,7012,0,2047,99
7013,7013,0,2047,344
7014,7014,0,2047,688
7015,7015,0,2046,1113
7016,7016,0,2046,1594
7017,7017,0,2046,2101
7018,7018,0,2046,2603
7019,7019,0,2046,3072
7020,7020,0,2046,3481
7021,7021,0,2047,3804
7022,7022,0,2046,4021
7023,7023,0,2047,4095
7024,7024,0,2046,4095
7025,7025,0,2046,3951
7026,7026,0,2046,3690
7027,7027,0,2046,3333
7028,7028,0,2046,2898
7029,7029,0,2046,2412
7030,7030,0,2046,1904
7031,7031,0,2046,1404
7032,7032,0,2046,943
7033,7033,0,2046,545
7034,7034,0,2047,236
7035,7035,0,2046,34
7036,7036,0,2047,0
7037,7037,0,2046,0
7038,7038,0,2046,157
7039,7039,0,2046,431
7040,7040,0,2046,801
7041,7041,0,2046,1243
7042,7042,0,2046,1734
7043,7043,0,2047,2243
7044,7044,0,2046,2739
7045,7045,0,2047,3195
7046,7046,0,2046,3580
7047,7047,0,2046,3876
7048,7048,0,2046,4061
7049,7049,0,2046,4095
7050,7050,0,2046,4068
7051,7051,0,2046,3889
7052,7052,0,2047,3599
7053,7053,0,2046,3217
7054,7054,0,2046,2766
7055,7055,0,2047,2271
7056,7056,0,2046,1763
7057,7057,0,2046,1270
7058,7058,0,2046,823
7059,7059,0,2046,449
7060,7060,0,2046,169
7061,7061,0,2047,0
7062,7062,0,2046,0
7063,7063,0,2046,28
7064,7064,0,2046,223
7065,7065,0,2047,526
7066,7066,0,2047,918
7067,7067,0,2046,1377
7068,7068,0,2047,1876
7069,7069,0,2046,2384
7070,7070,0,2046,2872
7071,7071,0,2046,3310
7072,7072,0,2047,3673
7073,7073,0,2046,3939
7074,7074,0,2046,4092
7075,7075,0,2046,4095
7076,7076,0,2047,4030
7077,7077,0,2046,3818
7078,7078,0,2046,3501
7079,7079,0,2046,3097
7080,7080,0,2046,2630
7081,7081,0,2046,2129
7082,7082,0,2046,1622
7083,7083,0,2047,1140
7084,7084,0,2047,710
7085,7085,0,2047,360
7086,7086,0,2046,109
7087,7087,0,2046,0
7088,7088,0,2046,0
7089,7089,0,2047,70
7090,7090,0,2046,297
7091,7091,0,2046,627
7092,7092,0,2046,1041
7093,7093,0,2047,1514
7094,7094,0,2046,2019
7095,7095,0,2046,2524
7096,7096,0,2046,3001
7097,7097,0,2047,3420
7098,7098,0,2047,3758
7099,7099,0,2046,3993
7100,7100,0,2047,4095
7101,7101,0,2046,4095
7102,7102,0,2047,3982
7103,7103,0,2046,3739
7104,7104,0,2047,3397
7105,7105,0,2046,2973
7106,7106,0,2046,2493
7107,7107,0,2046,1986
7108,7108,0,2046,1483
7109,7109,0,2046,1013
7110,7110,0,2047,604
7111,7111,0,2046,279
7112,7112,0,2047,59
7113,7113,0,2046,0
7114,7114,0,2047,0
7115,7115,0,2047,122
7116,7116,0,2047,380
7117,7117,0,2046,735
7118,7118,0,2047,1169
7119,7119,0,2047,1654
7120,7120,0,2046,2161
7121,7121,0,2046,2661
7122,7122,0,2047,3125
7123,7123,0,2046,3524
7124,7124,0,2046,3834
7125,7125,0,2046,4039
7126,7126,0,2047,4095
7127,7127,0,2046,4085
7128,7128,0,2047,3925
7129,7129,0,2046,3653
7130,7130,0,2046,3284
7131,7131,0,2047,2843
7132,7132,0,2046,2353
7133,7133,0,2046,1844
7134,7134,0,2046,1346
7135,7135,0,2047,891
7136,7136,0,2047,503
7137,7137,0,2046,207
7138,7138,0,2046,19
7139,7139,0,2046,0
7140,7140,0,2047,7
7141,7141,0,2047,184
7142,7142,0,2047,470
7143,7143,0,2046,850
7144,7144,0,2047,1300
7145,7145,0,2047,1795
7146,7146,0,2047,2304
7147,7147,0,2046,2796
7148,7148,0,2047,3245
7149,7149,0,2046,3621
7150,7150,0,2047,3904
7151,7151,0,2047,4076
7152,7152,0,2046,4095
7153,7153,0,2046,4053
7154,7154,0,2046,3860
7155,7155,0,2046,3558
7156,7156,0,2046,3167
7157,7157,0,2046,2709
7158,7158,0,2047,2211
7159,7159,0,2046,1702
7160,7160,0,2046,1214
7161,7161,0,2046,775
7162,7162,0,2046,410
7163,7163,0,2047,142
7164,7164,0,2046,0
7165,7165,0,2047,0
7166,7166,0,2047,44
7167,7167,0,2047,253
7168,7168,0,2046,567
7169,7169,0,2046,970
7170,7170,0,2046,1436
7171,7171,0,2046,1937
7172,7172,0,2046,2444
7173,7173,0,2047,2928
7174,7174,0,2046,3358
7175,7175,0,2047,3710
7176,7176,0,2046,3963
7177,7177,0,2046,4095
7178,7178,0,2047,4095
7179,7179,0,2046,4011
7180,7180,0,2047,3786
7181,7181,0,2046,3457
7182,7182,0,2046,3045
7183,7183,0,2046,2573
7184,7184,0,2046,2069
7185,7185,0,2047,1563
7186,7186,0,2047,1085
7187,7187,0,2046,664
7188,7188,0,2047,325
7189,7189,0,2047,86
7190,7190,0,2046,0
7191,7191,0,2046,0
7192,7192,0,2047,91
7193,7193,0,2046,331
7194,7194,0,2046,673
7195,7195,0,2046,1095
7196,7196,0,2046,1573
7197,7197,0,2046,2079
7198,7198,0,2046,2583
7199,7199,0,2047,3054
7200,7200,0,2046,3466
7201,7201,0,2046,3792
7202,7202,0,2047,4014
7203,7203,0,2047,4095
7204,7204,0,2046,4095
7205,7205,0,2046,3958
7206,7206,0,2046,3703
7207,7207,0,2046,3349
7208,7208,0,2047,2918
7209,7209,0,2046,2433
7210,7210,0,2047,1925
7211,7211,0,2046,1425
7212,7212,0,2046,961
7213,7213,0,2046,561
7214,7214,0,2046,247
7215,7215,0,2046,41
7216,7216,0,2046,0
7217,7217,0,2047,0
7218,7218,0,2046,147
7219,7219,0,2046,417
7220,7220,0,2046,784
7221,7221,0,2047,1224
7222,7222,0,2046,1713
7223,7223,0,2047,2222
7224,7224,0,2047,2720
7225,7225,0,2047,3177
7226,7226,0,2047,3567
7227,7227,0,2047,3865
7228,7228,0,2047,4055
7229,7229,0,2046,4095
7230,7230,0,2046,4073
7231,7231,0,2046,3898
7232,7232,0,2046,3613
7233,7233,0,2046,3235
7234,7234,0,2046,2786
7235,7235,0,2046,2293
7236,7236,0,2046,1784
7237,7237,0,2047,1290
7238,7238,0,2046,841
7239,7239,0,2046,462
7240,7240,0,2046,178
7241,7241,0,2046,4
7242,7242,0,2047,0
7243,7243,0,2046,21
7244,7244,0,2046,212
7245,7245,0,2047,511
7246,7246,0,2047,900
7247,7247,0,2046,1358
7248,7248,0,2046,1855
7249,7249,0,2046,2364
7250,7250,0,2046,2853
7251,7251,0,2046,3294
7252,7252,0,2046,3660
7253,7253,0,2046,3930
7254,7254,0,2047,4087
7255,7255,0,2046,4095
7256,7256,0,2046,4036
7257,7257,0,2046,3829
7258,7258,0,2047,3516
7259,7259,0,2046,3116
7260,7260,0,2046,2651
7261,7261,0,2046,2150
7262,7262,0,2046,1642
7263,7263,0,2047,1158
7264,7264,0,2047,727
7265,7265,0,2046,373
7266,7266,0,2046,117
7267,7267,0,2046,0
7268,7268,0,2047,0
7269,7269,0,2047,62
7270,7270,0,2046,285
7271,7271,0,2047,611
7272,7272,0,2047,1023
7273,7273,0,2047,1494
7274,7274,0,2047,1997
7275,7275,0,2046,2504
7276,7276,0,2046,2982
7277,7277,0,2046,3405
7278,7278,0,2046,3746
7279,7279,0,2046,3987
7280,7280,0,2046,4095
7281,7281,0,2046,4095
7282,7282,0,2046,3989
7283,7283,0,2046,3752
7284,7284,0,2047,3412
7285,7285,0,2047,2992
7286,7286,0,2047,2514
7287,7287,0,2047,2007
7288,7288,0,2047,1503
7289,7289,0,2047,1031
7290,7290,0,2047,618
7291,7291,0,2047,290
7292,7292,0,2047,66
7293,7293,0,2046,0
7294,7294,0,2047,0
7295,7295,0,2046,114
7296,7296,0,2047,368
7297,7297,0,2047,718
7298,7298,0,2047,1149
7299,7299,0,2046,1633
7300,7300,0,2047,2141
7301,7301,0,2046,2642
7302,7302,0,2047,3107
7303,7303,0,2046,3509
7304,7304,0,2046,3825
7305,7305,0,2046,4033
7306,7306,0,2046,4095
7307,7307,0,2046,4090
7308,7308,0,2047,3935
7309,7309,0,2047,3666
7310,7310,0,2046,3302
7311,7311,0,2047,2862
7312,7312,0,2046,2374
7313,7313,0,2046,1865
7314,7314,0,2046,1367
7315,7315,0,2046,908
7316,7316,0,2047,518
7317,7317,0,2047,216
7318,7318,0,2046,25
7319,7319,0,2047,0
7320,7320,0,2046,1
7321,7321,0,2046,173
7322,7322,0,2046,456
7323,7323,0,2046,833
7324,7324,0,2046,1281
7325,7325,0,2046,1774
7326,7326,0,2046,2283
7327,7327,0,2046,2777
7328,7328,0,2046,3228
7329,7329,0,2046,3608
7330,7330,0,2046,3894
7331,7331,0,2047,4070
7332,7332,0,2046,4095
7333,7333,0,2046,4058
7334,7334,0,2047,3870
7335,7335,0,2047,3573
7336,7336,0,2047,3185
7337,7337,0,2047,2729
7338,7338,0,2046,2232
7339,7339,0,2046,1722
7340,7340,0,2046,1233
7341,7341,0,2047,791
7342,7342,0,2047,423
7343,7343,0,2046,151
7344,7344,0,2047,0
7345,7345,0,2046,0
7346,7346,0,2046,38
7347,7347,0,2047,242
7348,7348,0,2047,553
7349,7349,0,2047,952
7350,7350,0,2047,1416
7351,7351,0,2047,1917
7352,7352,0,2047,2424
7353,7353,0,2046,2908
7354,7354,0,2046,3342
7355,7355,0,2046,3698
7356,7356,0,2046,3955
7357,7357,0,2046,4095
7358,7358,0,2046,4095
7359,7359,0,2047,4018
7360,7360,0,2047,3798
7361,7361,0,2047,3473
7362,7362,0,2046,3063
7363,7363,0,2047,2593
7364,7364,0,2047,2089
7365,7365,0,2046,1583
7366,7366,0,2046,1104
7367,7367,0,2047,680
7368,7368,0,2046,337
7369,7369,0,2046,95
7370,7370,0,2046,0
7371,7371,0,2047,0
7372,7372,0,2046,83
7373,7373,0,2047,320
7374,7374,0,2047,657
7375,7375,0,2046,1076
7376,7376,0,2046,1553
7377,7377,0,2047,2058
7378,7378,0,2046,2563
7379,7379,0,2047,3036
7380,7380,0,2046,3450
7381,7381,0,2046,3780
7382,7382,0,2046,4007
7383,7383,0,2046,4095
7384,7384,0,2047,4095
7385,7385,0,2047,3967
7386,7386,0,2046,3716
7387,7387,0,2046,3366
7388,7388,0,2046,2936
7389,7389,0,2047,2454
7390,7390,0,2046,1947
7391,7391,0,2046,1445
7392,7392,0,2047,979
7393,7393,0,2047,576
7394,7394,0,2047,257
7395,7395,0,2047,47
7396,7396,0,2046,0
7397,7397,0,2047,0
7398,7398,0,2046,137
7399,7399,0,2046,403
7400,7400,0,2046,767
7401,7401,0,2046,1205
7402,7402,0,2046,1692
7403,7403,0,2046,2201
7404,7404,0,2046,2700
7405,7405,0,2046,3159
7406,7406,0,2047,3552
7407,7407,0,2046,3855
7408,7408,0,2046,4050
7409,7409,0,2046,4095
7410,7410,0,2046,4078
7411,7411,0,2047,3908
7412,7412,0,2047,3628
7413,7413,0,2047,3253
7414,7414,0,2046,2806
7415,7415,0,2046,2313
7416,7416,0,2047,1804
7417,7417,0,2047,1309
7418,7418,0,2046,858
7419,7419,0,2047,477
7420,7420,0,2046,187
7421,7421,0,2046,9
7422,7422,0,2046,0
7423,7423,0,2046,17
7424,7424,0,2047,201
7425,7425,0,2046,496
7426,7426,0,2047,883
7427,7427,0,2046,1338
7428,7428,0,2045,1834
7429,7429,0,2047,2343
7430,7430,0,2047,2833
7431,7431,0,2046,3277
7432,7432,0,2047,3646
7433,7433,0,2046,3921
7434,7434,0,2046,4084
7435,7435,0,2047,4095
7436,7436,0,2047,4042
7437,7437,0,2047,3840
7438,7438,0,2046,3531
7439,7439,0,2046,3134
7440,7440,0,2046,2671
7441,7441,0,2047,2171
7442,7442,0,2046,1664
7443,7443,0,2048,1178
7444,7444,0,2046,744
7445,7445,0,2047,385
7446,7446,0,2046,126
7447,7447,0,2046,0
7448,7448,0,2047,0
7449,7449,0,2046,56
7450,7450,0,2046,274
7451,7451,0,2047,597
7452,7452,0,2046,1004
7453,7453,0,2047,1474
7454,7454,0,2047,1977
7455,7455,0,2047,2484
7456,7456,0,2047,2964
7457,7457,0,2047,3389
7458,7458,0,2047,3734
7459,7459,0,2046,3978
7460,7460,0,2047,4095
7461,7461,0,2046,4095
7462,7462,0,2046,3998
7463,7463,0,2046,3765
7464,7464,0,2046,3428
7465,7465,0,2046,3010
7466,7466,0,2047,2535
7467,7467,0,2047,2029
7468,7468,0,2046,1524
7469,7469,0,2046,1050
7470,7470,0,2046,635
7471,7471,0,2047,303
7472,7472,0,2047,74
7473,7473,0,2046,0
7474,7474,0,2046,0
7475,7475,0,2046,106
7476,7476,0,2046,354
7477,7477,0,2046,702
7478,7478,0,2046,1131
7479,7479,0,2046,1612
7480,7480,0,2046,2119
7481,7481,0,2047,2621
7482,7482,0,2046,3089
7483,7483,0,2046,3494
7484,7484,0,2046,3813
7485,7485,0,2046,4027
7486,7486,0,2046,4095
7487,7487,0,2046,4094
7488,7488,0,2046,3943
7489,7489,0,2046,3679
7490,7490,0,2047,3318
7491,7491,0,2046,2882
7492,7492,0,2047,2394
7493,7493,0,2046,1886
7494,7494,0,2047,1388
7495,7495,0,2046,927
7496,7496,0,2046,532
7497,7497,0,2046,227
7498,7498,0,2047,29
7499,7499,0,2047,0
7500,7500,0,2046,0
7501,7501,0,2047,165
7502,7502,0,2047,443
7503,7503,0,2046,815
7504,7504,0,2046,1260
7505,7505,0,2047,1752
7506,7506,0,2046,2261
7507,7507,0,2046,2757
7508,7508,0,2046,3209
7509,7509,0,2046,3593
7510,7510,0,2047,3884
7511,7511,0,2047,4065
7512,7512,0,2047,4095
7513,7513,0,2047,4064
7514,7514,0,2046,3881
7515,7515,0,2046,3587
7516,7516,0,2046,3203
7517,7517,0,2046,2749
7518,7518,0,2046,2253
7519,7519,0,2046,1744
7520,7520,0,2046,1254
7521,7521,0,2046,809
7522,7522,0,2046,437
7523,7523,0,2046,161
7524,7524,0,2046,0
7525,7525,0,2046,0
7526,7526,0,2047,32
7527,7527,0,2047,231
7528,7528,0,2047,538
7529,7529,0,2046,934
7530,7530,0,2047,1395
7531,7531,0,2046,1895
7532,7532,0,2046,2403
7533,7533,0,2046,2889
7534,7534,0,2046,3325
7535,7535,0,2046,3685
7536,7536,0,2047,3947
7537,7537,0,2047,4095
7538,7538,0,2046,4095
7539,7539,0,2047,4024
7540,7540,0,2047,3809
7541,7541,0,2046,3489
7542,7542,0,2046,3082
7543,7543,0,2046,2614
7544,7544,0,2046,2110
7545,7545,0,2046,1603
7546,7546,0,2046,1123
7547,7547,0,2046,696
7548,7548,0,2046,349
7549,7549,0,2046,103
7550,7550,0,2047,0
7551,7551,0,2047,0
7552,7552,0,2047,76
7553,7553,0,2046,307
7554,7554,0,2046,641
7555,7555,0,2046,1057
7556,7556,0,2046,1532
7557,7557,0,2046,2037
7558,7558,0,2047,2542
7559,7559,0,2047,3017
7560,7560,0,2046,3434
7561,7561,0,2046,3769
7562,7562,0,2046,4000
7563,7563,0,2046,4095
7564,7564,0,2046,4095
7565,7565,0,2047,3976
7566,7566,0,2046,3729
7567,7567,0,2047,3382
7568,7568,0,2047,2955
7569,7569,0,2046,2475
7570,7570,0,2047,1969
7571,7571,0,2047,1465
7572,7572,0,2046,997
7573,7573,0,2047,591
7574,7574,0,2046,270
7575,7575,0,2046,53
7576,7576,0,2046,0
7577,7577,0,2046,0
7578,7578,0,2047,129
7579,7579,0,2046,391
7580,7580,0,2047,750
7581,7581,0,2047,1185
7582,7582,0,2046,1671
7583,7583,0,2046,2180
7584,7584,0,2047,2679
7585,7585,0,2047,3141
7586,7586,0,2047,3538
7587,7587,0,2047,3844
7588,7588,0,2046,4044
7589,7589,0,2046,4095
7590,7590,0,2046,4082
7591,7591,0,2047,3917
7592,7592,0,2046,3641
7593,7593,0,2046,3270
7594,7594,0,2046,2825
7595,7595,0,2046,2334
7596,7596,0,2046,1826
7597,7597,0,2046,1330
7598,7598,0,2047,876
7599,7599,0,2046,491
7600,7600,0,2047,198
7601,7601,0,2047,14
7602,7602,0,2046,0
7603,7603,0,2047,10
7604,7604,0,2046,192
7605,7605,0,2046,482
7606,7606,0,2047,865
7607,7607,0,2046,1317
7608,7608,0,2047,1812
7609,7609,0,2046,2322
7610,7610,0,2046,2813
7611,7611,0,2046,3260
7612,7612,0,2047,3634
7613,7613,0,2047,3911
7614,7614,0,2046,4079
7615,7615,0,2047,4095
7616,7616,0,2047,4048
7617,7617,0,2047,3851
7618,7618,0,2046,3546
7619,7619,0,2047,3152
7620,7620,0,2046,2692
7621,7621,0,2046,2192
7622,7622,0,2047,1685
7623,7623,0,2046,1197
7624,7624,0,2046,760
7625,7625,0,2046,399
7626,7626,0,2046,135
7627,7627,0,2046,0
7628,7628,0,2047,0
7629,7629,0,2047,49
7630,7630,0,2046,262
7631,7631,0,2047,581
7632,7632,0,2045,986
7633,7633,0,2047,1454
7634,7634,0,2046,1955
7635,7635,0,2046,2462
7636,7636,0,2046,2944
7637,7637,0,2047,3372
7638,7638,0,2047,3721
7639,7639,0,2046,3971
7640,7640,0,2046,4095
7641,7641,0,2047,4095
7642,7642,0,2046,4005
7643,7643,0,2046,3776
7644,7644,0,2046,3444
7645,7645,0,2047,3028
7646,7646,0,2047,2554
7647,7647,0,2046,2050
7648,7648,0,2046,1545
7649,7649,0,2046,1068
7650,7650,0,2047,651
7651,7651,0,2046,315
7652,7652,0,2046,81
7653,7653,0,2047,0
7654,7654,0,2046,0
7655,7655,0,2046,98
7656,7656,0,2046,341
7657,7657,0,2047,686
7658,7658,0,2047,1112
7659,7659,0,2047,1590
7660,7660,0,2046,2098
7661,7661,0,2046,2601
7662,7662,0,2046,3070
7663,7663,0,2046,3479
7664,7664,0,2046,3802
7665,7665,0,2046,4020
7666,7666,0,2047,4095
7667,7667,0,2046,4095
7668,7668,0,2047,3952
7669,7669,0,2046,3692
7670,7670,0,2046,3335
7671,7671,0,2046,2901
7672,7672,0,2046,2415
7673,7673,0,2046,1908
7674,7674,0,2046,1408
7675,7675,0,2047,945
7676,7676,0,2047,547
7677,7677,0,2046,238
7678,7678,0,2046,36
7679,7679,0,2047,0
7680,7680,0,2046,0
7681,7681,0,2046,155
7682,7682,0,2047,429
7683,7683,0,2046,799
7684,7684,0,2046,1241
7685,7685,0,2047,1731
7686,7686,0,2047,2241
7687,7687,0,2046,2737
7688,7688,0,2046,3192
7689,7689,0,2047,3579
7690,7690,0,2046,3874
7691,7691,0,2046,4060
7692,7692,0,2047,4095
7693,7693,0,2046,4069
7694,7694,0,2046,3890
7695,7695,0,2046,3602
7696,7696,0,2046,3220
7697,7697,0,2047,2769
7698,7698,0,2047,2274
7699,7699,0,2046,1765
7700,7700,0,2047,1273
7701,7701,0,2046,826
7702,7702,0,2047,451
7703,7703,0,2046,170
7704,7704,0,2047,0
7705,7705,0,2046,0
7706,7706,0,2045,27
7707,7707,0,2047,221
7708,7708,0,2047,523
7709,7709,0,2047,916
7710,7710,0,2047,1375
7711,7711,0,2046,1874
7712,7712,0,2046,2381
7713,7713,0,2046,2870
7714,7714,0,2046,3308
7715,7715,0,2046,3672
7716,7716,0,2047,3938
7717,7717,0,2046,4092
7718,7718,0,2047,4095
7719,7719,0,2046,4031
7720,7720,0,2046,3820
7721,7721,0,2047,3504
7722,7722,0,2046,3100
7723,7723,0,2047,2633
7724,7724,0,2047,2132
7725,7725,0,2047,1624
7726,7726,0,2046,1142
7727,7727,0,2047,713
7728,7728,0,2047,362
7729,7729,0,2047,111
7730,7730,0,2046,0
7731,7731,0,2046,0
7732,7732,0,2046,69
7733,7733,0,2047,295
7734,7734,0,2046,624
7735,7735,0,2047,1039
7736,7736,0,2046,1512
7737,7737,0,2046,2016
7738,7738,0,2047,2521
7739,7739,0,2047,2998
7740,7740,0,2046,3418
7741,7741,0,2047,3756
7742,7742,0,2047,3992
7743,7743,0,2047,4095
7744,7744,0,2046,4095
7745,7745,0,2047,3983
7746,7746,0,2047,3741
7747,7747,0,2047,3398
7748,7748,0,2046,2974
7749,7749,0,2046,2496
7750,7750,0,2047,1989
7751,7751,0,2046,1486
7752,7752,0,2046,1016
7753,7753,0,2046,606
7754,7754,0,2046,280
7755,7755,0,2047,61
7756,7756,0,2046,0
7757,7757,0,2046,0
7758,7758,0,2047,121
7759,7759,0,2046,378
7760,7760,0,2046,733
7761,7761,0,2047,1166
7762,7762,0,2046,1651
7763,7763,0,2046,2158
7764,7764,0,2047,2659
7765,7765,0,2047,3123
7766,7766,0,2047,3522
7767,7767,0,2046,3834
7768,7768,0,2046,4039
7769,7769,0,2046,4095
7770,7770,0,2046,4086
7771,7771,0,2047,3926
7772,7772,0,2047,3655
7773,7773,0,2046,3286
7774,7774,0,2046,2845
7775,7775,0,2047,2355
7776,7776,0,2046,1847
7777,7777,0,2046,1350
7778,7778,0,2047,893
7779,7779,0,2047,506
7780,7780,0,2046,208
7781,7781,0,2047,19
7782,7782,0,2047,0
7783,7783,0,2046,6
7784,7784,0,2046,182
7785,7785,0,2046,468
7786,7786,0,2047,847
7787,7787,0,2047,1298
7788,7788,0,2046,1791
7789,7789,0,2047,2301
7790,7790,0,2047,2793
7791,7791,0,2046,3242
7792,7792,0,2047,3619
7793,7793,0,2047,3902
7794,7794,0,2047,4075
7795,7795,0,2047,4095
7796,7796,0,2046,4053
7797,7797,0,2047,3861
7798,7798,0,2046,3561
7799,7799,0,2046,3170
7800,7800,0,2046,2712
7801,7801,0,2046,2214
7802,7802,0,2046,1706
7803,7803,0,2046,1217
7804,7804,0,2046,777
7805,7805,0,2046,412
7806,7806,0,2047,144
7807,7807,0,2047,0
7808,7808,0,2046,0
7809,7809,0,2047,43
7810,7810,0,2046,251
7811,7811,0,2046,566
7812,7812,0,2046,967
7813,7813,0,2047,1433
7814,7814,0,2047,1934
7815,7815,0,2046,2441
7816,7816,0,2046,2925
7817,7817,0,2047,3356
7818,7818,0,2046,3709
7819,7819,0,2047,3962
7820,7820,0,2047,4095
7821,7821,0,2047,4095
7822,7822,0,2046,4012
7823,7823,0,2046,3787
7824,7824,0,2046,3460
7825,7825,0,2046,3048
7826,7826,0,2047,2575
7827,7827,0,2047,2071
7828,7828,0,2046,1565
7829,7829,0,2046,1087
7830,7830,0,2046,667
7831,7831,0,2047,326
7832,7832,0,2047,88
7833,7833,0,2047,0
7834,7834,0,2046,0
7835,7835,0,2046,90
7836,7836,0,2047,329
7837,7837,0,2047,670
7838,7838,0,2047,1093
7839,7839,0,2046,1570
7840,7840,0,2047,2076
7841,7841,0,2046,2581
7842,7842,0,2047,3052
7843,7843,0,2047,3463
7844,7844,0,2047,3790
7845,7845,0,2047,4013
7846,7846,0,2047,4095
7847,7847,0,2047,4095
7848,7848,0,2047,3960
7849,7849,0,2046,3705
7850,7850,0,2047,3351
7851,7851,0,2047,2920
7852,7852,0,2047,2436
7853,7853,0,2047,1928
7854,7854,0,2047,1428
7855,7855,0,2047,963
7856,7856,0,2047,562
7857,7857,0,2046,249
7858,7858,0,2046,42
7859,7859,0,2046,0
7860,7860,0,2046,0
7861,7861,0,2046,146
7862,7862,0,2046,416
7863,7863,0,2046,781
7864,7864,0,2045,1221
7865,7865,0,2046,1711
7866,7866,0,2047,2219
7867,7867,0,2046,2717
7868,7868,0,2046,3174
7869,7869,0,2046,3564
7870,7870,0,2046,3864
7871,7871,0,2047,4055
7872,7872,0,2047,4095
7873,7873,0,2047,4073
7874,7874,0,2046,3900
7875,7875,0,2046,3616
7876,7876,0,2046,3239
7877,7877,0,2047,2789
7878,7878,0,2047,2295
7879,7879,0,2046,1786
7880,7880,0,2046,1293
7881,7881,0,2047,844
7882,7882,0,2046,465
7883,7883,0,2047,179
7884,7884,0,2046,5
7885,7885,0,2047,0
7886,7886,0,2047,21
7887,7887,0,2046,210
7888,7888,0,2046,509
7889,7889,0,2046,898
7890,7890,0,2047,1355
7891,7891,0,2046,1852
7892,7892,0,2046,2360
7893,7893,0,2046,2849
7894,7894,0,2047,3291
7895,7895,0,2046,3658
7896,7896,0,2046,3929
7897,7897,0,2046,4087
7898,7898,0,2046,4095
7899,7899,0,2046,4036
7900,7900,0,2047,3831
7901,7901,0,2047,3519
7902,7902,0,2046,3119
7903,7903,0,2046,2655
7904,7904,0,2047,2153
7905,7905,0,2046,1646
7906,7906,0,2046,1161
7907,7907,0,2046,729
7908,7908,0,2046,375
7909,7909,0,2047,119
7910,7910,0,2046,0
7911,7911,0,2046,0
7912,7912,0,2047,62
7913,7913,0,2047,284
7914,7914,0,2047,609
7915,7915,0,2046,1020
7916,7916,0,2046,1491
7917,7917,0,2047,1994
7918,7918,0,2047,2501
7919,7919,0,2046,2979
7920,7920,0,2046,3402
7921,7921,0,2047,3744
7922,7922,0,2046,3985
7923,7923,0,2047,4095
7924,7924,0,2046,4095
7925,7925,0,2046,3991
7926,7926,0,2046,3754
7927,7927,0,2046,3414
7928,7928,0,2046,2994
7929,7929,0,2046,2516
7930,7930,0,2046,2011
7931,7931,0,2047,1507
7932,7932,0,2046,1034
7933,7933,0,2046,622
7934,7934,0,2046,293
7935,7935,0,2046,67
7936,7936,0,2047,0
7937,7937,0,2046,0
7938,7938,0,2046,112
7939,7939,0,2046,365
7940,7940,0,2047,717
7941,7941,0,2047,1147
7942,7942,0,2046,1631
7943,7943,0,2046,2138
7944,7944,0,2046,2639
7945,7945,0,2047,3105
7946,7946,0,2047,3507
7947,7947,0,2047,3823
7948,7948,0,2046,4032
7949,7949,0,2046,4095
7950,7950,0,2047,4090
7951,7951,0,2046,3935
7952,7952,0,2046,3667
7953,7953,0,2046,3303
7954,7954,0,2046,2865
7955,7955,0,2046,2377
7956,7956,0,2047,1868
7957,7957,0,2046,1370
7958,7958,0,2046,911
7959,7959,0,2046,520
7960,7960,0,2046,218
7961,7961,0,2047,25
7962,7962,0,2046,0
7963,7963,0,2046,2
7964,7964,0,2047,172
7965,7965,0,2046,454
7966,7966,0,2046,830
7967,7967,0,2046,1277
7968,7968,0,2046,1770
7969,7969,0,2047,2280
7970,7970,0,2047,2774
7971,7971,0,2047,3225
7972,7972,0,2047,3605
7973,7973,0,2046,3892
7974,7974,0,2046,4070
7975,7975,0,2047,4095
7976,7976,0,2046,4060
7977,7977,0,2046,3871
7978,7978,0,2047,3576
7979,7979,0,2046,3187
7980,7980,0,2046,2732
7981,7981,0,2046,2236
7982,7982,0,2046,1726
7983,7983,0,2047,1237
7984,7984,0,2046,794
7985,7985,0,2047,425
7986,7986,0,2046,152
7987,7987,0,2047,0
7988,7988,0,2046,0
7989,7989,0,2047,37
7990,7990,0,2046,241
7991,7991,0,2047,550
7992,7992,0,2046,949
7993,7993,0,2046,1412
7994,7994,0,2047,1913
7995,7995,0,2046,2420
7996,7996,0,2046,2906
7997,7997,0,2046,3339
7998,7998,0,2046,3696
7999,7999,0,2046,3953
8000,8000,0,2046,4095
8001,8001,0,2046,4095
8002,8002,0,2047,4018
8003,8003,0,2046,3799
8004,8004,0,2047,3475
8005,8005,0,2047,3067
8006,8006,0,2047,2596
8007,8007,0,2046,2092
8008,8008,0,2047,1586
8009,8009,0,2047,1106
8010,8010,0,2046,683
8011,8011,0,2046,339
8012,8012,0,2046,96
8013,8013,0,2047,0
8014,8014,0,2047,0
8015,8015,0,2046,82
8016,8016,0,2046,317
8017,8017,0,2046,654
8018,8018,0,2047,1074
8019,8019,0,2046,1549
8020,8020,0,2046,2055
8021,8021,0,2046,2559
8022,8022,0,2047,3034
8023,8023,0,2047,3448
8024,8024,0,2046,3779
8025,8025,0,2046,4007
8026,8026,0,2046,4095
8027,8027,0,2046,4095
8028,8028,0,2047,3969
8029,8029,0,2046,3718
8030,8030,0,2046,3368
8031,8031,0,2047,2940
8032,8032,0,2046,2457
8033,8033,0,2046,1950
8034,8034,0,2046,1449
8035,8035,0,2046,982
8036,8036,0,2046,578
8037,8037,0,2047,259
8038,8038,0,2046,48
8039,8039,0,2046,0
8040,8040,0,2046,0
8041,8041,0,2047,137
8042,8042,0,2046,402
8043,8043,0,2046,764
8044,8044,0,2046,1201
8045,8045,0,2046,1690
8046,8046,0,2047,2197
8047,8047,0,2046,2697
8048,8048,0,2047,3156
8049,8049,0,2046,3550
8050,8050,0,2045,3853
8051,8051,0,2047,4049
8052,8052,0,2046,4095
8053,8053,0,2046,4078
8054,8054,0,2047,3910
8055,8055,0,2046,3630
8056,8056,0,2047,3255
8057,8057,0,2046,2809
8058,8058,0,2047,2316
8059,8059,0,2046,1808
8060,8060,0,2046,1313
8061,8061,0,2046,861
8062,8062,0,2046,479
8063,8063,0,2047,189
8064,8064,0,2046,10
8065,8065,0,2046,0
8066,8066,0,2047,15
8067,8067,0,2046,200
8068,8068,0,2046,494
8069,8069,0,2046,881
8070,8070,0,2046,1335
8071,8071,0,2046,1831
8072,8072,0,2046,2340
8073,8073,0,2046,2830
8074,8074,0,2047,3273
8075,8075,0,2047,3644
8076,8076,0,2046,3919
8077,8077,0,2046,4083
8078,8078,0,2046,4095
8079,8079,0,2046,4043
8080,8080,0,2046,3842
8081,8081,0,2047,3533
8082,8082,0,2047,3137
8083,8083,0,2046,2675
8084,8084,0,2046,2174
8085,8085,0,2046,1667
8086,8086,0,2047,1181
8087,8087,0,2046,746
8088,8088,0,2047,387
8089,8089,0,2047,127
8090,8090,0,2046,0
8091,8091,0,2046,0
8092,8092,0,2046,55
8093,8093,0,2046,272
8094,8094,0,2046,594
8095,8095,0,2046,1001
8096,8096,0,2046,1470
8097,8097,0,2046,1973
8098,8098,0,2047,2480
8099,8099,0,2047,2961
8100,8100,0,2046,3386
8101,8101,0,2046,3733
8102,8102,0,2046,3977
8103,8103,0,2047,4095
8104,8104,0,2046,4095
8105,8105,0,2046,3998
8106,8106,0,2047,3766
8107,8107,0,2046,3431
8108,8108,0,2047,3013
8109,8109,0,2047,2538
8110,8110,0,2046,2032
8111,8111,0,2046,1527
8112,8112,0,2046,1053
8113,8113,0,2046,637
8114,8114,0,2046,304
8115,8115,0,2047,74
8116,8116,0,2047,0
8117,8117,0,2047,0
8118,8118,0,2047,104
8119,8119,0,2046,352
8120,8120,0,2046,700
8121,8121,0,2047,1127
8122,8122,0,2047,1608
8123,8123,0,2046,2116
8124,8124,0,2046,2618
8125,8125,0,2047,3086
8126,8126,0,2046,3492
8127,8127,0,2046,3811
8128,8128,0,2047,4026
8129,8129,0,2046,4095
8130,8130,0,2046,4095
8131,8131,0,2047,3944
8132,8132,0,2046,3681
8133,8133,0,2047,3321
8134,8134,0,2046,2884
8135,8135,0,2046,2397
8136,8136,0,2046,1889
8137,8137,0,2046,1390
8138,8138,0,2046,929
8139,8139,0,2047,534
8140,8140,0,2047,228
8141,8141,0,2046,31
8142,8142,0,2046,0
8143,8143,0,2047,0
8144,8144,0,2047,162
8145,8145,0,2047,440
8146,8146,0,2047,813
8147,8147,0,2046,1258
8148,8148,0,2047,1749
8149,8149,0,2046,2259
8150,8150,0,2046,2754
8151,8151,0,2046,3207
8152,8152,0,2046,3590
8153,8153,0,2046,3883
8154,8154,0,2046,4065
8155,8155,0,2046,4095
8156,8156,0,2046,4064
8157,8157,0,2046,3882
8158,8158,0,2046,3590
8159,8159,0,2046,3206
8160,8160,0,2046,2751
8161,8161,0,2047,2256
8162,8162,0,2046,1748
8163,8163,0,2047,1256
8164,8164,0,2046,811
8165,8165,0,2046,439
8166,8166,0,2047,162
8167,8167,0,2046,0
8168,8168,0,2046,0
8169,8169,0,2046,31
8170,8170,0,2047,229
8171,8171,0,2046,536
8172,8172,0,2047,931
8173,8173,0,2047,1392
8174,8174,0,2047,1892
8175,8175,0,2047,2399
8176,8176,0,2047,2886
8177,8177,0,2046,3322
8178,8178,0,2046,3683
8179,8179,0,2046,3945
8180,8180,0,2047,4095
8181,8181,0,2046,4095
8182,8182,0,2047,4025
8183,8183,0,2046,3811
8184,8184,0,2047,3491
8185,8185,0,2046,3085
8186,8186,0,2046,2616
8187,8187,0,2046,2114
8188,8188,0,2046,1608
8189,8189,0,2046,1126
8190,8190,0,2046,698
8191,8191,0,2046,351
8192,8192,1,2047,103
8193,8193,0,2046,0
8194,8194,0,2047,0
8195,8195,0,2046,75
8196,8196,0,2047,305
8197,8197,0,2047,638
8198,8198,0,2046,1054
8199,8199,0,2046,1529
8200,8200,0,2047,2034
8201,8201,0,2046,2539
8202,8202,0,2047,3015
8203,8203,0,2047,3432
8204,8204,0,2046,3767
8205,8205,0,2046,3999
8206,8206,0,2046,4095
8207,8207,0,2046,4095
8208,8208,0,2046,3976
8209,8209,0,2046,3730
8210,8210,0,2046,3385
8211,8211,0,2046,2958
8212,8212,0,2046,2478
8213,8213,0,2047,1972
8214,8214,0,2046,1468
8215,8215,0,2046,1000
8216,8216,0,2047,592
8217,8217,0,2046,271
8218,8218,0,2047,55
8219,8219,0,2047,0
8220,8220,0,2046,0
8221,8221,0,2046,128
8222,8222,0,2047,389
8223,8223,0,2046,747
8224,8224,0,2046,1182
8225,8225,0,2047,1669
8226,8226,0,2047,2176
8227,8227,0,2046,2676
8228,8228,0,2047,3139
8229,8229,0,2046,3534
8230,8230,0,2047,3843
8231,8231,0,2046,4043
8232,8232,0,2046,4095
8233,8233,0,2046,4083
8234,8234,0,2047,3919
8235,8235,0,2046,3643
8236,8236,0,2047,3272
8237,8237,0,2046,2829
8238,8238,0,2047,2337
8239,8239,0,2046,1829
8240,8240,0,2046,1333
8241,8241,0,2046,878
8242,8242,0,2047,493
8243,8243,0,2046,199
8244,8244,0,2047,15
8245,8245,0,2046,0
8246,8246,0,2046,10
8247,8247,0,2046,190
8248,8248,0,2047,480
8249,8249,0,2047,862
8250,8250,0,2046,1314
8251,8251,0,2046,1810
8252,8252,0,2046,2318
8253,8253,0,2046,2810
8254,8254,0,2047,3257
8255,8255,0,2046,3631
8256,8256,0,2047,3911
8257,8257,0,2046,4079
8258,8258,0,2047,4095
8259,8259,0,2046,4049
8260,8260,0,2047,3852
8261,8261,0,2047,3548
8262,8262,0,2047,3156
8263,8263,0,2046,2695
8264,8264,0,2047,2195
8265,8265,0,2047,1688
8266,8266,0,2046,1201
8267,8267,0,2046,763
8268,8268,0,2046,401
8269,8269,0,2046,136
8270,8270,0,2046,0
8271,8271,0,2046,0
8272,8272,0,2046,48
8273,8273,0,2047,261
8274,8274,0,2047,578
8275,8275,0,2047,982
8276,8276,0,2046,1450
8277,8277,0,2047,1953
8278,8278,0,2046,2460
8279,8279,0,2046,2942
8280,8280,0,2047,3370
8281,8281,0,2046,3719
8282,8282,0,2047,3969
8283,8283,0,2046,4095
8284,8284,0,2047,4095
8285,8285,0,2047,4005
8286,8286,0,2046,3777
8287,8287,0,2047,3446
8288,8288,0,2047,3032
8289,8289,0,2046,2558
8290,8290,0,2046,2053
8291,8291,0,2047,1548
8292,8292,0,2046,1071
8293,8293,0,2046,653
8294,8294,0,2047,316
8295,8295,0,2046,82
8296,8296,0,2046,0
8297,8297,0,2047,0
8298,8298,0,2047,97
8299,8299,0,2046,340
8300,8300,0,2047,684
8301,8301,0,2046,1108
8302,8302,0,2046,1589
8303,8303,0,2047,2095
8304,8304,0,2046,2597
8305,8305,0,2046,3068
8306,8306,0,2047,3477
8307,8307,0,2046,3801
8308,8308,0,2047,4019
8309,8309,0,2046,4095
8310,8310,0,2047,4095
8311,8311,0,2047,3953
8312,8312,0,2047,3695
8313,8313,0,2046,3338
8314,8314,0,2046,2904
8315,8315,0,2047,2418
8316,8316,0,2047,1911
8317,8317,0,2047,1411
8318,8318,0,2047,947
8319,8319,0,2047,550
8320,8320,0,2046,239
8321,8321,0,2046,37
8322,8322,0,2046,0
8323,8323,0,2046,0
8324,8324,0,2046,154
8325,8325,0,2046,427
8326,8326,0,2046,796
8327,8327,0,2046,1238
8328,8328,0,2046,1728
8329,8329,0,2046,2237
8330,8330,0,2047,2733
8331,8331,0,2047,3189
8332,8332,0,2047,3576
8333,8333,0,2046,3873
8334,8334,0,2046,4059
8335,8335,0,2046,4095
8336,8336,0,2046,4069
8337,8337,0,2046,3892
8338,8338,0,2046,3603
8339,8339,0,2046,3223
8340,8340,0,2047,2772
8341,8341,0,2046,2277
8342,8342,0,2046,1769
8343,8343,0,2046,1276
8344,8344,0,2046,829
8345,8345,0,2046,453
8346,8346,0,2046,171
8347,8347,0,2046,0
8348,8348,0,2046,0
8349,8349,0,2046,25
8350,8350,0,2047,219
8351,8351,0,2046,521
8352,8352,0,2046,913
8353,8353,0,2046,1371
8354,8354,0,2047,1869
8355,8355,0,2047,2379
8356,8356,0,2046,2867
8357,8357,0,2046,3306
8358,8358,0,2047,3670
8359,8359,0,2047,3936
8360,8360,0,2046,4091
8361,8361,0,2046,4095
8362,8362,0,2046,4032
8363,8363,0,2047,3821
8364,8364,0,2047,3505
8365,8365,0,2046,3103
8366,8366,0,2046,2637
8367,8367,0,2047,2135
8368,8368,0,2046,1628
8369,8369,0,2047,1145
8370,8370,0,2047,715
8371,8371,0,2047,364
8372,8372,0,2046,111
8373,8373,0,2046,0
8374,8374,0,2047,0
8375,8375,0,2047,67
8376,8376,0,2047,293
8377,8377,0,2046,622
8378,8378,0,2047,1035
8379,8379,0,2046,1508
8380,8380,0,2046,2012
8381,8381,0,2047,2519
8382,8382,0,2046,2996
8383,8383,0,2047,3416
8384,8384,0,2046,3755
8385,8385,0,2047,3991
8386,8386,0,2047,4095
8387,8387,0,2047,4095
8388,8388,0,2047,3985
8389,8389,0,2046,3742
8390,8390,0,2047,3401
8391,8391,0,2046,2978
8392,8392,0,2047,2499
8393,8393,0,2046,1993
8394,8394,0,2047,1489
8395,8395,0,2046,1018
8396,8396,0,2047,608
8397,8397,0,2047,283
8398,8398,0,2047,62
8399,8399,0,2046,0
8400,8400,0,2046,0
8401,8401,0,2046,120
8402,8402,0,2047,376
8403,8403,0,2046,730
8404,8404,0,2047,1162
8405,8405,0,2047,1648
8406,8406,0,2047,2155
8407,8407,0,2047,2656
8408,8408,0,2046,3120
8409,8409,0,2046,3520
8410,8410,0,2047,3832
8411,8411,0,2046,4038
8412,8412,0,2046,4095
8413,8413,0,2046,4087
8414,8414,0,2046,3928
8415,8415,0,2047,3656
8416,8416,0,2047,3290
8417,8417,0,2046,2848
8418,8418,0,2047,2359
8419,8419,0,2046,1850
8420,8420,0,2047,1353
8421,8421,0,2046,896
8422,8422,0,2046,508
8423,8423,0,2047,209
8424,8424,0,2046,20
8425,8425,0,2046,0
8426,8426,0,2046,6
8427,8427,0,2046,181
8428,8428,0,2047,466
8429,8429,0,2046,845
8430,8430,0,2046,1294
8431,8431,0,2047,1789
8432,8432,0,2047,2297
8433,8433,0,2046,2791
8434,8434,0,2046,3240
8435,8435,0,2046,3617
8436,8436,0,2046,3901
8437,8437,0,2047,4074
8438,8438,0,2046,4095
8439,8439,0,2046,4054
8440,8440,0,2046,3863
8441,8441,0,2046,3563
8442,8442,0,2046,3172
8443,8443,0,2046,2715
8444,8444,0,2047,2217
8445,8445,0,2046,1709
8446,8446,0,2047,1220
8447,8447,0,2047,780
8448,8448,0,2047,414
8449,8449,0,2046,145
8450,8450,0,2046,0
8451,8451,0,2047,0
8452,8452,0,2046,42
8453,8453,0,2046,250
8454,8454,0,2046,563
8455,8455,0,2046,965
8456,8456,0,2047,1430
8457,8457,0,2047,1931
8458,8458,0,2046,2439
8459,8459,0,2047,2922
8460,8460,0,2047,3353
8461,8461,0,2047,3707
8462,8462,0,2046,3961
8463,8463,0,2046,4095
8464,8464,0,2046,4095
8465,8465,0,2047,4012
8466,8466,0,2047,3789
8467,8467,0,2046,3461
8468,8468,0,2046,3050
8469,8469,0,2047,2578
8470,8470,0,2046,2075
8471,8471,0,2046,1568
8472,8472,0,2046,1090
8473,8473,0,2046,669
8474,8474,0,2047,328
8475,8475,0,2046,89
8476,8476,0,2046,0
8477,8477,0,2047,0
8478,8478,0,2047,89
8479,8479,0,2046,327
8480,8480,0,2047,668
8481,8481,0,2047,1089
8482,8482,0,2047,1567
8483,8483,0,2047,2073
8484,8484,0,2046,2577
8485,8485,0,2046,3049
8486,8486,0,2047,3461
8487,8487,0,2047,3788
8488,8488,0,2046,4012
8489,8489,0,2047,4095
8490,8490,0,2046,4095
8491,8491,0,2047,3961
8492,8492,0,2046,3708
8493,8493,0,2046,3354
8494,8494,0,2047,2923
8495,8495,0,2046,2439
8496,8496,0,2046,1931
8497,8497,0,2047,1430
8498,8498,0,2046,965
8499,8499,0,2046,565
8500,8500,0,2047,250
8501,8501,0,2047,43
8502,8502,0,2046,0
8503,8503,0,2046,0
8504,8504,0,2046,144
8505,8505,0,2046,413
8506,8506,0,2047,779
8507,8507,0,2046,1218
8508,8508,0,2047,1707
8509,8509,0,2046,2216
8510,8510,0,2046,2714
8511,8511,0,2046,3171
8512,8512,0,2046,3562
8513,8513,0,2047,3862
8514,8514,0,2047,4054
8515,8515,0,2047,4095
8516,8516,0,2047,4074
8517,8517,0,2046,3900
8518,8518,0,2046,3617
8519,8519,0,2046,3241
8520,8520,0,2046,2792
8521,8521,0,2046,2298
8522,8522,0,2046,1790
8523,8523,0,2046,1295
8524,8524,0,2046,847
8525,8525,0,2046,467
8526,8526,0,2047,181
8527,8527,0,2047,5
8528,8528,0,2046,0
8529,8529,0,2046,20
8530,8530,0,2046,209
8531,8531,0,2046,506
8532,8532,0,2046,895
8533,8533,0,2046,1351
8534,8534,0,2047,1849
8535,8535,0,2047,2357
8536,8536,0,2046,2847
8537,8537,0,2046,3288
8538,8538,0,2046,3656
8539,8539,0,2046,3927
8540,8540,0,2046,4087
8541,8541,0,2045,4095
8542,8542,0,2046,4038
8543,8543,0,2046,3833
8544,8544,0,2047,3520
8545,8545,0,2046,3121
8546,8546,0,2046,2657
8547,8547,0,2046,2155
8548,8548,0,2046,1649
8549,8549,0,2046,1164
8550,8550,0,2047,732
8551,8551,0,2047,377
8552,8552,0,2047,120
8553,8553,0,2046,0
8554,8554,0,2046,0
8555,8555,0,2047,60
8556,8556,0,2047,282
8557,8557,0,2046,607
8558,8558,0,2046,1017
8559,8559,0,2046,1488
8560,8560,0,2047,1991
8561,8561,0,2047,2498
8562,8562,0,2046,2977
8563,8563,0,2046,3400
8564,8564,0,2047,3742
8565,8565,0,2046,3985
8566,8566,0,2046,4095
8567,8567,0,2046,4095
8568,8568,0,2046,3992
8569,8569,0,2046,3756
8570,8570,0,2046,3417
8571,8571,0,2046,2997
8572,8572,0,2046,2519
8573,8573,0,2046,2014
8574,8574,0,2046,1509
8575,8575,0,2047,1037
8576,8576,0,2047,623
8577,8577,0,2047,294
8578,8578,0,2046,69
8579,8579,0,2046,0
8580,8580,0,2046,0
8581,8581,0,2047,111
8582,8582,0,2046,363
8583,8583,0,2046,714
8584,8584,0,2046,1144
8585,8585,0,2046,1627
8586,8586,0,2046,2133
8587,8587,0,2046,2635
8588,8588,0,2047,3102
8589,8589,0,2046,3504
8590,8590,0,2048,3821
8591,8591,0,2047,4031
8592,8592,0,2046,4095
8593,8593,0,2046,4091
8594,8594,0,2047,3936
8595,8595,0,2047,3670
8596,8596,0,2046,3307
8597,8597,0,2047,2868
8598,8598,0,2046,2380
8599,8599,0,2047,1872
8600,8600,0,2047,1373
8601,8601,0,2046,914
8602,8602,0,2047,522
8603,8603,0,2046,220
8604,8604,0,2046,26
8605,8605,0,2046,0
8606,8606,0,2046,0
8607,8607,0,2047,171
8608,8608,0,2047,452
8609,8609,0,2047,827
8610,8610,0,2046,1275
8611,8611,0,2047,1767
8612,8612,0,2046,2277
8613,8613,0,2047,2771
8614,8614,0,2047,3222
8615,8615,0,2047,3604
8616,8616,0,2047,3890
8617,8617,0,2046,4069
8618,8618,0,2047,4095
8619,8619,0,2046,4059
8620,8620,0,2046,3873
8621,8621,0,2047,3578
8622,8622,0,2045,3190
8623,8623,0,2047,2735
8624,8624,0,2046,2239
8625,8625,0,2046,1729
8626,8626,0,2046,1239
8627,8627,0,2047,796
8628,8628,0,2046,427
8629,8629,0,2046,154
8630,8630,0,2046,0
8631,8631,0,2046,0
8632,8632,0,2046,37
8633,8633,0,2046,239
8634,8634,0,2047,548
8635,8635,0,2046,946
8636,8636,0,2047,1410
8637,8637,0,2046,1909
8638,8638,0,2046,2417
8639,8639,0,2047,2902
8640,8640,0,2046,3337
8641,8641,0,2046,3694
8642,8642,0,2047,3952
8643,8643,0,2046,4095
8644,8644,0,2046,4095
8645,8645,0,2046,4020
8646,8646,0,2046,3801
8647,8647,0,2047,3478
8648,8648,0,2046,3068
8649,8649,0,2046,2599
8650,8650,0,2047,2096
8651,8651,0,2046,1589
8652,8652,0,2047,1109
8653,8653,0,2046,685
8654,8654,0,2047,341
8655,8655,0,2046,96
8656,8656,0,2046,0
8657,8657,0,2046,0
8658,8658,0,2046,81
8659,8659,0,2047,315
8660,8660,0,2047,651
8661,8661,0,2046,1071
8662,8662,0,2047,1547
8663,8663,0,2047,2052
8664,8664,0,2046,2557
8665,8665,0,2046,3029
8666,8666,0,2047,3445
8667,8667,0,2046,3776
8668,8668,0,2046,4005
8669,8669,0,2047,4095
8670,8670,0,2047,4095
8671,8671,0,2047,3970
8672,8672,0,2046,3720
8673,8673,0,2046,3371
8674,8674,0,2047,2943
8675,8675,0,2047,2460
8676,8676,0,2046,1953
8677,8677,0,2046,1451
8678,8678,0,2047,984
8679,8679,0,2047,580
8680,8680,0,2046,263
8681,8681,0,2047,49
8682,8682,0,2046,0
8683,8683,0,2047,0
8684,8684,0,2047,136
8685,8685,0,2046,400
8686,8686,0,2047,762
8687,8687,0,2046,1200
8688,8688,0,2047,1687
8689,8689,0,2047,2195
8690,8690,0,2046,2693
8691,8691,0,2046,3153
8692,8692,0,2046,3547
8693,8693,0,2046,3852
8694,8694,0,2046,4048
8695,8695,0,2046,4095
8696,8696,0,2046,4079
8697,8697,0,2046,3911
8698,8698,0,2047,3631
8699,8699,0,2046,3257
8700,8700,0,2046,2812
8701,8701,0,2046,2319
8702,8702,0,2046,1810
8703,8703,0,2046,1316
8704,8704,0,2046,864
8705,8705,0,2046,482
8706,8706,0,2046,191
8707,8707,0,2046,10
8708,8708,0,2047,0
8709,8709,0,2047,14
8710,8710,0,2046,199
8711,8711,0,2047,492
8712,8712,0,2046,877
8713,8713,0,2046,1331
8714,8714,0,2046,1827
8715,8715,0,2047,2336
8716,8716,0,2046,2827
8717,8717,0,2046,3271
8718,8718,0,2046,3643
8719,8719,0,2046,3918
8720,8720,0,2046,4082
8721,8721,0,2046,4095
8722,8722,0,2046,4044
8723,8723,0,2046,3844
8724,8724,0,2045,3536
8725,8725,0,2047,3139
8726,8726,0,2046,2678
8727,8727,0,2047,2177
8728,8728,0,2047,1670
8729,8729,0,2046,1184
8730,8730,0,2046,749
8731,8731,0,2046,390
8732,8732,0,2046,129
8733,8733,0,2046,0
8734,8734,0,2046,0
8735,8735,0,2046,54
8736,8736,0,2047,270
8737,8737,0,2046,591
8738,8738,0,2046,998
8739,8739,0,2046,1467
8740,8740,0,2046,1971
8741,8741,0,2046,2477
8742,8742,0,2046,2958
8743,8743,0,2047,3384
8744,8744,0,2046,3729
8745,8745,0,2046,3976
8746,8746,0,2046,4095
8747,8747,0,2047,4095
8748,8748,0,2046,4000
8749,8749,0,2045,3767
8750,8750,0,2046,3433
8751,8751,0,2046,3016
8752,8752,0,2046,2540
8753,8753,0,2046,2036
8754,8754,0,2046,1530
8755,8755,0,2046,1056
8756,8756,0,2046,640
8757,8757,0,2047,306
8758,8758,0,2047,75
8759,8759,0,2046,0
8760,8760,0,2047,0
8761,8761,0,2047,103
8762,8762,0,2046,350
8763,8763,0,2046,697
8764,8764,0,2046,1124
8765,8765,0,2047,1605
8766,8766,0,2047,2112
8767,8767,0,2046,2615
8768,8768,0,2047,3083
8769,8769,0,2046,3489
8770,8770,0,2047,3810
8771,8771,0,2047,4024
8772,8772,0,2047,4095
8773,8773,0,2046,4095
8774,8774,0,2046,3945
8775,8775,0,2046,3683
8776,8776,0,2047,3323
8777,8777,0,2047,2887
8778,8778,0,2046,2401
8779,8779,0,2046,1893
8780,8780,0,2046,1393
8781,8781,0,2047,932
8782,8782,0,2046,537
8783,8783,0,2046,230
8784,8784,0,2047,32
8785,8785,0,2047,0
8786,8786,0,2046,0
8787,8787,0,2046,162
8788,8788,0,2046,438
8789,8789,0,2047,811
8790,8790,0,2046,1255
8791,8791,0,2047,1746
8792,8792,0,2047,2255
8793,8793,0,2046,2750
8794,8794,0,2046,3204
8795,8795,0,2046,3589
8796,8796,0,2046,3881
8797,8797,0,2046,4063
8798,8798,0,2046,4095
8799,8799,0,2046,4065
8800,8800,0,2046,3883
8801,8801,0,2046,3592
8802,8802,0,2046,3207
8803,8803,0,2046,2755
8804,8804,0,2046,2259
8805,8805,0,2046,1751
8806,8806,0,2046,1259
8807,8807,0,2046,813
8808,8808,0,2046,441
8809,8809,0,2046,164
8810,8810,0,2046,0
8811,8811,0,2046,0
8812,8812,0,2047,30
8813,8813,0,2046,228
8814,8814,0,2046,533
8815,8815,0,2046,928
8816,8816,0,2046,1389
8817,8817,0,2046,1888
8818,8818,0,2046,2396
8819,8819,0,2047,2883
8820,8820,0,2046,3320
8821,8821,0,2046,3681
8822,8822,0,2047,3944
8823,8823,0,2046,4095
8824,8824,0,2047,4095
8825,8825,0,2046,4026
8826,8826,0,2046,3812
8827,8827,0,2046,3492
8828,8828,0,2046,3088
8829,8829,0,2046,2620
8830,8830,0,2047,2117
8831,8831,0,2047,1610
8832,8832,0,2046,1129
8833,8833,0,2047,701
8834,8834,0,2046,353
8835,8835,0,2047,105
8836,8836,0,2046,0
8837,8837,0,2046,0
8838,8838,0,2047,74
8839,8839,0,2046,303
8840,8840,0,2046,636
8841,8841,0,2046,1051
8842,8842,0,2047,1526
8843,8843,0,2047,2031
8844,8844,0,2047,2536
8845,8845,0,2047,3012
8846,8846,0,2047,3430
8847,8847,0,2046,3765
8848,8848,0,2047,3997
8849,8849,0,2046,4095
8850,8850,0,2046,4095
8851,8851,0,2046,3977
8852,8852,0,2046,3732
8853,8853,0,2047,3386
8854,8854,0,2046,2961
8855,8855,0,2047,2481
8856,8856,0,2046,1975
8857,8857,0,2047,1472
8858,8858,0,2046,1002
8859,8859,0,2046,595
8860,8860,0,2047,272
8861,8861,0,2046,56
8862,8862,0,2045,0
8863,8863,0,2046,0
8864,8864,0,2047,127
8865,8865,0,2047,387
8866,8866,0,2047,745
8867,8867,0,2046,1179
8868,8868,0,2046,1666
8869,8869,0,2046,2173
8870,8870,0,2047,2673
8871,8871,0,2046,3136
8872,8872,0,2047,3532
8873,8873,0,2046,3841
8874,8874,0,2046,4043
8875,8875,0,2046,4095
8876,8876,0,2046,4083
8877,8877,0,2046,3920
8878,8878,0,2046,3645
8879,8879,0,2046,3274
8880,8880,0,2047,2831
8881,8881,0,2047,2341
8882,8882,0,2046,1832
8883,8883,0,2047,1336
8884,8884,0,2046,881
8885,8885,0,2046,496
8886,8886,0,2046,201
8887,8887,0,2047,16
8888,8888,0,2046,0
8889,8889,0,2047,10
8890,8890,0,2046,189
8891,8891,0,2047,478
8892,8892,0,2047,860
8893,8893,0,2046,1311
8894,8894,0,2047,1807
8895,8895,0,2047,2316
8896,8896,0,2046,2808
8897,8897,0,2047,3255
8898,8898,0,2046,3629
8899,8899,0,2046,3908
8900,8900,0,2046,4078
8901,8901,0,2046,4095
8902,8902,0,2046,4050
8903,8903,0,2046,3854
8904,8904,0,2046,3550
8905,8905,0,2046,3157
8906,8906,0,2047,2698
8907,8907,0,2047,2199
8908,8908,0,2047,1691
8909,8909,0,2046,1203
8910,8910,0,2046,765
8911,8911,0,2046,403
8912,8912,0,2046,138
8913,8913,0,2046,0
8914,8914,0,2046,0
8915,8915,0,2046,48
8916,8916,0,2046,259
8917,8917,0,2046,576
8918,8918,0,2047,980
8919,8919,0,2046,1447
8920,8920,0,2046,1949
8921,8921,0,2046,2456
8922,8922,0,2046,2939
8923,8923,0,2047,3366
8924,8924,0,2047,3717
8925,8925,0,2046,3968
8926,8926,0,2046,4095
8927,8927,0,2046,4095
8928,8928,0,2046,4006
8929,8929,0,2046,3779
8930,8930,0,2046,3448
8931,8931,0,2046,3034
8932,8932,0,2047,2561
8933,8933,0,2046,2057
8934,8934,0,2047,1551
8935,8935,0,2047,1075
8936,8936,0,2046,656
8937,8937,0,2047,318
8938,8938,0,2046,83
8939,8939,0,2046,0
8940,8940,0,2046,0
8941,8941,0,2046,96
8942,8942,0,2046,339
8943,8943,0,2046,681
8944,8944,0,2047,1105
8945,8945,0,2045,1585
8946,8946,0,2046,2091
8947,8947,0,2047,2594
8948,8948,0,2046,3065
8949,8949,0,2046,3474
8950,8950,0,2046,3798
8951,8951,0,2046,4018
8952,8952,0,2046,4095
8953,8953,0,2046,4095
8954,8954,0,2047,3954
8955,8955,0,2046,3696
8956,8956,0,2046,3341
8957,8957,0,2046,2906
8958,8958,0,2046,2422
8959,8959,0,2047,1914
8960,8960,0,2046,1414
8961,8961,0,2046,950
8962,8962,0,2046,551
8963,8963,0,2046,241
8964,8964,0,2046,37
8965,8965,0,2046,0
8966,8966,0,2046,0
8967,8967,0,2046,152
8968,8968,0,2046,424
8969,8969,0,2046,793
8970,8970,0,2046,1235
8971,8971,0,2046,1725
8972,8972,0,2046,2233
8973,8973,0,2046,2730
8974,8974,0,2047,3186
8975,8975,0,2046,3574
8976,8976,0,2046,3871
8977,8977,0,2046,4058
8978,8978,0,2046,4095
8979,8979,0,2046,4070
8980,8980,0,2046,3893
8981,8981,0,2047,3606
8982,8982,0,2047,3226
8983,8983,0,2047,2776
8984,8984,0,2046,2281
8985,8985,0,2047,1772
8986,8986,0,2046,1279
8987,8987,0,2046,831
8988,8988,0,2047,455
8989,8989,0,2046,172
8990,8990,0,2046,2
8991,8991,0,2047,0
8992,8992,0,2047,25
8993,8993,0,2046,218
8994,8994,0,2046,519
8995,8995,0,2047,910
8996,8996,0,2046,1368
8997,8997,0,2047,1868
8998,8998,0,2047,2376
8999,8999,0,2047,2863
9000,9000,0,2047,3303
9001,9001,0,2046,3668
9002,9002,0,2047,3935
9003,9003,0,2046,4090
9004,9004,0,2046,4095
9005,9005,0,2047,4033
9006,9006,0,2046,3824
9007,9007,0,2047,3508
9008,9008,0,2046,3106
9009,9009,0,2047,2640
9010,9010,0,2046,2138
9011,9011,0,2046,1631
9012,9012,0,2047,1148
9013,9013,0,2046,718
9014,9014,0,2047,365
9015,9015,0,2046,114
9016,9016,0,2047,0
9017,9017,0,2046,0
9018,9018,0,2047,67
9019,9019,0,2046,292
9020,9020,0,2046,620
9021,9021,0,2047,1033
9022,9022,0,2046,1506
9023,9023,0,2046,2009
9024,9024,0,2047,2515
9025,9025,0,2046,2993
9026,9026,0,2047,3414
9027,9027,0,2046,3753
9028,9028,0,2047,3991
9029,9029,0,2046,4095
9030,9030,0,2046,4095
9031,9031,0,2046,3986
9032,9032,0,2046,3745
9033,9033,0,2045,3404
9034,9034,0,2046,2980
9035,9035,0,2046,2502
9036,9036,0,2046,1996
9037,9037,0,2046,1492
9038,9038,0,2046,1022
9039,9039,0,2046,611
9040,9040,0,2047,285
9041,9041,0,2046,63
9042,9042,0,2046,0
9043,9043,0,2046,0
9044,9044,0,2046,118
9045,9045,0,2046,374
9046,9046,0,2046,728
9047,9047,0,2046,1160
9048,9048,0,2047,1644
9049,9049,0,2046,2151
9050,9050,0,2047,2652
9051,9051,0,2046,3117
9052,9052,0,2046,3517
9053,9053,0,2046,3830
9054,9054,0,2046,4037
9055,9055,0,2046,4095
9056,9056,0,2046,4088
9057,9057,0,2046,3930
9058,9058,0,2046,3659
9059,9059,0,2046,3292
9060,9060,0,2046,2851
9061,9061,0,2046,2362
9062,9062,0,2046,1853
9063,9063,0,2046,1356
9064,9064,0,2046,898
9065,9065,0,2047,509
9066,9066,0,2046,211
9067,9067,0,2047,21
9068,9068,0,2046,0
9069,9069,0,2046,4
9070,9070,0,2046,179
9071,9071,0,2047,463
9072,9072,0,2046,842
9073,9073,0,2047,1291
9074,9074,0,2046,1785
9075,9075,0,2047,2295
9076,9076,0,2046,2788
9077,9077,0,2046,3237
9078,9078,0,2046,3615
9079,9079,0,2047,3899
9080,9080,0,2046,4074
9081,9081,0,2046,4095
9082,9082,0,2047,4055
9083,9083,0,2046,3864
9084,9084,0,2046,3565
9085,9085,0,2047,3176
9086,9086,0,2046,2718
9087,9087,0,2047,2221
9088,9088,0,2046,1712
9089,9089,0,2047,1223
9090,9090,0,2046,782
9091,9091,0,2047,416
9092,9092,0,2046,146
9093,9093,0,2046,0
9094,9094,0,2046,0
9095,9095,0,2047,41
9096,9096,0,2046,248
9097,9097,0,2046,561
9098,9098,0,2046,961
9099,9099,0,2046,1426
9100,9100,0,2046,1928
9101,9101,0,2047,2435
9102,9102,0,2046,2919
9103,9103,0,2046,3350
9104,9104,0,2047,3705
9105,9105,0,2046,3960
9106,9106,0,2046,4095
9107,9107,0,2046,4095
9108,9108,0,2047,4013
9109,9109,0,2046,3791
9110,9110,0,2046,3465
9111,9111,0,2046,3054
9112,9112,0,2046,2582
9113,9113,0,2046,2077
9114,9114,0,2046,1572
9115,9115,0,2046,1094
9116,9116,0,2046,672
9117,9117,0,2046,331
9118,9118,0,2047,91
9119,9119,0,2046,0
9120,9120,0,2046,0
9121,9121,0,2047,87
9122,9122,0,2046,325
9123,9123,0,2047,665
9124,9124,0,2046,1086
9125,9125,0,2046,1564
9126,9126,0,2047,2070
9127,9127,0,2047,2574
9128,9128,0,2047,3046
9129,9129,0,2046,3459
9130,9130,0,2047,3787
9131,9131,0,2046,4011
9132,9132,0,2046,4095
9133,9133,0,2046,4095
9134,9134,0,2046,3963
9135,9135,0,2046,3709
9136,9136,0,2047,3356
9137,9137,0,2046,2926
9138,9138,0,2047,2442
9139,9139,0,2046,1935
9140,9140,0,2046,1435
9141,9141,0,2046,968
9142,9142,0,2046,567
9143,9143,0,2047,252
9144,9144,0,2047,43
9145,9145,0,2046,0
9146,9146,0,2046,0
9147,9147,0,2046,143
9148,9148,0,2046,412
9149,9149,0,2046,776
9150,9150,0,2046,1216
9151,9151,0,2046,1705
9152,9152,0,2046,2213
9153,9153,0,2046,2711
9154,9154,0,2047,3170
9155,9155,0,2046,3560
9156,9156,0,2046,3861
9157,9157,0,2046,4053
9158,9158,0,2046,4095
9159,9159,0,2046,4075
9160,9160,0,2046,3903
9161,9161,0,2046,3620
9162,9162,0,2046,3243
9163,9163,0,2046,2795
9164,9164,0,2046,2302
9165,9165,0,2046,1793
9166,9166,0,2046,1299
9167,9167,0,2046,848
9168,9168,0,2047,469
9169,9169,0,2046,182
9170,9170,0,2046,7
9171,9171,0,2046,0
9172,9172,0,2047,18
9173,9173,0,2047,207
9174,9174,0,2047,504
9175,9175,0,2047,893
9176,9176,0,2046,1349
9177,9177,0,2047,1845
9178,9178,0,2047,2355
9179,9179,0,2046,2844
9180,9180,0,2046,3286
9181,9181,0,2047,3654
9182,9182,0,2046,3927
9183,9183,0,2047,4086
9184,9184,0,2046,4095
9185,9185,0,2046,4039
9186,9186,0,2046,3834
9187,9187,0,2046,3522
9188,9188,0,2047,3124
9189,9189,0,2047,2660
9190,9190,0,2047,2159
9191,9191,0,2046,1652
9192,9192,0,2046,1167
9193,9193,0,2047,735
9194,9194,0,2046,379
9195,9195,0,2046,122
9196,9196,0,2046,0
9197,9197,0,2046,0
9198,9198,0,2047,60
9199,9199,0,2046,280
9200,9200,0,2046,604
9201,9201,0,2047,1014
9202,9202,0,2046,1485
9203,9203,0,2046,1988
9204,9204,0,2046,2494
9205,9205,0,2046,2974
9206,9206,0,2047,3398
9207,9207,0,2046,3741
9208,9208,0,2046,3982
9209,9209,0,2046,4095
9210,9210,0,2046,4095
9211,9211,0,2046,3993
9212,9212,0,2046,3757
9213,9213,0,2046,3419
9214,9214,0,2047,3000
9215,9215,0,2047,2523
9216,9216,0,2047,2017
9217,9217,0,2047,1513
9218,9218,0,2047,1040
9219,9219,0,2047,626
9220,9220,0,2046,296
9221,9221,0,2047,70
9222,9222,0,2047,0
9223,9223,0,2046,0
9224,9224,0,2046,110
9225,9225,0,2046,361
9226,9226,0,2047,712
9227,9227,0,2046,1141
9228,9228,0,2047,1624
9229,9229,0,2047,2130
9230,9230,0,2046,2632
9231,9231,0,2047,3099
9232,9232,0,2047,3503
9233,9233,0,2046,3820
9234,9234,0,2046,4030
9235,9235,0,2046,4095
9236,9236,0,2046,4091
9237,9237,0,2046,3938
9238,9238,0,2046,3672
9239,9239,0,2046,3309
9240,9240,0,2046,2871
9241,9241,0,2046,2383
9242,9242,0,2046,1874
9243,9243,0,2046,1375
9244,9244,0,2046,917
9245,9245,0,2046,524
9246,9246,0,2046,221
9247,9247,0,2046,26
9248,9248,0,2047,0
9249,9249,0,2046,0
9250,9250,0,2046,169
9251,9251,0,2046,450
9252,9252,0,2046,825
9253,9253,0,2047,1272
9254,9254,0,2047,1764
9255,9255,0,2046,2273
9256,9256,0,2047,2768
9257,9257,0,2047,3220
9258,9258,0,2047,3601
9259,9259,0,2046,3890
9260,9260,0,2047,4069
9261,9261,0,2046,4095
9262,9262,0,2046,4061
9263,9263,0,2046,3875
9264,9264,0,2047,3580
9265,9265,0,2046,3193
9266,9266,0,2047,2738
9267,9267,0,2046,2241
9268,9268,0,2046,1733
9269,9269,0,2046,1243
9270,9270,0,2047,800
9271,9271,0,2047,430
9272,9272,0,2047,155
9273,9273,0,2046,0
9274,9274,0,2046,0
9275,9275,0,2047,35
9276,9276,0,2047,237
9277,9277,0,2046,546
9278,9278,0,2047,943
9279,9279,0,2046,1406
9280,9280,0,2047,1906
9281,9281,0,2047,2414
9282,9282,0,2047,2900
9283,9283,0,2046,3334
9284,9284,0,2047,3692
9285,9285,0,2046,3951
9286,9286,0,2046,4095
9287,9287,0,2047,4095
9288,9288,0,2046,4020
9289,9289,0,2046,3803
9290,9290,0,2046,3480
9291,9291,0,2046,3071
9292,9292,0,2046,2601
9293,9293,0,2046,2099
9294,9294,0,2046,1592
9295,9295,0,2047,1113
9296,9296,0,2047,687
9297,9297,0,2046,342
9298,9298,0,2046,98
9299,9299,0,2046,0
9300,9300,0,2047,0
9301,9301,0,2047,80
9302,9302,0,2046,313
9303,9303,0,2047,649
9304,9304,0,2046,1068
9305,9305,0,2047,1544
9306,9306,0,2047,2049
9307,9307,0,2047,2553
9308,9308,0,2047,3027
9309,9309,0,2046,3443
9310,9310,0,2046,3775
9311,9311,0,2046,4004
9312,9312,0,2047,4095
9313,9313,0,2046,4095
9314,9314,0,2046,3971
9315,9315,0,2047,3722
9316,9316,0,2046,3374
9317,9317,0,2046,2945
9318,9318,0,2046,2463
9319,9319,0,2047,1957
9320,9320,0,2046,1455
9321,9321,0,2046,987
9322,9322,0,2047,582
9323,9323,0,2046,263
9324,9324,0,2046,50
9325,9325,0,2046,0
9326,9326,0,2046,0
9327,9327,0,2047,134
9328,9328,0,2046,399
9329,9329,0,2046,759
9330,9330,0,2046,1196
9331,9331,0,2046,1683
9332,9332,0,2047,2191
9333,9333,0,2046,2690
9334,9334,0,2047,3151
9335,9335,0,2046,3545
9336,9336,0,2046,3851
9337,9337,0,2046,4048
9338,9338,0,2046,4095
9339,9339,0,2046,4080
9340,9340,0,2046,3913
9341,9341,0,2047,3634
9342,9342,0,2046,3260
9343,9343,0,2046,2815
9344,9344,0,2046,2323
9345,9345,0,2047,1814
9346,9346,0,2046,1319
9347,9347,0,2047,866
9348,9348,0,2047,483
9349,9349,0,2046,193
9350,9350,0,2047,12
9351,9351,0,2046,0
9352,9352,0,2046,13
9353,9353,0,2046,198
9354,9354,0,2047,490
9355,9355,0,2047,874
9356,9356,0,2046,1328
9357,9357,0,2046,1824
9358,9358,0,2047,2333
9359,9359,0,2046,2824
9360,9360,0,2046,3269
9361,9361,0,2046,3640
9362,9362,0,2046,3917
9363,9363,0,2046,4082
9364,9364,0,2046,4095
9365,9365,0,2047,4044
9366,9366,0,2046,3845
9367,9367,0,2046,3538
9368,9368,0,2046,3142
9369,9369,0,2047,2680
9370,9370,0,2046,2181
9371,9371,0,2046,1672
9372,9372,0,2046,1187
9373,9373,0,2046,751
9374,9374,0,2047,391
9375,9375,0,2046,130
9376,9376,0,2047,0
9377,9377,0,2046,0
9378,9378,0,2046,53
9379,9379,0,2046,268
9380,9380,0,2046,589
9381,9381,0,2046,996
9382,9382,0,2046,1464
9383,9383,0,2046,1967
9384,9384,0,2046,2474
9385,9385,0,2046,2955
9386,9386,0,2046,3381
9387,9387,0,2046,3728
9388,9388,0,2047,3975
9389,9389,0,2046,4095
9390,9390,0,2047,4095
9391,9391,0,2046,4001
9392,9392,0,2046,3770
9393,9393,0,2046,3435
9394,9394,0,2047,3018
9395,9395,0,2046,2544
9396,9396,0,2047,2038
9397,9397,0,2046,1534
9398,9398,0,2047,1059
9399,9399,0,2046,642
9400,9400,0,2047,308
9401,9401,0,2046,77
9402,9402,0,2047,0
9403,9403,0,2046,0
9404,9404,0,2046,102
9405,9405,0,2046,348
9406,9406,0,2047,695
9407,9407,0,2047,1122
9408,9408,0,2046,1602
9409,9409,0,2046,2109
9410,9410,0,2046,2612
9411,9411,0,2046,3081
9412,9412,0,2046,3487
9413,9413,0,2047,3808
9414,9414,0,2047,4023
9415,9415,0,2046,4095
9416,9416,0,2047,4095
9417,9417,0,2046,3946
9418,9418,0,2047,3685
9419,9419,0,2046,3326
9420,9420,0,2046,2890
9421,9421,0,2046,2404
9422,9422,0,2046,1895
9423,9423,0,2046,1396
9424,9424,0,2046,935
9425,9425,0,2047,539
9426,9426,0,2046,232
9427,9427,0,2046,32
9428,9428,0,2046,0
9429,9429,0,2046,0
9430,9430,0,2047,160
9431,9431,0,2047,437
9432,9432,0,2047,808
9433,9433,0,2047,1252
9434,9434,0,2046,1743
9435,9435,0,2046,2252
9436,9436,0,2047,2748
9437,9437,0,2046,3202
9438,9438,0,2046,3586
9439,9439,0,2046,3880
9440,9440,0,2046,4063
9441,9441,0,2047,4095
9442,9442,0,2046,4066
9443,9443,0,2046,3885
9444,9444,0,2046,3594
9445,9445,0,2046,3210
9446,9446,0,2047,2758
9447,9447,0,2047,2263
9448,9448,0,2047,1754
9449,9449,0,2047,1263
9450,9450,0,2047,816
9451,9451,0,2047,443
9452,9452,0,2047,164
9453,9453,0,2046,0
9454,9454,0,2046,0
9455,9455,0,2046,29
9456,9456,0,2046,227
9457,9457,0,2046,531
9458,9458,0,2047,926
9459,9459,0,2047,1386
9460,9460,0,2046,1884
9461,9461,0,2046,2393
9462,9462,0,2046,2880
9463,9463,0,2046,3318
9464,9464,0,2047,3680
9465,9465,0,2046,3942
9466,9466,0,2046,4093
9467,9467,0,2046,4095
9468,9468,0,2047,4027
9469,9469,0,2046,3813
9470,9470,0,2046,3495
9471,9471,0,2046,3090
9472,9472,0,2046,2622
9473,9473,0,2047,2121
9474,9474,0,2046,1613
9475,9475,0,2046,1131
9476,9476,0,2046,704
9477,9477,0,2047,355
9478,9478,0,2046,106
9479,9479,0,2047,0
9480,9480,0,2047,0
9481,9481,0,2046,73
9482,9482,0,2046,302
9483,9483,0,2046,634
9484,9484,0,2046,1050
9485,9485,0,2046,1522
9486,9486,0,2047,2028
9487,9487,0,2047,2533
9488,9488,0,2046,3009
9489,9489,0,2046,3428
9490,9490,0,2047,3763
9491,9491,0,2046,3996
9492,9492,0,2046,4095
9493,9493,0,2046,4095
9494,9494,0,2046,3979
9495,9495,0,2046,3734
9496,9496,0,2047,3389
9497,9497,0,2046,2964
9498,9498,0,2047,2484
9499,9499,0,2046,1978
9500,9500,0,2046,1475
9501,9501,0,2047,1006
9502,9502,0,2046,597
9503,9503,0,2046,275
9504,9504,0,2046,57
9505,9505,0,2046,0
9506,9506,0,2047,0
9507,9507,0,2046,126
9508,9508,0,2046,385
9509,9509,0,2046,743
9510,9510,0,2047,1177
9511,9511,0,2047,1662
9512,9512,0,2046,2170
9513,9513,0,2047,2670
9514,9514,0,2047,3133
9515,9515,0,2046,3530
9516,9516,0,2046,3840
9517,9517,0,2046,4041
9518,9518,0,2046,4095
9519,9519,0,2046,4084
9520,9520,0,2046,3922
9521,9521,0,2047,3647
9522,9522,0,2046,3278
9523,9523,0,2046,2834
9524,9524,0,2046,2344
9525,9525,0,2046,1835
9526,9526,0,2046,1339
9527,9527,0,2046,884
9528,9528,0,2046,498
9529,9529,0,2046,203
9530,9530,0,2046,17
9531,9531,0,2046,0
9532,9532,0,2046,9
9533,9533,0,2046,187
9534,9534,0,2046,476
9535,9535,0,2047,857
9536,9536,0,2047,1308
9537,9537,0,2047,1803
9538,9538,0,2047,2312
9539,9539,0,2047,2805
9540,9540,0,2046,3252
9541,9541,0,2046,3627
9542,9542,0,2046,3907
9543,9543,0,2046,4078
9544,9544,0,2046,4095
9545,9545,0,2046,4050
9546,9546,0,2046,3856
9547,9547,0,2046,3552
9548,9548,0,2047,3160
9549,9549,0,2046,2700
9550,9550,0,2047,2202
9551,9551,0,2046,1694
9552,9552,0,2046,1206
9553,9553,0,2046,768
9554,9554,0,2046,405
9555,9555,0,2046,139
9556,9556,0,2047,0
9557,9557,0,2046,0
9558,9558,0,2046,47
9559,9559,0,2046,257
9560,9560,0,2047,574
9561,9561,0,2047,977
9562,9562,0,2047,1444
9563,9563,0,2047,1946
9564,9564,0,2046,2453
9565,9565,0,2046,2936
9566,9566,0,2047,3365
9567,9567,0,2047,3715
9568,9568,0,2046,3967
9569,9569,0,2047,4095
9570,9570,0,2047,4095
9571,9571,0,2046,4008
9572,9572,0,2047,3781
9573,9573,0,2046,3451
9574,9574,0,2046,3037
9575,9575,0,2047,2564
9576,9576,0,2046,2060
9577,9577,0,2046,1554
9578,9578,0,2046,1077
9579,9579,0,2047,656
9580,9580,0,2047,320
9581,9581,0,2046,83
9582,9582,0,2047,0
9583,9583,0,2047,0
9584,9584,0,2046,95
9585,9585,0,2046,336
9586,9586,0,2047,679
9587,9587,0,2046,1103
9588,9588,0,2046,1582
9589,9589,0,2047,2088
9590,9590,0,2046,2592
9591,9591,0,2046,3062
9592,9592,0,2047,3472
9593,9593,0,2047,3797
9594,9594,0,2046,4017
9595,9595,0,2047,4095
9596,9596,0,2046,4095
9597,9597,0,2047,3955
9598,9598,0,2047,3698
9599,9599,0,2046,3343
9600,9600,0,2047,2910
9601,9601,0,2046,2425
9602,9602,0,2046,1917
9603,9603,0,2046,1417
9604,9604,0,2047,953
9605,9605,0,2047,554
9606,9606,0,2046,243
9607,9607,0,2047,38
9608,9608,0,2047,0
9609,9609,0,2046,0
9610,9610,0,2047,151
9611,9611,0,2046,423
9612,9612,0,2047,790
9613,9613,0,2047,1232
9614,9614,0,2046,1723
9615,9615,0,2047,2230
9616,9616,0,2046,2728
9617,9617,0,2047,3184
9618,9618,0,2046,3573
9619,9619,0,2046,3870
9620,9620,0,2046,4058
9621,9621,0,2047,4095
9622,9622,0,2046,4071
9623,9623,0,2047,3894
9624,9624,0,2046,3608
9625,9625,0,2046,3229
9626,9626,0,2047,2778
9627,9627,0,2046,2284
9628,9628,0,2046,1775
9629,9629,0,2047,1282
9630,9630,0,2046,834
9631,9631,0,2047,457
9632,9632,0,2047,174
9633,9633,0,2046,2
9634,9634,0,2047,0
9635,9635,0,2046,23
9636,9636,0,2046,216
9637,9637,0,2047,517
9638,9638,0,2046,908
9639,9639,0,2046,1366
9640,9640,0,2046,1864
9641,9641,0,2046,2372
9642,9642,0,2047,2860
9643,9643,0,2047,3301
9644,9644,0,2046,3666
9645,9645,0,2046,3933
9646,9646,0,2047,4090
9647,9647,0,2046,4095
9648,9648,0,2046,4034
9649,9649,0,2046,3825
9650,9650,0,2046,3510
9651,9651,0,2046,3109
9652,9652,0,2046,2642
9653,9653,0,2046,2142
9654,9654,0,2047,1634
9655,9655,0,2046,1151
9656,9656,0,2046,720
9657,9657,0,2046,368
9658,9658,0,2046,114
9659,9659,0,2046,0
9660,9660,0,2046,0
9661,9661,0,2047,65
9662,9662,0,2047,290
9663,9663,0,2047,618
9664,9664,0,2047,1031
9665,9665,0,2046,1502
9666,9666,0,2047,2006
9667,9667,0,2046,2512
9668,9668,0,2047,2990
9669,9669,0,2046,3411
9670,9670,0,2046,3751
9671,9671,0,2046,3990
9672,9672,0,2046,4095
9673,9673,0,2046,4095
9674,9674,0,2047,3987
9675,9675,0,2047,3746
9676,9676,0,2047,3406
9677,9677,0,2047,2983
9678,9678,0,2046,2505
9679,9679,0,2046,1999
9680,9680,0,2046,1496
9681,9681,0,2047,1024
9682,9682,0,2046,613
9683,9683,0,2046,286
9684,9684,0,2046,63
9685,9685,0,2046,0
9686,9686,0,2047,0
9687,9687,0,2046,117
9688,9688,0,2047,372
9689,9689,0,2046,727
9690,9690,0,2046,1157
9691,9691,0,2046,1641
9692,9692,0,2046,2149
9693,9693,0,2045,2650
9694,9694,0,2047,3114
9695,9695,0,2045,3515
9696,9696,0,2046,3829
9697,9697,0,2047,4035
9698,9698,0,2047,4095
9699,9699,0,2046,4088
9700,9700,0,2047,3930
9701,9701,0,2046,3661
9702,9702,0,2046,3294
9703,9703,0,2047,2854
9704,9704,0,2046,2365
9705,9705,0,2046,1856
9706,9706,0,2046,1359
9707,9707,0,2047,901
9708,9708,0,2046,511
9709,9709,0,2047,213
9710,9710,0,2046,22
9711,9711,0,2047,0
9712,9712,0,2047,3
9713,9713,0,2046,178
9714,9714,0,2047,462
9715,9715,0,2046,840
9716,9716,0,2046,1288
9717,9717,0,2047,1782
9718,9718,0,2047,2291
9719,9719,0,2047,2785
9720,9720,0,2046,3235
9721,9721,0,2047,3613
9722,9722,0,2046,3898
9723,9723,0,2047,4073
9724,9724,0,2046,4095
9725,9725,0,2046,4056
9726,9726,0,2046,3866
9727,9727,0,2047,3567
9728,9728,0,2046,3178
9729,9729,0,2046,2720
9730,9730,0,2046,2224
9731,9731,0,2047,1715
9732,9732,0,2047,1226
9733,9733,0,2047,784
9734,9734,0,2046,418
9735,9735,0,2046,147
9736,9736,0,2046,0
9737,9737,0,2047,0
9738,9738,0,2046,41
9739,9739,0,2046,247
9740,9740,0,2047,559
9741,9741,0,2046,960
9742,9742,0,2047,1423
9743,9743,0,2047,1925
9744,9744,0,2047,2432
9745,9745,0,2046,2916
9746,9746,0,2047,3348
9747,9747,0,2046,3703
9748,9748,0,2046,3958
9749,9749,0,2047,4095
9750,9750,0,2047,4095
9751,9751,0,2047,4014
9752,9752,0,2047,3793
9753,9753,0,2046,3467
9754,9754,0,2047,3056
9755,9755,0,2046,2585
9756,9756,0,2046,2080
9757,9757,0,2046,1574
9758,9758,0,2047,1096
9759,9759,0,2046,674
9760,9760,0,2046,332
9761,9761,0,2046,91
9762,9762,0,2046,0
9763,9763,0,2046,0
9764,9764,0,2047,87
9765,9765,0,2046,323
9766,9766,0,2047,663
9767,9767,0,2047,1084
9768,9768,0,2046,1561
9769,9769,0,2046,2067
9770,9770,0,2046,2571
9771,9771,0,2046,3043
9772,9772,0,2047,3456
9773,9773,0,2047,3785
9774,9774,0,2047,4010
9775,9775,0,2046,4095
9776,9776,0,2046,4095
9777,9777,0,2046,3963
9778,9778,0,2047,3711
9779,9779,0,2047,3359
9780,9780,0,2047,2929
9781,9781,0,2046,2445
9782,9782,0,2046,1939
9783,9783,0,2047,1437
9784,9784,0,2047,972
9785,9785,0,2047,569
9786,9786,0,2046,254
9787,9787,0,2046,45
9788,9788,0,2046,0
9789,9789,0,2047,0
9790,9790,0,2046,142
9791,9791,0,2046,409
9792,9792,0,2046,774
9793,9793,0,2046,1213
9794,9794,0,2046,1701
9795,9795,0,2046,2210
9796,9796,0,2047,2707
9797,9797,0,2047,3167
9798,9798,0,2046,3558
9799,9799,0,2046,3858
9800,9800,0,2047,4053
9801,9801,0,2047,4095
9802,9802,0,2046,4076
9803,9803,0,2046,3904
9804,9804,0,2046,3622
9805,9805,0,2046,3246
9806,9806,0,2046,2798
9807,9807,0,2047,2305
9808,9808,0,2046,1796
9809,9809,0,2046,1302
9810,9810,0,2046,851
9811,9811,0,2047,471
9812,9812,0,2046,183
9813,9813,0,2047,7
9814,9814,0,2047,0
9815,9815,0,2047,18
9816,9816,0,2046,205
9817,9817,0,2047,502
9818,9818,0,2047,890
9819,9819,0,2046,1345
9820,9820,0,2046,1843
9821,9821,0,2047,2351
9822,9822,0,2046,2841
9823,9823,0,2046,3283
9824,9824,0,2047,3652
9825,9825,0,2046,3925
9826,9826,0,2046,4086
9827,9827,0,2046,4095
9828,9828,0,2047,4040
9829,9829,0,2046,3836
9830,9830,0,2046,3525
9831,9831,0,2046,3127
9832,9832,0,2046,2664
9833,9833,0,2046,2163
9834,9834,0,2046,1655
9835,9835,0,2047,1170
9836,9836,0,2046,737
9837,9837,0,2046,380
9838,9838,0,2046,122
9839,9839,0,2046,0
9840,9840,0,2046,0
9841,9841,0,2046,59
9842,9842,0,2046,278
9843,9843,0,2047,603
9844,9844,0,2047,1011
9845,9845,0,2046,1482
9846,9846,0,2046,1985
9847,9847,0,2047,2491
9848,9848,0,2046,2971
9849,9849,0,2046,3395
9850,9850,0,2046,3738
9851,9851,0,2046,3981
9852,9852,0,2046,4095
9853,9853,0,2046,4095
9854,9854,0,2046,3994
9855,9855,0,2046,3758
9856,9856,0,2046,3422
9857,9857,0,2046,3002
9858,9858,0,2046,2526
9859,9859,0,2046,2020
9860,9860,0,2047,1516
9861,9861,0,2046,1043
9862,9862,0,2046,628
9863,9863,0,2047,298
9864,9864,0,2046,71
9865,9865,0,2047,0
9866,9866,0,2046,0
9867,9867,0,2047,109
9868,9868,0,2047,359
9869,9869,0,2046,709
9870,9870,0,2046,1138
9871,9871,0,2047,1620
9872,9872,0,2046,2127
9873,9873,0,2046,2629
9874,9874,0,2046,3096
9875,9875,0,2047,3500
9876,9876,0,2046,3818
9877,9877,0,2046,4029
9878,9878,0,2046,4095
9879,9879,0,2046,4092
9880,9880,0,2046,3940
9881,9881,0,2046,3674
9882,9882,0,2046,3312
9883,9883,0,2047,2874
9884,9884,0,2046,2386
9885,9885,0,2047,1878
9886,9886,0,2047,1379
9887,9887,0,2046,920
9888,9888,0,2046,527
9889,9889,0,2047,223
9890,9890,0,2046,28
9891,9891,0,2046,0
9892,9892,0,2046,0
9893,9893,0,2046,168
9894,9894,0,2047,448
9895,9895,0,2046,822
9896,9896,0,2047,1269
9897,9897,0,2046,1761
9898,9898,0,2046,2270
9899,9899,0,2047,2765
9900,9900,0,2047,3217
9901,9901,0,2046,3599
9902,9902,0,2046,3888
9903,9903,0,2046,4067
9904,9904,0,2047,4095
9905,9905,0,2046,4061
9906,9906,0,2047,3877
9907,9907,0,2046,3581
9908,9908,0,2046,3195
9909,9909,0,2046,2741
9910,9910,0,2046,2245
9911,9911,0,2046,1736
9912,9912,0,2047,1245
9913,9913,0,2046,801
9914,9914,0,2045,432
9915,9915,0,2046,157
9916,9916,0,2047,0
9917,9917,0,2047,0
9918,9918,0,2047,34
9919,9919,0,2046,235
9920,9920,0,2046,544
9921,9921,0,2047,941
9922,9922,0,2046,1403
9923,9923,0,2047,1903
9924,9924,0,2046,2411
9925,9925,0,2047,2897
9926,9926,0,2047,3332
9927,9927,0,2047,3690
9928,9928,0,2047,3949
9929,9929,0,2046,4095
9930,9930,0,2046,4095
9931,9931,0,2047,4021
9932,9932,0,2046,3804
9933,9933,0,2046,3482
9934,9934,0,2046,3075
9935,9935,0,2047,2604
9936,9936,0,2047,2102
9937,9937,0,2046,1596
9938,9938,0,2047,1115
9939,9939,0,2045,690
9940,9940,0,2047,345
9941,9941,0,2046,99
9942,9942,0,2046,0
9943,9943,0,2046,0
9944,9944,0,2047,78
9945,9945,0,2046,312
9946,9946,0,2047,647
9947,9947,0,2046,1065
9948,9948,0,2047,1540
9949,9949,0,2046,2046
9950,9950,0,2047,2550
9951,9951,0,2046,3025
9952,9952,0,2046,3441
9953,9953,0,2047,3773
9954,9954,0,2046,4003
9955,9955,0,2046,4095
9956,9956,0,2047,4095
9957,9957,0,2047,3972
9958,9958,0,2046,3724
9959,9959,0,2047,3376
9960,9960,0,2046,2948
9961,9961,0,2046,2467
9962,9962,0,2047,1960
9963,9963,0,2046,1458
9964,9964,0,2046,990
9965,9965,0,2047,585
9966,9966,0,2047,265
9967,9967,0,2047,52
9968,9968,0,2047,0
9969,9969,0,2047,0
9970,9970,0,2047,133
9971,9971,0,2046,396
9972,9972,0,2046,757
9973,9973,0,2046,1193
9974,9974,0,2046,1680
9975,9975,0,2046,2188
9976,9976,0,2046,2688
9977,9977,0,2047,3148
9978,9978,0,2047,3543
9979,9979,0,2046,3848
9980,9980,0,2047,4045
9981,9981,0,2046,4095
9982,9982,0,2047,4081
9983,9983,0,2047,3914
9984,9984,0,2047,3636
9985,9985,0,2047,3263
9986,9986,0,2047,2818
9987,9987,0,2046,2326
9988,9988,0,2046,1816
9989,9989,0,2047,1322
9990,9990,0,2046,869
9991,9991,0,2047,485
9992,9992,0,2047,194
9993,9993,0,2046,12
9994,9994,0,2046,0
9995,9995,0,2046,13
9996,9996,0,2046,196
9997,9997,0,2047,488
9998,9998,0,2047,873
9999,9999,0,2046,1326
10000,10000,0,2046,1821
10001,10001,0,2046,2330
10002,10002,0,2047,2822
10003,10003,0,2047,3266
10004,10004,0,2046,3639
10005,10005,0,2047,3916
10006,10006,0,2047,4081
10007,10007,0,2046,4095
10008,10008,0,2047,4046
10009,10009,0,2046,3846
10010,10010,0,2047,3540
10011,10011,0,2046,3145
10012,10012,0,2046,2683
10013,10013,0,2046,2184
10014,10014,0,2046,1677
10015,10015,0,2046,1189
10016,10016,0,2047,753
10017,10017,0,2046,394
10018,10018,0,2047,131
10019,10019,0,2046,0
10020,10020,0,2046,0
10021,10021,0,2046,52
10022,10022,0,2046,266
10023,10023,0,2046,588
10024,10024,0,2046,993
10025,10025,0,2047,1461
10026,10026,0,2047,1964
10027,10027,0,2046,2471
10028,10028,0,2046,2952
10029,10029,0,2047,3378
10030,10030,0,2046,3726
10031,10031,0,2046,3974
10032,10032,0,2046,4095
10033,10033,0,2046,4095
10034,10034,0,2046,4001
10035,10035,0,2046,3771
10036,10036,0,2047,3438
10037,10037,0,2046,3022
10038,10038,0,2047,2547
10039,10039,0,2047,2042
10040,10040,0,2047,1537
10041,10041,0,2047,1062
10042,10042,0,2047,644
10043,10043,0,2047,310
10044,10044,0,2046,78
10045,10045,0,2046,0
10046,10046,0,2046,0
10047,10047,0,2046,102
10048,10048,0,2046,347
10049,10049,0,2046,693
10050,10050,0,2046,1118
10051,10051,0,2046,1600
10052,10052,0,2047,2106
10053,10053,0,2046,2609
10054,10054,0,2046,3078
10055,10055,0,2046,3485
10056,10056,0,2047,3806
10057,10057,0,2046,4022
10058,10058,0,2046,4095
10059,10059,0,2046,4095
10060,10060,0,2047,3948
10061,10061,0,2046,3687
10062,10062,0,2046,3328
10063,10063,0,2045,2894
10064,10064,0,2046,2407
10065,10065,0,2047,1899
10066,10066,0,2047,1399
10067,10067,0,2046,938
10068,10068,0,2047,541
10069,10069,0,2046,234
10070,10070,0,2046,33
10071,10071,0,2046,0
10072,10072,0,2046,0
10073,10073,0,2046,158
10074,10074,0,2047,435
10075,10075,0,2046,805
10076,10076,0,2047,1249
10077,10077,0,2047,1740
10078,10078,0,2047,2249
10079,10079,0,2047,2745
10080,10080,0,2046,3199
10081,10081,0,2046,3585
10082,10082,0,2046,3878
10083,10083,0,2046,4062
10084,10084,0,2047,4095
10085,10085,0,2046,4067
10086,10086,0,2046,3886
10087,10087,0,2046,3595
10088,10088,0,2046,3213
10089,10089,0,2046,2761
10090,10090,0,2047,2266
10091,10091,0,2046,1757
10092,10092,0,2046,1265
10093,10093,0,2047,819
10094,10094,0,2046,445
10095,10095,0,2046,167
10096,10096,0,2047,0
10097,10097,0,2046,0
10098,10098,0,2046,28
10099,10099,0,2046,225
10100,10100,0,2046,529
10101,10101,0,2046,923
10102,10102,0,2047,1383
10103,10103,0,2046,1882
10104,10104,0,2046,2390
10105,10105,0,2046,2877
10106,10106,0,2046,3314
10107,10107,0,2046,3676
10108,10108,0,2047,3941
10109,10109,0,2046,4093
10110,10110,0,2046,4095
10111,10111,0,2046,4028
10112,10112,0,2046,3816
10113,10113,0,2046,3497
10114,10114,0,2046,3092
10115,10115,0,2046,2625
10116,10116,0,2047,2123
10117,10117,0,2046,1616
10118,10118,0,2046,1134
10119,10119,0,2046,707
10120,10120,0,2046,357
10121,10121,0,2046,107
10122,10122,0,2046,0
10123,10123,0,2046,0
10124,10124,0,2047,72
10125,10125,0,2047,300
10126,10126,0,2046,631
10127,10127,0,2046,1046
10128,10128,0,2046,1520
10129,10129,0,2046,2025
10130,10130,0,2047,2530
10131,10131,0,2046,3006
10132,10132,0,2046,3426
10133,10133,0,2046,3761
10134,10134,0,2047,3995
10135,10135,0,2046,4095
10136,10136,0,2046,4095
10137,10137,0,2046,3979
10138,10138,0,2046,3735
10139,10139,0,2047,3392
10140,10140,0,2046,2967
10141,10141,0,2046,2487
10142,10142,0,2046,1981
10143,10143,0,2046,1478
10144,10144,0,2047,1008
10145,10145,0,2046,599
10146,10146,0,2046,276
10147,10147,0,2047,58
10148,10148,0,2046,0
10149,10149,0,2047,0
10150,10150,0,2047,125
10151,10151,0,2046,384
10152,10152,0,2047,740
10153,10153,0,2047,1174
10154,10154,0,2046,1660
10155,10155,0,2047,2167
10156,10156,0,2046,2667
10157,10157,0,2046,3130
10158,10158,0,2047,3528
10159,10159,0,2046,3838
10160,10160,0,2046,4041
10161,10161,0,2046,4095
10162,10162,0,2046,4085
10163,10163,0,2047,3923
10164,10164,0,2046,3649
10165,10165,0,2046,3280
10166,10166,0,2046,2838
10167,10167,0,2046,2347
10168,10168,0,2047,1838
10169,10169,0,2046,1342
10170,10170,0,2046,886
10171,10171,0,2047,500
10172,10172,0,2046,205
10173,10173,0,2046,17
10174,10174,0,2047,0
10175,10175,0,2047,8
10176,10176,0,2046,186
10177,10177,0,2047,474
10178,10178,0,2046,855
10179,10179,0,2047,1306
10180,10180,0,2046,1800
10181,10181,0,2047,2309
10182,10182,0,2046,2802
10183,10183,0,2047,3249
10184,10184,0,2046,3625
10185,10185,0,2047,3906
10186,10186,0,2046,4077
10187,10187,0,2046,4095
10188,10188,0,2047,4051
10189,10189,0,2046,3856
10190,10190,0,2046,3554
10191,10191,0,2046,3162
10192,10192,0,2046,2703
10193,10193,0,2046,2205
10194,10194,0,2046,1697
10195,10195,0,2046,1209
10196,10196,0,2047,770
10197,10197,0,2046,407
10198,10198,0,2046,140
10199,10199,0,2046,0
10200,10200,0,2046,0
10201,10201,0,2046,46
10202,10202,0,2046,257
10203,10203,0,2046,571
10204,10204,0,2047,974
10205,10205,0,2046,1440
10206,10206,0,2047,1942
10207,10207,0,2046,2449
10208,10208,0,2047,2932
10209,10209,0,2046,3362
10210,10210,0,2047,3714
10211,10211,0,2046,3965
10212,10212,0,2046,4095
10213,10213,0,2046,4095
10214,10214,0,2047,4008
10215,10215,0,2046,3783
10216,10216,0,2046,3454
10217,10217,0,2046,3040
10218,10218,0,2047,2567
10219,10219,0,2046,2063
10220,10220,0,2046,1558
10221,10221,0,2046,1081
10222,10222,0,2046,660
10223,10223,0,2046,322
10224,10224,0,2046,85
10225,10225,0,2046,0
10226,10226,0,2046,0
10227,10227,0,2046,93
10228,10228,0,2047,334
10229,10229,0,2046,677
10230,10230,0,2047,1100
10231,10231,0,2046,1579
10232,10232,0,2046,2085
10233,10233,0,2046,2589
10234,10234,0,2046,3059
10235,10235,0,2046,3470
10236,10236,0,2047,3795
10237,10237,0,2046,4016
10238,10238,0,2046,4095
10239,10239,0,2046,4095
10240,10240,0,2047,3957
10241,10241,0,2047,3701
10242,10242,0,2046,3345
10243,10243,0,2047,2913
10244,10244,0,2046,2428
10245,10245,0,2047,1920
10246,10246,0,2046,1420
10247,10247,0,2046,956
10248,10248,0,2046,557
10249,10249,0,2047,245
10250,10250,0,2046,39
10251,10251,0,2046,0
10252,10252,0,2046,0
10253,10253,0,2046,149
10254,10254,0,2047,421
10255,10255,0,2047,787
10256,10256,0,2046,1229
10257,10257,0,2047,1719
10258,10258,0,2046,2228
10259,10259,0,2046,2725
10260,10260,0,2046,3181
10261,10261,0,2047,3570
10262,10262,0,2046,3867
10263,10263,0,2047,4056
10264,10264,0,2046,4095
10265,10265,0,2046,4071
10266,10266,0,2046,3897
10267,10267,0,2047,3610
10268,10268,0,2046,3231
10269,10269,0,2047,2782
10270,10270,0,2046,2287
10271,10271,0,2046,1779
10272,10272,0,2046,1285
10273,10273,0,2047,836
10274,10274,0,2047,459
10275,10275,0,2047,175
10276,10276,0,2046,3
10277,10277,0,2047,0
10278,10278,0,2046,23
10279,10279,0,2046,214
10280,10280,0,2046,514
10281,10281,0,2046,905
10282,10282,0,2046,1363
10283,10283,0,2047,1860
10284,10284,0,2046,2369
10285,10285,0,2047,2858
10286,10286,0,2046,3298
10287,10287,0,2047,3664
10288,10288,0,2046,3932
10289,10289,0,2046,4089
10290,10290,0,2046,4095
10291,10291,0,2046,4035
10292,10292,0,2047,3827
10293,10293,0,2046,3513
10294,10294,0,2046,3111
10295,10295,0,2045,2646
10296,10296,0,2046,2145
10297,10297,0,2046,1637
10298,10298,0,2046,1154
10299,10299,0,2047,723
10300,10300,0,2047,370
10301,10301,0,2046,117
10302,10302,0,2047,0
10303,10303,0,2046,0
10304,10304,0,2046,65
10305,10305,0,2046,289
10306,10306,0,2047,615
10307,10307,0,2047,1027
10308,10308,0,2046,1499
10309,10309,0,2046,2003
10310,10310,0,2046,2509
10311,10311,0,2046,2987
10312,10312,0,2047,3408
10313,10313,0,2046,3749
10314,10314,0,2046,3988
10315,10315,0,2046,4095
10316,10316,0,2046,4095
10317,10317,0,2046,3987
10318,10318,0,2046,3748
10319,10319,0,2046,3408
10320,10320,0,2047,2986
10321,10321,0,2047,2508
10322,10322,0,2046,2002
10323,10323,0,2046,1498
10324,10324,0,2047,1027
10325,10325,0,2046,615
10326,10326,0,2046,288
10327,10327,0,2046,64
10328,10328,0,2047,0
10329,10329,0,2046,0
10330,10330,0,2046,116
10331,10331,0,2046,371
10332,10332,0,2047,723
10333,10333,0,2046,1154
10334,10334,0,2046,1638
10335,10335,0,2046,2145
10336,10336,0,2047,2646
10337,10337,0,2047,3111
10338,10338,0,2046,3513
10339,10339,0,2047,3826
10340,10340,0,2045,4034
10341,10341,0,2046,4095
10342,10342,0,2047,4089
10343,10343,0,2046,3931
10344,10344,0,2047,3662
10345,10345,0,2046,3297
10346,10346,0,2046,2857
10347,10347,0,2047,2368
10348,10348,0,2047,1859
10349,10349,0,2046,1362
10350,10350,0,2046,904
10351,10351,0,2046,514
10352,10352,0,2046,214
10353,10353,0,2046,23
10354,10354,0,2047,0
10355,10355,0,2046,3
10356,10356,0,2046,176
10357,10357,0,2046,460
10358,10358,0,2046,837
10359,10359,0,2046,1285
10360,10360,0,2046,1779
10361,10361,0,2046,2288
10362,10362,0,2047,2782
10363,10363,0,2046,3231
10364,10364,0,2046,3611
10365,10365,0,2047,3897
10366,10366,0,2047,4072
10367,10367,0,2046,4095
10368,10368,0,2046,4057
10369,10369,0,2046,3867
10370,10370,0,2046,3569
10371,10371,0,2047,3181
10372,10372,0,2047,2724
10373,10373,0,2046,2227
10374,10374,0,2046,1719
10375,10375,0,2046,1229
10376,10376,0,2047,787
10377,10377,0,2046,420
10378,10378,0,2047,149
10379,10379,0,2046,0
10380,10380,0,2046,0
10381,10381,0,2047,40
10382,10382,0,2047,245
10383,10383,0,2047,557
10384,10384,0,2047,956
10385,10385,0,2047,1421
10386,10386,0,2046,1921
10387,10387,0,2046,2429
10388,10388,0,2047,2913
10389,10389,0,2046,3346
10390,10390,0,2046,3701
10391,10391,0,2046,3958
10392,10392,0,2046,4095
10393,10393,0,2046,4095
10394,10394,0,2046,4015
10395,10395,0,2046,3794
10396,10396,0,2046,3469
10397,10397,0,2046,3058
10398,10398,0,2046,2587
10399,10399,0,2047,2084
10400,10400,0,2047,1578
10401,10401,0,2046,1100
10402,10402,0,2047,676
10403,10403,0,2046,334
10404,10404,0,2046,93
10405,10405,0,2046,0
10406,10406,0,2046,0
10407,10407,0,2046,85
10408,10408,0,2047,323
10409,10409,0,2046,661
10410,10410,0,2048,1081
10411,10411,0,2046,1558
10412,10412,0,2046,2064
10413,10413,0,2046,2568
10414,10414,0,2046,3040
10415,10415,0,2046,3454
10416,10416,0,2046,3783
10417,10417,0,2046,4009
10418,10418,0,2047,4095
10419,10419,0,2046,4095
10420,10420,0,2046,3965
10421,10421,0,2047,3712
10422,10422,0,2047,3362
10423,10423,0,2047,2932
10424,10424,0,2046,2449
10425,10425,0,2047,1942
10426,10426,0,2046,1440
10427,10427,0,2047,974
10428,10428,0,2047,572
10429,10429,0,2046,256
10430,10430,0,2046,46
10431,10431,0,2046,0
10432,10432,0,2046,0
10433,10433,0,2046,141
10434,10434,0,2047,407
10435,10435,0,2046,771
10436,10436,0,2046,1210
10437,10437,0,2046,1697
10438,10438,0,2046,2207
10439,10439,0,2046,2705
10440,10440,0,2047,3164
10441,10441,0,2047,3555
10442,10442,0,2046,3857
10443,10443,0,2046,4051
10444,10444,0,2047,4095
10445,10445,0,2046,4076
10446,10446,0,2046,3905
10447,10447,0,2047,3623
10448,10448,0,2047,3248
10449,10449,0,2046,2800
10450,10450,0,2047,2308
10451,10451,0,2046,1799
10452,10452,0,2046,1305
10453,10453,0,2046,854
10454,10454,0,2047,473
10455,10455,0,2047,186
10456,10456,0,2046,8
10457,10457,0,2047,0
10458,10458,0,2047,17
10459,10459,0,2046,205
10460,10460,0,2046,499
10461,10461,0,2046,887
10462,10462,0,2047,1343
10463,10463,0,2046,1839
10464,10464,0,2046,2348
10465,10465,0,2046,2838
10466,10466,0,2047,3281
10467,10467,0,2047,3650
10468,10468,0,2045,3923
10469,10469,0,2046,4084
10470,10470,0,2046,4095
10471,10471,0,2047,4041
10472,10472,0,2047,3837
10473,10473,0,2047,3527
10474,10474,0,2046,3129
10475,10475,0,2047,2665
10476,10476,0,2046,2165
10477,10477,0,2046,1658
10478,10478,0,2046,1174
10479,10479,0,2046,740
10480,10480,0,2046,382
10481,10481,0,2046,125
10482,10482,0,2047,0
10483,10483,0,2047,0
10484,10484,0,2046,58
10485,10485,0,2047,277
10486,10486,0,2046,601
10487,10487,0,2047,1008
10488,10488,0,2047,1479
10489,10489,0,2046,1982
10490,10490,0,2047,2488
10491,10491,0,2046,2968
10492,10492,0,2046,3393
10493,10493,0,2046,3737
10494,10494,0,2047,3980
10495,10495,0,2047,4095
10496,10496,0,2046,4095
10497,10497,0,2046,3995
10498,10498,0,2047,3760
10499,10499,0,2046,3424
10500,10500,0,2047,3005
10501,10501,0,2047,2529
10502,10502,0,2046,2024
10503,10503,0,2046,1520
10504,10504,0,2046,1045
10505,10505,0,2046,631
10506,10506,0,2046,300
10507,10507,0,2047,72
10508,10508,0,2047,0
10509,10509,0,2046,0
10510,10510,0,2046,108
10511,10511,0,2047,358
10512,10512,0,2046,707
10513,10513,0,2047,1135
10514,10514,0,2047,1617
10515,10515,0,2047,2124
10516,10516,0,2047,2626
10517,10517,0,2046,3093
10518,10518,0,2047,3497
10519,10519,0,2047,3816
10520,10520,0,2046,4028
10521,10521,0,2046,4095
10522,10522,0,2047,4092
10523,10523,0,2046,3941
10524,10524,0,2047,3676
10525,10525,0,2047,3314
10526,10526,0,2046,2877
10527,10527,0,2047,2389
10528,10528,0,2046,1881
10529,10529,0,2047,1382
10530,10530,0,2046,922
10531,10531,0,2046,529
10532,10532,0,2047,225
10533,10533,0,2047,29
10534,10534,0,2046,0
10535,10535,0,2046,0
10536,10536,0,2046,167
10537,10537,0,2046,446
10538,10538,0,2046,819
10539,10539,0,2046,1266
10540,10540,0,2046,1758
10541,10541,0,2047,2267
10542,10542,0,2046,2762
10543,10543,0,2047,3214
10544,10544,0,2046,3597
10545,10545,0,2046,3886
10546,10546,0,2046,4067
10547,10547,0,2046,4095
10548,10548,0,2047,4062
10549,10549,0,2046,3877
10550,10550,0,2046,3584
10551,10551,0,2047,3198
10552,10552,0,2046,2744
10553,10553,0,2046,2248
10554,10554,0,2047,1739
10555,10555,0,2046,1248
10556,10556,0,2046,804
10557,10557,0,2046,434
10558,10558,0,2046,158
10559,10559,0,2046,0
10560,10560,0,2046,0
10561,10561,0,2046,33
10562,10562,0,2046,235
10563,10563,0,2046,542
10564,10564,0,2047,938
10565,10565,0,2046,1400
10566,10566,0,2047,1900
10567,10567,0,2047,2408
10568,10568,0,2046,2893
10569,10569,0,2046,3329
10570,10570,0,2046,3688
10571,10571,0,2047,3949
10572,10572,0,2046,4095
10573,10573,0,2046,4095
10574,10574,0,2046,4022
10575,10575,0,2046,3805
10576,10576,0,2046,3484
10577,10577,0,2047,3076
10578,10578,0,2046,2608
10579,10579,0,2047,2105
10580,10580,0,2047,1599
10581,10581,0,2046,1118
10582,10582,0,2046,692
10583,10583,0,2046,347
10584,10584,0,2046,101
10585,10585,0,2046,0
10586,10586,0,2046,0
10587,10587,0,2046,78
10588,10588,0,2046,310
10589,10589,0,2046,644
10590,10590,0,2046,1062
10591,10591,0,2046,1537
10592,10592,0,2047,2043
10593,10593,0,2046,2547
10594,10594,0,2047,3022
10595,10595,0,2046,3438
10596,10596,0,2046,3772
10597,10597,0,2046,4002
10598,10598,0,2046,4095
10599,10599,0,2046,4095
10600,10600,0,2047,3973
10601,10601,0,2046,3726
10602,10602,0,2047,3378
10603,10603,0,2046,2951
10604,10604,0,2047,2469
10605,10605,0,2046,1963
10606,10606,0,2046,1460
10607,10607,0,2047,992
10608,10608,0,2047,587
10609,10609,0,2046,266
10610,10610,0,2047,52
10611,10611,0,2047,0
10612,10612,0,2046,0
10613,10613,0,2046,132
10614,10614,0,2046,394
10615,10615,0,2047,754
10616,10616,0,2047,1190
10617,10617,0,2047,1677
10618,10618,0,2047,2185
10619,10619,0,2046,2684
10620,10620,0,2046,3146
10621,10621,0,2046,3540
10622,10622,0,2047,3847
10623,10623,0,2046,4046
10624,10624,0,2046,4095
10625,10625,0,2046,4082
10626,10626,0,2047,3915
10627,10627,0,2047,3637
10628,10628,0,2047,3265
10629,10629,0,2046,2820
10630,10630,0,2046,2329
10631,10631,0,2046,1820
10632,10632,0,2046,1324
10633,10633,0,2046,872
10634,10634,0,2047,487
10635,10635,0,2047,196
10636,10636,0,2046,13
10637,10637,0,2046,0
10638,10638,0,2047,12
10639,10639,0,2046,195
10640,10640,0,2046,486
10641,10641,0,2046,869
10642,10642,0,2047,1322
10643,10643,0,2046,1818
10644,10644,0,2046,2327
10645,10645,0,2046,2818
10646,10646,0,2046,3264
10647,10647,0,2046,3636
10648,10648,0,2046,3914
10649,10649,0,2046,4080
10650,10650,0,2047,4095
10651,10651,0,2047,4045
10652,10652,0,2047,3848
10653,10653,0,2046,3543
10654,10654,0,2046,3147
10655,10655,0,2047,2687
10656,10656,0,2046,2187
10657,10657,0,2046,1679
10658,10658,0,2046,1193
10659,10659,0,2047,756
10660,10660,0,2046,395
10661,10661,0,2046,133
10662,10662,0,2046,0
10663,10663,0,2046,0
10664,10664,0,2046,51
10665,10665,0,2047,266
10666,10666,0,2046,585
10667,10667,0,2046,991
10668,10668,0,2046,1459
10669,10669,0,2047,1961
10670,10670,0,2047,2468
10671,10671,0,2047,2949
10672,10672,0,2047,3376
10673,10673,0,2046,3724
10674,10674,0,2046,3972
10675,10675,0,2046,4095
10676,10676,0,2047,4095
10677,10677,0,2046,4003
10678,10678,0,2046,3773
10679,10679,0,2046,3440
10680,10680,0,2047,3024
10681,10681,0,2046,2549
10682,10682,0,2047,2045
10683,10683,0,2047,1539
10684,10684,0,2046,1064
10685,10685,0,2047,647
10686,10686,0,2047,312
10687,10687,0,2046,79
10688,10688,0,2048,0
10689,10689,0,2047,0
10690,10690,0,2046,100
10691,10691,0,2046,345
10692,10692,0,2047,690
10693,10693,0,2046,1116
10694,10694,0,2047,1596
10695,10695,0,2046,2103
10696,10696,0,2046,2606
10697,10697,0,2046,3076
10698,10698,0,2047,3483
10699,10699,0,2046,3804
10700,10700,0,2046,4022
10701,10701,0,2047,4095
10702,10702,0,2046,4095
10703,10703,0,2046,3949
10704,10704,0,2047,3689
10705,10705,0,2047,3330
10706,10706,0,2046,2896
10707,10707,0,2046,2410
10708,10708,0,2047,1902
10709,10709,0,2046,1402
10710,10710,0,2046,940
10711,10711,0,2047,544
10712,10712,0,2047,236
10713,10713,0,2047,34
10714,10714,0,2047,0
10715,10715,0,2047,0
10716,10716,0,2046,157
10717,10717,0,2046,432
10718,10718,0,2046,802
10719,10719,0,2047,1246
10720,10720,0,2047,1737
10721,10721,0,2046,2246
10722,10722,0,2047,2741
10723,10723,0,2046,3197
10724,10724,0,2047,3582
10725,10725,0,2046,3876
10726,10726,0,2046,4062
10727,10727,0,2046,4095
10728,10728,0,2047,4067
10729,10729,0,2046,3887
10730,10730,0,2046,3598
10731,10731,0,2046,3216
10732,10732,0,2047,2764
10733,10733,0,2047,2268
10734,10734,0,2046,1759
10735,10735,0,2047,1268
10736,10736,0,2046,821
10737,10737,0,2046,447
10738,10738,0,2046,168
10739,10739,0,2047,0
10740,10740,0,2047,0
10741,10741,0,2046,28
10742,10742,0,2046,223
10743,10743,0,2046,527
10744,10744,0,2046,920
10745,10745,0,2046,1380
10746,10746,0,2046,1878
10747,10747,0,2047,2387
10748,10748,0,2046,2874
10749,10749,0,2046,3312
10750,10750,0,2046,3675
10751,10751,0,2046,3940
10752,10752,0,2046,4092
10753,10753,0,2047,4095
10754,10754,0,2046,4028
10755,10755,0,2047,3817
10756,10756,0,2046,3499
10757,10757,0,2046,3095
10758,10758,0,2046,2628
10759,10759,0,2047,2126
10760,10760,0,2047,1618
10761,10761,0,2046,1137
10762,10762,0,2047,709
10763,10763,0,2047,359
10764,10764,0,2046,109
10765,10765,0,2046,0
10766,10766,0,2046,0
10767,10767,0,2046,71
10768,10768,0,2046,298
10769,10769,0,2047,629
10770,10770,0,2047,1043
10771,10771,0,2046,1516
10772,10772,0,2047,2021
10773,10773,0,2046,2527
10774,10774,0,2047,3003
10775,10775,0,2047,3422
10776,10776,0,2046,3760
10777,10777,0,2046,3995
10778,10778,0,2046,4095
10779,10779,0,2046,4095
10780,10780,0,2046,3981
10781,10781,0,2046,3737
10782,10782,0,2046,3394
10783,10783,0,2046,2970
10784,10784,0,2047,2490
10785,10785,0,2047,1984
10786,10786,0,2046,1481
10787,10787,0,2047,1011
10788,10788,0,2047,602
10789,10789,0,2046,278
10790,10790,0,2046,59
10791,10791,0,2046,0
10792,10792,0,2047,0
10793,10793,0,2047,123
10794,10794,0,2047,381
10795,10795,0,2046,738
10796,10796,0,2046,1172
10797,10797,0,2046,1656
10798,10798,0,2047,2164
10799,10799,0,2047,2664
10800,10800,0,2046,3128
10801,10801,0,2047,3526
10802,10802,0,2046,3836
10803,10803,0,2047,4039
10804,10804,0,2046,4095
10805,10805,0,2046,4085
10806,10806,0,2046,3924
10807,10807,0,2046,3651
10808,10808,0,2047,3282
10809,10809,0,2046,2840
10810,10810,0,2047,2349
10811,10811,0,2047,1841
10812,10812,0,2046,1344
10813,10813,0,2047,889
10814,10814,0,2047,502
10815,10815,0,2047,205
10816,10816,0,2047,18
10817,10817,0,2046,0
10818,10818,0,2046,7
10819,10819,0,2047,185
10820,10820,0,2047,472
10821,10821,0,2046,852
10822,10822,0,2047,1302
10823,10823,0,2047,1797
10824,10824,0,2046,2306
10825,10825,0,2046,2799
10826,10826,0,2046,3247
10827,10827,0,2046,3622
10828,10828,0,2047,3905
10829,10829,0,2046,4076
10830,10830,0,2047,4095
10831,10831,0,2046,4052
10832,10832,0,2046,3859
10833,10833,0,2046,3557
10834,10834,0,2046,3165
10835,10835,0,2046,2707
10836,10836,0,2047,2208
10837,10837,0,2046,1700
10838,10838,0,2047,1211
10839,10839,0,2047,773
10840,10840,0,2046,409
10841,10841,0,2046,141
10842,10842,0,2046,0
10843,10843,0,2046,0
10844,10844,0,2046,45
10845,10845,0,2047,254
10846,10846,0,2046,570
10847,10847,0,2046,972
10848,10848,0,2046,1438
10849,10849,0,2046,1940
10850,10850,0,2046,2447
10851,10851,0,2046,2930
10852,10852,0,2047,3360
10853,10853,0,2047,3711
10854,10854,0,2047,3965
10855,10855,0,2047,4095
10856,10856,0,2047,4095
10857,10857,0,2047,4010
10858,10858,0,2046,3785
10859,10859,0,2046,3455
10860,10860,0,2046,3043
10861,10861,0,2046,2570
10862,10862,0,2047,2066
10863,10863,0,2046,1560
10864,10864,0,2046,1083
10865,10865,0,2047,662
10866,10866,0,2046,324
10867,10867,0,2046,86
10868,10868,0,2047,0
10869,10869,0,2046,0
10870,10870,0,2046,92
10871,10871,0,2047,332
10872,10872,0,2046,675
10873,10873,0,2046,1098
10874,10874,0,2047,1576
10875,10875,0,2046,2081
10876,10876,0,2046,2586
10877,10877,0,2047,3057
10878,10878,0,2047,3467
10879,10879,0,2046,3793
10880,10880,0,2046,4015
10881,10881,0,2047,4095
10882,10882,0,2046,4095
10883,10883,0,2046,3958
10884,10884,0,2046,3702
10885,10885,0,2047,3347
10886,10886,0,2046,2915
10887,10887,0,2046,2431
10888,10888,0,2046,1924
10889,10889,0,2046,1422
10890,10890,0,2047,958
10891,10891,0,2047,558
10892,10892,0,2046,245
10893,10893,0,2046,40
10894,10894,0,2046,0
10895,10895,0,2046,0
10896,10896,0,2046,148
10897,10897,0,2046,419
10898,10898,0,2047,785
10899,10899,0,2047,1227
10900,10900,0,2047,1716
10901,10901,0,2045,2224
10902,10902,0,2047,2721
10903,10903,0,2046,3178
10904,10904,0,2046,3567
10905,10905,0,2046,3866
10906,10906,0,2047,4056
10907,10907,0,2045,4095
10908,10908,0,2047,4072
10909,10909,0,2046,3897
10910,10910,0,2046,3612
10911,10911,0,2046,3234
10912,10912,0,2047,2784
10913,10913,0,2046,2290
10914,10914,0,2046,1781
10915,10915,0,2046,1287
10916,10916,0,2047,839
10917,10917,0,2047,461
10918,10918,0,2046,177
10919,10919,0,2047,3
10920,10920,0,2047,0
10921,10921,0,2046,22
10922,10922,0,2046,213
10923,10923,0,2046,513
10924,10924,0,2046,903
10925,10925,0,2046,1361
10926,10926,0,2047,1857
10927,10927,0,2047,2366
10928,10928,0,2047,2856
10929,10929,0,2046,3295
10930,10930,0,2046,3662
10931,10931,0,2047,3931
10932,10932,0,2047,4088
10933,10933,0,2046,4095
10934,10934,0,2047,4035
10935,10935,0,2047,3829
10936,10936,0,2046,3514
10937,10937,0,2047,3114
10938,10938,0,2047,2648
10939,10939,0,2047,2148
10940,10940,0,2047,1640
10941,10941,0,2046,1156
10942,10942,0,2046,726
10943,10943,0,2046,371
10944,10944,0,2046,117
10945,10945,0,2047,0
10946,10946,0,2046,0
10947,10947,0,2046,64
10948,10948,0,2046,286
10949,10949,0,2047,613
10950,10950,0,2047,1025
10951,10951,0,2047,1496
10952,10952,0,2047,2000
10953,10953,0,2047,2506
10954,10954,0,2046,2984
10955,10955,0,2047,3407
10956,10956,0,2046,3748
10957,10957,0,2046,3987
10958,10958,0,2046,4095
10959,10959,0,2046,4095
10960,10960,0,2047,3988
10961,10961,0,2046,3750
10962,10962,0,2047,3409
10963,10963,0,2046,2989
10964,10964,0,2046,2511
10965,10965,0,2046,2005
10966,10966,0,2046,1502
10967,10967,0,2047,1029
10968,10968,0,2046,616
10969,10969,0,2046,289
10970,10970,0,2047,65
10971,10971,0,2047,0
10972,10972,0,2046,0
10973,10973,0,2046,115
10974,10974,0,2047,367
10975,10975,0,2046,720
10976,10976,0,2047,1151
10977,10977,0,2046,1635
10978,10978,0,2047,2143
10979,10979,0,2046,2644
10980,10980,0,2046,3109
10981,10981,0,2046,3511
10982,10982,0,2047,3825
10983,10983,0,2047,4033
10984,10984,0,2047,4095
10985,10985,0,2046,4089
10986,10986,0,2046,3933
10987,10987,0,2046,3664
10988,10988,0,2046,3300
10989,10989,0,2047,2861
10990,10990,0,2046,2371
10991,10991,0,2046,1862
10992,10992,0,2046,1364
10993,10993,0,2046,907
10994,10994,0,2047,516
10995,10995,0,2046,215
10996,10996,0,2047,24
10997,10997,0,2046,0
10998,10998,0,2047,2
10999,10999,0,2047,175
11000,11000,0,2047,457
11001,11001,0,2047,834
11002,11002,0,2047,1283
11003,11003,0,2047,1775
11004,11004,0,2047,2285
11005,11005,0,2047,2779
11006,11006,0,2047,3230
11007,11007,0,2046,3609
11008,11008,0,2047,3895
11009,11009,0,2046,4071
11010,11010,0,2046,4095
11011,11011,0,2046,4057
11012,11012,0,2047,3868
11013,11013,0,2047,3571
11014,11014,0,2046,3182
11015,11015,0,2047,2726
11016,11016,0,2047,2230
11017,11017,0,2047,1721
11018,11018,0,2046,1231
11019,11019,0,2046,790
11020,11020,0,2046,422
11021,11021,0,2047,150
11022,11022,0,2046,0
11023,11023,0,2046,0
11024,11024,0,2047,38
11025,11025,0,2046,243
11026,11026,0,2047,555
11027,11027,0,2046,953
11028,11028,0,2046,1417
11029,11029,0,2047,1918
11030,11030,0,2046,2426
11031,11031,0,2047,2911
11032,11032,0,2047,3343
11033,11033,0,2046,3698
11034,11034,0,2046,3955
11035,11035,0,2047,4095
11036,11036,0,2046,4095
11037,11037,0,2046,4016
11038,11038,0,2047,3796
11039,11039,0,2046,3472
11040,11040,0,2047,3061
11041,11041,0,2046,2590
11042,11042,0,2047,2087
11043,11043,0,2046,1581
11044,11044,0,2047,1102
11045,11045,0,2046,679
11046,11046,0,2046,336
11047,11047,0,2047,93
11048,11048,0,2047,0
11049,11049,0,2046,0
11050,11050,0,2046,84
11051,11051,0,2047,320
11052,11052,0,2046,658
11053,11053,0,2047,1078
11054,11054,0,2047,1555
11055,11055,0,2046,2061
11056,11056,0,2046,2564
11057,11057,0,2047,3037
11058,11058,0,2046,3452
11059,11059,0,2047,3782
11060,11060,0,2047,4008
11061,11061,0,2047,4095
11062,11062,0,2047,4095
11063,11063,0,2046,3966
11064,11064,0,2046,3715
11065,11065,0,2047,3363
11066,11066,0,2046,2934
11067,11067,0,2046,2451
11068,11068,0,2046,1945
11069,11069,0,2047,1443
11070,11070,0,2046,977
11071,11071,0,2047,574
11072,11072,0,2046,256
11073,11073,0,2047,46
11074,11074,0,2046,0
11075,11075,0,2046,0
11076,11076,0,2046,139
11077,11077,0,2047,406
11078,11078,0,2046,769
11079,11079,0,2046,1207
11080,11080,0,2046,1695
11081,11081,0,2047,2204
11082,11082,0,2046,2702
11083,11083,0,2046,3161
11084,11084,0,2046,3553
11085,11085,0,2047,3856
11086,11086,0,2046,4050
11087,11087,0,2047,4095
11088,11088,0,2047,4077
11089,11089,0,2046,3907
11090,11090,0,2047,3626
11091,11091,0,2046,3250
11092,11092,0,2046,2803
11093,11093,0,2047,2311
11094,11094,0,2046,1802
11095,11095,0,2046,1308
11096,11096,0,2047,857
11097,11097,0,2047,475
11098,11098,0,2046,187
11099,11099,0,2046,9
11100,11100,0,2046,0
11101,11101,0,2047,17
11102,11102,0,2046,203
11103,11103,0,2046,498
11104,11104,0,2046,885
11105,11105,0,2046,1339
11106,11106,0,2046,1836
11107,11107,0,2046,2345
11108,11108,0,2046,2834
11109,11109,0,2046,3278
11110,11110,0,2046,3648
11111,11111,0,2046,3922
11112,11112,0,2047,4083
11113,11113,0,2046,4095
11114,11114,0,2047,4041
11115,11115,0,2046,3838
11116,11116,0,2046,3529
11117,11117,0,2047,3132
11118,11118,0,2046,2669
11119,11119,0,2046,2169
11120,11120,0,2046,1661
11121,11121,0,2046,1176
11122,11122,0,2046,742
11123,11123,0,2047,385
11124,11124,0,2046,125
11125,11125,0,2047,0
11126,11126,0,2046,0
11127,11127,0,2046,57
11128,11128,0,2047,275
11129,11129,0,2046,597
11130,11130,0,2046,1006
11131,11131,0,2046,1476
11132,11132,0,2046,1978
11133,11133,0,2046,2485
11134,11134,0,2046,2965
11135,11135,0,2046,3391
11136,11136,0,2047,3735
11137,11137,0,2046,3978
11138,11138,0,2047,4095
11139,11139,0,2046,4095
11140,11140,0,2047,3996
11141,11141,0,2046,3762
11142,11142,0,2046,3426
11143,11143,0,2046,3008
11144,11144,0,2046,2531
11145,11145,0,2047,2026
11146,11146,0,2046,1522
11147,11147,0,2046,1048
11148,11148,0,2046,633
11149,11149,0,2046,301
11150,11150,0,2046,73
11151,11151,0,2046,0
11152,11152,0,2046,0
11153,11153,0,2047,107
11154,11154,0,2046,355
11155,11155,0,2047,704
11156,11156,0,2047,1133
11157,11157,0,2046,1614
11158,11158,0,2046,2120
11159,11159,0,2046,2623
11160,11160,0,2046,3091
11161,11161,0,2046,3495
11162,11162,0,2047,3814
11163,11163,0,2046,4027
11164,11164,0,2046,4095
11165,11165,0,2047,4094
11166,11166,0,2047,3943
11167,11167,0,2047,3678
11168,11168,0,2046,3316
11169,11169,0,2046,2879
11170,11170,0,2046,2392
11171,11171,0,2047,1885
11172,11172,0,2046,1385
11173,11173,0,2046,925
11174,11174,0,2046,531
11175,11175,0,2047,226
11176,11176,0,2046,29
11177,11177,0,2046,0
11178,11178,0,2046,0
11179,11179,0,2046,165
11180,11180,0,2046,444
11181,11181,0,2046,817
11182,11182,0,2047,1263
11183,11183,0,2046,1754
11184,11184,0,2046,2264
11185,11185,0,2047,2759
11186,11186,0,2046,3212
11187,11187,0,2047,3594
11188,11188,0,2046,3886
11189,11189,0,2047,4066
11190,11190,0,2047,4095
11191,11191,0,2046,4062
11192,11192,0,2047,3879
11193,11193,0,2047,3586
11194,11194,0,2046,3201
11195,11195,0,2046,2747
11196,11196,0,2046,2251
11197,11197,0,2047,1742
11198,11198,0,2046,1252
11199,11199,0,2046,807
11200,11200,0,2047,436
11201,11201,0,2045,159
11202,11202,0,2047,0
11203,11203,0,2046,0
11204,11204,0,2047,32
11205,11205,0,2046,233
11206,11206,0,2047,540
11207,11207,0,2046,935
11208,11208,0,2047,1397
11209,11209,0,2047,1896
11210,11210,0,2047,2405
11211,11211,0,2046,2891
11212,11212,0,2046,3326
11213,11213,0,2047,3686
11214,11214,0,2047,3948
11215,11215,0,2046,4095
11216,11216,0,2047,4095
11217,11217,0,2046,4023
11218,11218,0,2046,3808
11219,11219,0,2046,3486
11220,11220,0,2047,3080
11221,11221,0,2046,2611
11222,11222,0,2047,2109
11223,11223,0,2046,1602
11224,11224,0,2046,1121
11225,11225,0,2047,694
11226,11226,0,2046,348
11227,11227,0,2046,101
11228,11228,0,2046,0
11229,11229,0,2046,0
11230,11230,0,2047,77
11231,11231,0,2047,309
11232,11232,0,2047,643
11233,11233,0,2046,1059
11234,11234,0,2046,1534
11235,11235,0,2047,2039
11236,11236,0,2046,2544
11237,11237,0,2046,3019
11238,11238,0,2047,3435
11239,11239,0,2046,3769
11240,11240,0,2046,4000
11241,11241,0,2046,4095
11242,11242,0,2046,4095
11243,11243,0,2046,3974
11244,11244,0,2046,3727
11245,11245,0,2046,3380
11246,11246,0,2047,2954
11247,11247,0,2046,2472
11248,11248,0,2047,1966
11249,11249,0,2047,1463
11250,11250,0,2046,995
11251,11251,0,2047,588
11252,11252,0,2047,268
11253,11253,0,2046,53
11254,11254,0,2046,0
11255,11255,0,2047,0
11256,11256,0,2046,130
11257,11257,0,2047,392
11258,11258,0,2046,751
11259,11259,0,2046,1187
11260,11260,0,2047,1674
11261,11261,0,2046,2182
11262,11262,0,2047,2682
11263,11263,0,2046,3143
11264,11264,0,2046,3538
11265,11265,0,2047,3846
11266,11266,0,2046,4045
11267,11267,0,2047,4095
11268,11268,0,2047,4083
11269,11269,0,2046,3916
11270,11270,0,2047,3640
11271,11271,0,2047,3268
11272,11272,0,2047,2824
11273,11273,0,2047,2332
11274,11274,0,2047,1824
11275,11275,0,2047,1328
11276,11276,0,2046,874
11277,11277,0,2047,489
11278,11278,0,2046,197
11279,11279,0,2047,14
11280,11280,0,2047,0
11281,11281,0,2046,11
11282,11282,0,2047,193
11283,11283,0,2046,484
11284,11284,0,2047,867
11285,11285,0,2046,1319
11286,11286,0,2046,1815
11287,11287,0,2046,2324
11288,11288,0,2046,2816
11289,11289,0,2046,3261
11290,11290,0,2047,3634
11291,11291,0,2047,3914
11292,11292,0,2047,4080
11293,11293,0,2047,4095
11294,11294,0,2046,4047
11295,11295,0,2046,3849
11296,11296,0,2046,3545
11297,11297,0,2046,3150
11298,11298,0,2046,2690
11299,11299,0,2046,2190
11300,11300,0,2046,1682
11301,11301,0,2046,1195
11302,11302,0,2047,758
11303,11303,0,2046,397
11304,11304,0,2046,134
11305,11305,0,2047,0
11306,11306,0,2046,0
11307,11307,0,2047,50
11308,11308,0,2046,264
11309,11309,0,2047,582
11310,11310,0,2047,987
11311,11311,0,2046,1455
11312,11312,0,2046,1958
11313,11313,0,2047,2465
11314,11314,0,2047,2947
11315,11315,0,2046,3374
11316,11316,0,2046,3723
11317,11317,0,2046,3971
11318,11318,0,2047,4095
11319,11319,0,2046,4095
11320,11320,0,2046,4004
11321,11321,0,2046,3774
11322,11322,0,2047,3442
11323,11323,0,2047,3026
11324,11324,0,2046,2553
11325,11325,0,2046,2047
11326,11326,0,2047,1543
11327,11327,0,2047,1066
11328,11328,0,2047,649
11329,11329,0,2046,313
11330,11330,0,2046,80
11331,11331,0,2047,0
11332,11332,0,2047,0
11333,11333,0,2047,99
11334,11334,0,2047,343
11335,11335,0,2047,688
11336,11336,0,2047,1113
11337,11337,0,2047,1593
11338,11338,0,2047,2100
11339,11339,0,2046,2603
11340,11340,0,2047,3073
11341,11341,0,2047,3481
11342,11342,0,2047,3803
11343,11343,0,2047,4020
11344,11344,0,2046,4095
11345,11345,0,2047,4095
11346,11346,0,2047,3950
11347,11347,0,2046,3691
11348,11348,0,2047,3334
11349,11349,0,2046,2899
11350,11350,0,2047,2413
11351,11351,0,2047,1906
11352,11352,0,2046,1405
11353,11353,0,2046,943
11354,11354,0,2047,545
11355,11355,0,2047,237
11356,11356,0,2046,36
11357,11357,0,2047,0
11358,11358,0,2046,0
11359,11359,0,2047,156
11360,11360,0,2046,431
11361,11361,0,2046,800
11362,11362,0,2046,1243
11363,11363,0,2047,1733
11364,11364,0,2046,2243
11365,11365,0,2047,2740
11366,11366,0,2046,3193
11367,11367,0,2046,3580
11368,11368,0,2046,3875
11369,11369,0,2047,4061
11370,11370,0,2046,4095
11371,11371,0,2046,4068
11372,11372,0,2046,3889
11373,11373,0,2047,3600
11374,11374,0,2046,3218
11375,11375,0,2046,2767
11376,11376,0,2047,2272
11377,11377,0,2046,1763
11378,11378,0,2047,1271
11379,11379,0,2046,824
11380,11380,0,2047,449
11381,11381,0,2046,169
11382,11382,0,2046,1
11383,11383,0,2046,0
11384,11384,0,2046,26
11385,11385,0,2046,223
11386,11386,0,2046,526
11387,11387,0,2046,918
11388,11388,0,2046,1377
11389,11389,0,2047,1876
11390,11390,0,2046,2383
11391,11391,0,2046,2871
11392,11392,0,2046,3310
11393,11393,0,2047,3673
11394,11394,0,2047,3939
11395,11395,0,2047,4092
11396,11396,0,2046,4095
11397,11397,0,2046,4030
11398,11398,0,2047,3819
11399,11399,0,2046,3501
11400,11400,0,2047,3098
11401,11401,0,2047,2631
11402,11402,0,2047,2129
11403,11403,0,2047,1622
11404,11404,0,2046,1140
11405,11405,0,2046,711
11406,11406,0,2046,360
11407,11407,0,2047,110
11408,11408,0,2046,0
11409,11409,0,2047,0
11410,11410,0,2046,70
11411,11411,0,2046,297
11412,11412,0,2046,626
11413,11413,0,2046,1041
11414,11414,0,2046,1513
11415,11415,0,2047,2018
11416,11416,0,2046,2524
11417,11417,0,2046,3000
11418,11418,0,2046,3421
11419,11419,0,2047,3758
11420,11420,0,2046,3994
11421,11421,0,2046,4095
11422,11422,0,2046,4095
11423,11423,0,2046,3981
11424,11424,0,2046,3739
11425,11425,0,2046,3396
11426,11426,0,2046,2973
11427,11427,0,2047,2493
11428,11428,0,2046,1987
11429,11429,0,2046,1484
11430,11430,0,2046,1014
11431,11431,0,2046,604
11432,11432,0,2047,280
11433,11433,0,2047,60
11434,11434,0,2047,0
11435,11435,0,2046,0
11436,11436,0,2047,121
11437,11437,0,2046,379
11438,11438,0,2047,735
11439,11439,0,2047,1168
11440,11440,0,2046,1654
11441,11441,0,2046,2161
11442,11442,0,2046,2661
11443,11443,0,2046,3125
11444,11444,0,2047,3523
11445,11445,0,2046,3835
11446,11446,0,2047,4039
11447,11447,0,2046,4095
11448,11448,0,2047,4085
11449,11449,0,2046,3925
11450,11450,0,2046,3652
11451,11451,0,2047,3285
11452,11452,0,2046,2843
11453,11453,0,2046,2353
11454,11454,0,2047,1844
11455,11455,0,2046,1347
11456,11456,0,2046,892
11457,11457,0,2047,503
11458,11458,0,2047,207
11459,11459,0,2046,18
11460,11460,0,2047,0
11461,11461,0,2047,6
11462,11462,0,2047,183
11463,11463,0,2046,470
11464,11464,0,2046,849
11465,11465,0,2046,1299
11466,11466,0,2047,1794
11467,11467,0,2046,2303
11468,11468,0,2047,2796
11469,11469,0,2046,3244
11470,11470,0,2046,3621
11471,11471,0,2046,3903
11472,11472,0,2047,4075
11473,11473,0,2046,4095
11474,11474,0,2047,4053
11475,11475,0,2046,3861
11476,11476,0,2046,3559
11477,11477,0,2046,3168
11478,11478,0,2047,2710
11479,11479,0,2046,2212
11480,11480,0,2046,1703
11481,11481,0,2047,1215
11482,11482,0,2047,775
11483,11483,0,2047,411
11484,11484,0,2046,143
11485,11485,0,2046,0
11486,11486,0,2047,0
11487,11487,0,2047,44
11488,11488,0,2046,252
11489,11489,0,2046,567
11490,11490,0,2047,969
11491,11491,0,2046,1435
11492,11492,0,2047,1936
11493,11493,0,2046,2444
11494,11494,0,2046,2927
11495,11495,0,2047,3357
11496,11496,0,2047,3711
11497,11497,0,2046,3962
11498,11498,0,2046,4095
11499,11499,0,2046,4095
11500,11500,0,2046,4010
11501,11501,0,2047,3787
11502,11502,0,2046,3458
11503,11503,0,2046,3045
11504,11504,0,2047,2574
11505,11505,0,2046,2069
11506,11506,0,2046,1563
11507,11507,0,2047,1085
11508,11508,0,2046,665
11509,11509,0,2047,326
11510,11510,0,2046,88
11511,11511,0,2046,0
11512,11512,0,2046,0
11513,11513,0,2046,91
11514,11514,0,2046,332
11515,11515,0,2046,673
11516,11516,0,2046,1095
11517,11517,0,2046,1573
11518,11518,0,2047,2079
11519,11519,0,2046,2582
11520,11520,0,2046,3054
11521,11521,0,2046,3465
11522,11522,0,2046,3791
11523,11523,0,2046,4013
11524,11524,0,2047,4095
11525,11525,0,2047,4095
11526,11526,0,2047,3959
11527,11527,0,2047,3704
11528,11528,0,2046,3350
11529,11529,0,2046,2918
11530,11530,0,2047,2434
11531,11531,0,2046,1927
11532,11532,0,2046,1425
11533,11533,0,2047,961
11534,11534,0,2046,560
11535,11535,0,2046,248
11536,11536,0,2047,42
11537,11537,0,2046,0
11538,11538,0,2046,0
11539,11539,0,2047,147
11540,11540,0,2046,417
11541,11541,0,2047,783
11542,11542,0,2047,1224
11543,11543,0,2046,1713
11544,11544,0,2046,2222
11545,11545,0,2047,2719
11546,11546,0,2046,3176
11547,11547,0,2046,3566
11548,11548,0,2047,3865
11549,11549,0,2047,4055
11550,11550,0,2047,4095
11551,11551,0,2045,4073
11552,11552,0,2046,3898
11553,11553,0,2046,3614
11554,11554,0,2046,3236
11555,11555,0,2046,2787
11556,11556,0,2046,2293
11557,11557,0,2046,1784
11558,11558,0,2047,1291
11559,11559,0,2046,841
11560,11560,0,2047,464
11561,11561,0,2046,179
11562,11562,0,2046,5
11563,11563,0,2046,0
11564,11564,0,2046,21
11565,11565,0,2046,212
11566,11566,0,2046,510
11567,11567,0,2046,900
11568,11568,0,2046,1357
11569,11569,0,2046,1854
11570,11570,0,2047,2363
11571,11571,0,2046,2852
11572,11572,0,2046,3293
11573,11573,0,2047,3659
11574,11574,0,2046,3931
11575,11575,0,2046,4087
11576,11576,0,2046,4095
11577,11577,0,2046,4036
11578,11578,0,2046,3830
11579,11579,0,2046,3517
11580,11580,0,2047,3117
11581,11581,0,2046,2652
11582,11582,0,2046,2150
11583,11583,0,2047,1643
11584,11584,0,2046,1159
11585,11585,0,2047,728
11586,11586,0,2047,373
11587,11587,0,2047,119
11588,11588,0,2046,0
11589,11589,0,2046,0
11590,11590,0,2046,62
11591,11591,0,2046,285
11592,11592,0,2046,611
11593,11593,0,2046,1022
11594,11594,0,2046,1493
11595,11595,0,2047,1997
11596,11596,0,2046,2503
11597,11597,0,2047,2981
11598,11598,0,2046,3404
11599,11599,0,2046,3746
11600,11600,0,2047,3986
11601,11601,0,2047,4095
11602,11602,0,2046,4095
11603,11603,0,2046,3990
11604,11604,0,2046,3751
11605,11605,0,2046,3413
11606,11606,0,2046,2991
11607,11607,0,2046,2514
11608,11608,0,2046,2008
11609,11609,0,2046,1505
11610,11610,0,2046,1031
11611,11611,0,2047,619
11612,11612,0,2046,291
11613,11613,0,2046,66
11614,11614,0,2046,0
11615,11615,0,2047,0
11616,11616,0,2046,113
11617,11617,0,2046,366
11618,11618,0,2046,719
11619,11619,0,2046,1149
11620,11620,0,2046,1632
11621,11621,0,2047,2139
11622,11622,0,2047,2641
11623,11623,0,2046,3106
11624,11624,0,2046,3508
11625,11625,0,2046,3824
11626,11626,0,2046,4032
11627,11627,0,2046,4095
11628,11628,0,2046,4089
11629,11629,0,2047,3935
11630,11630,0,2046,3667
11631,11631,0,2046,3302
11632,11632,0,2047,2863
11633,11633,0,2046,2374
11634,11634,0,2046,1865
11635,11635,0,2046,1368
11636,11636,0,2047,910
11637,11637,0,2046,518
11638,11638,0,2046,217
11639,11639,0,2047,24
11640,11640,0,2047,0
11641,11641,0,2046,2
11642,11642,0,2046,173
11643,11643,0,2047,456
11644,11644,0,2047,832
11645,11645,0,2046,1280
11646,11646,0,2046,1773
11647,11647,0,2047,2282
11648,11648,0,2046,2776
11649,11649,0,2047,3226
11650,11650,0,2046,3607
11651,11651,0,2046,3894
11652,11652,0,2046,4071
11653,11653,0,2046,4095
11654,11654,0,2046,4059
11655,11655,0,2046,3871
11656,11656,0,2046,3574
11657,11657,0,2046,3186
11658,11658,0,2047,2729
11659,11659,0,2046,2233
11660,11660,0,2047,1725
11661,11661,0,2046,1235
11662,11662,0,2046,792
11663,11663,0,2045,424
11664,11664,0,2046,152
11665,11665,0,2046,0
11666,11666,0,2046,0
11667,11667,0,2046,38
11668,11668,0,2046,242
11669,11669,0,2046,552
11670,11670,0,2046,951
11671,11671,0,2046,1414
11672,11672,0,2046,1915
11673,11673,0,2047,2423
11674,11674,0,2047,2908
11675,11675,0,2046,3340
11676,11676,0,2046,3697
11677,11677,0,2046,3954
11678,11678,0,2046,4095
11679,11679,0,2046,4095
11680,11680,0,2047,4018
11681,11681,0,2046,3797
11682,11682,0,2047,3473
11683,11683,0,2047,3063
11684,11684,0,2046,2592
11685,11685,0,2046,2090
11686,11686,0,2046,1583
11687,11687,0,2047,1103
11688,11688,0,2046,680
11689,11689,0,2047,337
11690,11690,0,2047,95
11691,11691,0,2046,0
11692,11692,0,2046,0
11693,11693,0,2047,83
11694,11694,0,2047,319
11695,11695,0,2046,656
11696,11696,0,2047,1075
11697,11697,0,2046,1553
11698,11698,0,2046,2057
11699,11699,0,2047,2562
11700,11700,0,2046,3035
11701,11701,0,2047,3449
11702,11702,0,2047,3780
11703,11703,0,2046,4007
11704,11704,0,2046,4095
11705,11705,0,2047,4095
11706,11706,0,2047,3967
11707,11707,0,2046,3715
11708,11708,0,2046,3366
11709,11709,0,2047,2937
11710,11710,0,2047,2454
11711,11711,0,2046,1947
11712,11712,0,2047,1446
11713,11713,0,2046,979
11714,11714,0,2047,576
11715,11715,0,2046,258
11716,11716,0,2046,48
11717,11717,0,2047,0
11718,11718,0,2046,0
11719,11719,0,2047,138
11720,11720,0,2046,404
11721,11721,0,2047,766
11722,11722,0,2047,1204
11723,11723,0,2046,1692
11724,11724,0,2046,2200
11725,11725,0,2046,2699
11726,11726,0,2046,3159
11727,11727,0,2046,3551
11728,11728,0,2046,3855
11729,11729,0,2046,4051
11730,11730,0,2047,4095
11731,11731,0,2046,4077
11732,11732,0,2046,3908
11733,11733,0,2046,3628
11734,11734,0,2046,3253
11735,11735,0,2047,2806
11736,11736,0,2046,2314
11737,11737,0,2047,1805
11738,11738,0,2047,1311
11739,11739,0,2046,858
11740,11740,0,2047,477
11741,11741,0,2046,188
11742,11742,0,2046,9
11743,11743,0,2047,0
11744,11744,0,2046,16
11745,11745,0,2046,202
11746,11746,0,2047,496
11747,11747,0,2046,882
11748,11748,0,2046,1337
11749,11749,0,2046,1834
11750,11750,0,2046,2342
11751,11751,0,2046,2833
11752,11752,0,2046,3276
11753,11753,0,2046,3646
11754,11754,0,2046,3920
11755,11755,0,2047,4083
11756,11756,0,2046,4095
11757,11757,0,2046,4042
11758,11758,0,2046,3841
11759,11759,0,2047,3531
11760,11760,0,2046,3135
11761,11761,0,2046,2672
11762,11762,0,2046,2172
11763,11763,0,2047,1665
11764,11764,0,2046,1179
11765,11765,0,2047,745
11766,11766,0,2046,386
11767,11767,0,2046,127
11768,11768,0,2047,0
11769,11769,0,2046,0
11770,11770,0,2047,56
11771,11771,0,2046,273
11772,11772,0,2046,595
11773,11773,0,2046,1003
11774,11774,0,2047,1473
11775,11775,0,2046,1976
11776,11776,0,2046,2482
11777,11777,0,2046,2963
11778,11778,0,2046,3388
11779,11779,0,2046,3734
11780,11780,0,2046,3978
11781,11781,0,2046,4095
11782,11782,0,2046,4095
11783,11783,0,2046,3997
11784,11784,0,2046,3764
11785,11785,0,2046,3429
11786,11786,0,2046,3011
11787,11787,0,2046,2535
11788,11788,0,2047,2029
11789,11789,0,2047,1525
11790,11790,0,2046,1050
11791,11791,0,2046,635
11792,11792,0,2046,303
11793,11793,0,2046,74
11794,11794,0,2047,0
11795,11795,0,2046,0
11796,11796,0,2046,106
11797,11797,0,2046,354
11798,11798,0,2046,702
11799,11799,0,2047,1130
11800,11800,0,2047,1611
11801,11801,0,2047,2118
11802,11802,0,2046,2620
11803,11803,0,2046,3088
11804,11804,0,2047,3493
11805,11805,0,2046,3813
11806,11806,0,2046,4026
11807,11807,0,2046,4095
11808,11808,0,2046,4094
11809,11809,0,2047,3944
11810,11810,0,2046,3679
11811,11811,0,2047,3318
11812,11812,0,2046,2882
11813,11813,0,2046,2395
11814,11814,0,2046,1887
11815,11815,0,2047,1388
11816,11816,0,2047,927
11817,11817,0,2047,533
11818,11818,0,2047,228
11819,11819,0,2046,30
11820,11820,0,2046,0
11821,11821,0,2046,0
11822,11822,0,2046,164
11823,11823,0,2046,442
11824,11824,0,2047,815
11825,11825,0,2046,1260
11826,11826,0,2046,1751
11827,11827,0,2046,2260
11828,11828,0,2047,2756
11829,11829,0,2046,3209
11830,11830,0,2047,3593
11831,11831,0,2047,3883
11832,11832,0,2047,4064
11833,11833,0,2046,4095
11834,11834,0,2046,4063
11835,11835,0,2046,3880
11836,11836,0,2046,3588
11837,11837,0,2046,3204
11838,11838,0,2047,2749
11839,11839,0,2046,2255
11840,11840,0,2046,1745
11841,11841,0,2046,1254
11842,11842,0,2046,809
11843,11843,0,2046,438
11844,11844,0,2046,161
11845,11845,0,2046,0
11846,11846,0,2046,0
11847,11847,0,2046,31
11848,11848,0,2047,232
11849,11849,0,2046,538
11850,11850,0,2046,933
11851,11851,0,2046,1394
11852,11852,0,2046,1894
11853,11853,0,2046,2402
11854,11854,0,2047,2889
11855,11855,0,2046,3324
11856,11856,0,2047,3684
11857,11857,0,2047,3946
11858,11858,0,2047,4095
11859,11859,0,2046,4095
11860,11860,0,2046,4024
11861,11861,0,2046,3809
11862,11862,0,2046,3488
11863,11863,0,2047,3083
11864,11864,0,2046,2614
11865,11865,0,2046,2111
11866,11866,0,2047,1604
11867,11867,0,2046,1123
11868,11868,0,2046,697
11869,11869,0,2046,350
11870,11870,0,2046,103
11871,11871,0,2047,0
11872,11872,0,2047,0
11873,11873,0,2046,76
11874,11874,0,2047,307
11875,11875,0,2046,640
11876,11876,0,2046,1057
11877,11877,0,2046,1531
11878,11878,0,2047,2036
11879,11879,0,2047,2542
11880,11880,0,2046,3017
11881,11881,0,2047,3434
11882,11882,0,2047,3768
11883,11883,0,2046,3999
11884,11884,0,2046,4095
11885,11885,0,2046,4095
11886,11886,0,2046,3975
11887,11887,0,2046,3729
11888,11888,0,2047,3383
11889,11889,0,2046,2957
11890,11890,0,2047,2475
11891,11891,0,2046,1969
11892,11892,0,2046,1466
11893,11893,0,2046,998
11894,11894,0,2047,591
11895,11895,0,2046,270
11896,11896,0,2046,54
11897,11897,0,2047,0
11898,11898,0,2046,0
11899,11899,0,2046,129
11900,11900,0,2047,390
11901,11901,0,2046,749
11902,11902,0,2046,1185
11903,11903,0,2046,1671
11904,11904,0,2047,2179
11905,11905,0,2046,2678
11906,11906,0,2046,3140
11907,11907,0,2046,3536
11908,11908,0,2047,3844
11909,11909,0,2047,4044
11910,11910,0,2046,4095
11911,11911,0,2046,4082
11912,11912,0,2046,3918
11913,11913,0,2046,3641
11914,11914,0,2046,3270
11915,11915,0,2046,2826
11916,11916,0,2047,2335
11917,11917,0,2047,1826
11918,11918,0,2047,1331
11919,11919,0,2046,876
11920,11920,0,2046,491
11921,11921,0,2046,198
11922,11922,0,2046,15
11923,11923,0,2047,0
11924,11924,0,2046,11
11925,11925,0,2046,191
11926,11926,0,2046,482
11927,11927,0,2047,864
11928,11928,0,2046,1316
11929,11929,0,2046,1812
11930,11930,0,2046,2321
11931,11931,0,2046,2813
11932,11932,0,2046,3258
11933,11933,0,2046,3633
11934,11934,0,2046,3911
11935,11935,0,2046,4079
11936,11936,0,2046,4095
11937,11937,0,2045,4047
11938,11938,0,2046,3851
11939,11939,0,2046,3546
11940,11940,0,2046,3152
11941,11941,0,2047,2692
11942,11942,0,2046,2193
11943,11943,0,2046,1685
11944,11944,0,2046,1198
11945,11945,0,2046,761
11946,11946,0,2047,399
11947,11947,0,2046,135
11948,11948,0,2046,0
11949,11949,0,2046,0
11950,11950,0,2046,49
11951,11951,0,2047,262
11952,11952,0,2047,580
11953,11953,0,2047,985
11954,11954,0,2047,1453
11955,11955,0,2047,1955
11956,11956,0,2046,2462
11957,11957,0,2047,2944
11958,11958,0,2047,3372
11959,11959,0,2046,3721
11960,11960,0,2047,3971
11961,11961,0,2046,4095
11962,11962,0,2046,4095
11963,11963,0,2046,4005
11964,11964,0,2046,3776
11965,11965,0,2046,3444
11966,11966,0,2046,3029
11967,11967,0,2046,2556
11968,11968,0,2046,2051
11969,11969,0,2047,1546
11970,11970,0,2047,1070
11971,11971,0,2047,651
11972,11972,0,2046,315
11973,11973,0,2046,81
11974,11974,0,2046,0
11975,11975,0,2047,0
11976,11976,0,2046,98
11977,11977,0,2047,341
11978,11978,0,2046,685
11979,11979,0,2046,1110
11980,11980,0,2047,1590
11981,11981,0,2046,2096
11982,11982,0,2046,2600
11983,11983,0,2046,3069
11984,11984,0,2046,3477
11985,11985,0,2046,3801
11986,11986,0,2046,4020
11987,11987,0,2046,4095
11988,11988,0,2047,4095
11989,11989,0,2046,3952
11990,11990,0,2046,3693
11991,11991,0,2046,3335
11992,11992,0,2046,2902
11993,11993,0,2047,2416
11994,11994,0,2046,1908
11995,11995,0,2046,1408
11996,11996,0,2047,945
11997,11997,0,2046,547
11998,11998,0,2047,238
11999,11999,0,2046,36
12000,12000,0,2046,0
12001,12001,0,2047,0
12002,12002,0,2046,155
12003,12003,0,2046,429
12004,12004,0,2046,798
12005,12005,0,2047,1240
12006,12006,0,2047,1730
12007,12007,0,2046,2239
12008,12008,0,2046,2736
12009,12009,0,2047,3191
12010,12010,0,2046,3577
12011,12011,0,2046,3873
12012,12012,0,2047,4060
12013,12013,0,2046,4095
12014,12014,0,2046,4068
12015,12015,0,2046,3891
12016,12016,0,2046,3602
12017,12017,0,2047,3221
12018,12018,0,2046,2770
12019,12019,0,2046,2275
12020,12020,0,2047,1766
12021,12021,0,2046,1274
12022,12022,0,2046,826
12023,12023,0,2046,452
12024,12024,0,2046,171
12025,12025,0,2046,1
12026,12026,0,2047,0
12027,12027,0,2046,26
12028,12028,0,2046,220
12029,12029,0,2047,523
12030,12030,0,2046,915
12031,12031,0,2046,1375
12032,12032,0,2047,1872
12033,12033,0,2046,2381
12034,12034,0,2047,2869
12035,12035,0,2045,3307
12036,12036,0,2046,3671
12037,12037,0,2046,3937
12038,12038,0,2047,4091
12039,12039,0,2046,4095
12040,12040,0,2046,4031
12041,12041,0,2046,3820
12042,12042,0,2046,3504
12043,12043,0,2046,3101
12044,12044,0,2046,2635
12045,12045,0,2046,2132
12046,12046,0,2047,1625
12047,12047,0,2046,1142
12048,12048,0,2047,713
12049,12049,0,2046,362
12050,12050,0,2047,111
12051,12051,0,2046,0
12052,12052,0,2046,0
12053,12053,0,2046,68
12054,12054,0,2046,295
12055,12055,0,2046,624
12056,12056,0,2046,1037
12057,12057,0,2047,1511
12058,12058,0,2046,2015
12059,12059,0,2046,2521
12060,12060,0,2046,2998
12061,12061,0,2046,3418
12062,12062,0,2046,3756
12063,12063,0,2046,3992
12064,12064,0,2047,4095
12065,12065,0,2046,4095
12066,12066,0,2047,3983
12067,12067,0,2046,3741
12068,12068,0,2046,3398
12069,12069,0,2046,2975
12070,12070,0,2046,2497
12071,12071,0,2046,1990
12072,12072,0,2047,1486
12073,12073,0,2046,1016
12074,12074,0,2046,607
12075,12075,0,2047,281
12076,12076,0,2045,61
12077,12077,0,2046,0
12078,12078,0,2047,0
12079,12079,0,2047,120
12080,12080,0,2046,377
12081,12081,0,2046,732
12082,12082,0,2047,1164
12083,12083,0,2046,1650
12084,12084,0,2047,2157
12085,12085,0,2046,2658
12086,12086,0,2046,3122
12087,12087,0,2047,3521
12088,12088,0,2047,3833
12089,12089,0,2046,4037
12090,12090,0,2046,4095
12091,12091,0,2046,4086
12092,12092,0,2046,3926
12093,12093,0,2047,3655
12094,12094,0,2046,3287
12095,12095,0,2046,2845
12096,12096,0,2046,2356
12097,12097,0,2046,1848
12098,12098,0,2046,1350
12099,12099,0,2046,894
12100,12100,0,2046,506
12101,12101,0,2046,209
12102,12102,0,2046,20
12103,12103,0,2047,0
12104,12104,0,2046,5
12105,12105,0,2046,182
12106,12106,0,2047,468
12107,12107,0,2047,847
12108,12108,0,2046,1297
12109,12109,0,2047,1791
12110,12110,0,2046,2300
12111,12111,0,2047,2793
12112,12112,0,2046,3241
12113,12113,0,2046,3620
12114,12114,0,2046,3902
12115,12115,0,2046,4074
12116,12116,0,2047,4095
12117,12117,0,2046,4053
12118,12118,0,2046,3862
12119,12119,0,2046,3561
12120,12120,0,2046,3170
12121,12121,0,2047,2712
12122,12122,0,2046,2215
12123,12123,0,2046,1706
12124,12124,0,2046,1218
12125,12125,0,2046,777
12126,12126,0,2046,413
12127,12127,0,2046,144
12128,12128,0,2047,0
12129,12129,0,2047,0
12130,12130,0,2046,43
12131,12131,0,2046,251
12132,12132,0,2047,565
12133,12133,0,2047,967
12134,12134,0,2046,1431
12135,12135,0,2046,1933
12136,12136,0,2046,2441
12137,12137,0,2047,2924
12138,12138,0,2047,3355
12139,12139,0,2047,3708
12140,12140,0,2046,3962
12141,12141,0,2047,4095
12142,12142,0,2046,4095
12143,12143,0,2046,4012
12144,12144,0,2047,3788
12145,12145,0,2046,3460
12146,12146,0,2046,3048
12147,12147,0,2046,2576
12148,12148,0,2046,2073
12149,12149,0,2046,1566
12150,12150,0,2046,1088
12151,12151,0,2047,667
12152,12152,0,2046,327
12153,12153,0,2046,88
12154,12154,0,2046,0
12155,12155,0,2046,0
12156,12156,0,2047,90
12157,12157,0,2047,329
12158,12158,0,2047,669
12159,12159,0,2046,1091
12160,12160,0,2046,1569
12161,12161,0,2047,2075
12162,12162,0,2046,2579
12163,12163,0,2047,3051
12164,12164,0,2046,3463
12165,12165,0,2046,3789
12166,12166,0,2047,4013
12167,12167,0,2046,4095
12168,12168,0,2046,4095
12169,12169,0,2046,3961
12170,12170,0,2046,3706
12171,12171,0,2046,3352
12172,12172,0,2046,2921
12173,12173,0,2046,2437
12174,12174,0,2046,1929
12175,12175,0,2046,1428
12176,12176,0,2046,964
12177,12177,0,2046,563
12178,12178,0,2046,249
12179,12179,0,2046,42
12180,12180,0,2046,0
12181,12181,0,2046,0
12182,12182,0,2047,145
12183,12183,0,2046,415
12184,12184,0,2046,780
12185,12185,0,2047,1221
12186,12186,0,2046,1710
12187,12187,0,2046,2218
12188,12188,0,2047,2716
12189,12189,0,2046,3174
12190,12190,0,2046,3564
12191,12191,0,2046,3864
12192,12192,0,2047,4055
12193,12193,0,2047,4095
12194,12194,0,2045,4074
12195,12195,0,2046,3900
12196,12196,0,2047,3616
12197,12197,0,2047,3238
12198,12198,0,2047,2790
12199,12199,0,2047,2296
12200,12200,0,2047,1787
12201,12201,0,2046,1294
12202,12202,0,2046,844
12203,12203,0,2046,466
12204,12204,0,2047,180
12205,12205,0,2046,6
12206,12206,0,2047,0
12207,12207,0,2047,20
12208,12208,0,2046,210
12209,12209,0,2046,508
12210,12210,0,2047,897
12211,12211,0,2046,1354
12212,12212,0,2046,1851
12213,12213,0,2047,2359
12214,12214,0,2047,2849
12215,12215,0,2046,3291
12216,12216,0,2046,3658
12217,12217,0,2047,3928
12218,12218,0,2047,4086
12219,12219,0,2046,4095
12220,12220,0,2046,4037
12221,12221,0,2046,3831
12222,12222,0,2046,3519
12223,12223,0,2046,3119
12224,12224,0,2046,2654
12225,12225,0,2047,2154
12226,12226,0,2046,1646
12227,12227,0,2046,1161
12228,12228,0,2047,730
12229,12229,0,2047,375
12230,12230,0,2046,119
12231,12231,0,2047,0
12232,12232,0,2047,0
12233,12233,0,2046,62
12234,12234,0,2046,283
12235,12235,0,2046,609
12236,12236,0,2046,1019
12237,12237,0,2046,1490
12238,12238,0,2046,1994
12239,12239,0,2046,2500
12240,12240,0,2046,2979
12241,12241,0,2046,3402
12242,12242,0,2047,3744
12243,12243,0,2045,3984
12244,12244,0,2046,4095
12245,12245,0,2046,4095
12246,12246,0,2047,3990
12247,12247,0,2046,3753
12248,12248,0,2047,3416
12249,12249,0,2047,2994
12250,12250,0,2046,2517
12251,12251,0,2046,2012
12252,12252,0,2046,1508
12253,12253,0,2046,1036
12254,12254,0,2047,622
12255,12255,0,2047,293
12256,12256,0,2047,68
12257,12257,0,2046,0
12258,12258,0,2047,0
12259,12259,0,2046,113
12260,12260,0,2047,364
12261,12261,0,2046,717
12262,12262,0,2047,1146
12263,12263,0,2046,1628
12264,12264,0,2046,2136
12265,12265,0,2047,2637
12266,12266,0,2046,3104
12267,12267,0,2047,3506
12268,12268,0,2047,3822
12269,12269,0,2046,4031
12270,12270,0,2047,4095
12271,12271,0,2046,4091
12272,12272,0,2047,3936
12273,12273,0,2046,3669
12274,12274,0,2046,3305
12275,12275,0,2046,2866
12276,12276,0,2047,2377
12277,12277,0,2046,1869
12278,12278,0,2046,1371
12279,12279,0,2046,912
12280,12280,0,2046,522
12281,12281,0,2047,219
12282,12282,0,2046,26
12283,12283,0,2047,0
12284,12284,0,2046,1
12285,12285,0,2046,172
12286,12286,0,2047,453
12287,12287,0,2046,830
12288,12288,0,2046,1276
12289,12289,0,2046,1769
12290,12290,0,2046,2278
12291,12291,0,2047,2773
12292,12292,0,2047,3223
12293,12293,0,2046,3605
12294,12294,0,2047,3892
12295,12295,0,2047,4069
12296,12296,0,2047,4095
12297,12297,0,2046,4059
12298,12298,0,2047,3872
12299,12299,0,2046,3576
12300,12300,0,2046,3188
12301,12301,0,2047,2733
12302,12302,0,2046,2236
12303,12303,0,2046,1727
12304,12304,0,2046,1237
12305,12305,0,2046,795
12306,12306,0,2046,426
12307,12307,0,2047,153
12308,12308,0,2047,0
12309,12309,0,2047,0
12310,12310,0,2047,37
12311,12311,0,2047,240
12312,12312,0,2046,550
12313,12313,0,2046,948
12314,12314,0,2047,1412
12315,12315,0,2047,1912
12316,12316,0,2047,2420
12317,12317,0,2046,2904
12318,12318,0,2047,3338
12319,12319,0,2046,3696
12320,12320,0,2047,3953
12321,12321,0,2046,4095
12322,12322,0,2046,4095
12323,12323,0,2046,4018
12324,12324,0,2046,3799
12325,12325,0,2047,3476
12326,12326,0,2046,3067
12327,12327,0,2046,2597
12328,12328,0,2046,2093
12329,12329,0,2046,1588
12330,12330,0,2046,1108
12331,12331,0,2047,683
12332,12332,0,2046,339
12333,12333,0,2046,96
12334,12334,0,2046,0
12335,12335,0,2046,0
12336,12336,0,2047,82
12337,12337,0,2047,317
12338,12338,0,2046,654
12339,12339,0,2046,1073
12340,12340,0,2047,1549
12341,12341,0,2047,2054
12342,12342,0,2047,2559
12343,12343,0,2046,3032
12344,12344,0,2047,3447
12345,12345,0,2046,3779
12346,12346,0,2047,4005
12347,12347,0,2046,4095
12348,12348,0,2046,4095
12349,12349,0,2047,3968
12350,12350,0,2046,3718
12351,12351,0,2046,3369
12352,12352,0,2047,2940
12353,12353,0,2046,2458
12354,12354,0,2046,1951
12355,12355,0,2047,1449
12356,12356,0,2046,982
12357,12357,0,2047,578
12358,12358,0,2046,260
12359,12359,0,2046,49
12360,12360,0,2046,0
12361,12361,0,2046,0
12362,12362,0,2046,137
12363,12363,0,2046,401
12364,12364,0,2046,763
12365,12365,0,2046,1202
12366,12366,0,2047,1689
12367,12367,0,2046,2197
12368,12368,0,2046,2695
12369,12369,0,2046,3154
12370,12370,0,2047,3549
12371,12371,0,2046,3853
12372,12372,0,2047,4049
12373,12373,0,2046,4095
12374,12374,0,2046,4078
12375,12375,0,2046,3909
12376,12376,0,2047,3630
12377,12377,0,2047,3256
12378,12378,0,2046,2809
12379,12379,0,2046,2317
12380,12380,0,2047,1809
12381,12381,0,2046,1314
12382,12382,0,2046,862
12383,12383,0,2047,480
12384,12384,0,2046,190
12385,12385,0,2047,10
12386,12386,0,2046,0
12387,12387,0,2046,15
12388,12388,0,2046,201
12389,12389,0,2046,494
12390,12390,0,2047,879
12391,12391,0,2047,1334
12392,12392,0,2047,1830
12393,12393,0,2046,2338
12394,12394,0,2046,2829
12395,12395,0,2046,3273
12396,12396,0,2046,3645
12397,12397,0,2046,3919
12398,12398,0,2046,4083
12399,12399,0,2046,4095
12400,12400,0,2046,4043
12401,12401,0,2046,3842
12402,12402,0,2046,3534
12403,12403,0,2047,3138
12404,12404,0,2046,2675
12405,12405,0,2046,2175
12406,12406,0,2046,1668
12407,12407,0,2046,1181
12408,12408,0,2047,747
12409,12409,0,2046,389
12410,12410,0,2046,129
12411,12411,0,2046,0
12412,12412,0,2047,0
12413,12413,0,2047,54
12414,12414,0,2046,272
12415,12415,0,2046,593
12416,12416,0,2047,1001
12417,12417,0,2046,1469
12418,12418,0,2047,1973
12419,12419,0,2047,2479
12420,12420,0,2046,2960
12421,12421,0,2047,3384
12422,12422,0,2046,3731
12423,12423,0,2046,3976
12424,12424,0,2046,4095
12425,12425,0,2046,4095
12426,12426,0,2046,3999
12427,12427,0,2047,3766
12428,12428,0,2047,3431
12429,12429,0,2046,3014
12430,12430,0,2047,2538
12431,12431,0,2046,2033
12432,12432,0,2046,1528
12433,12433,0,2046,1053
12434,12434,0,2046,637
12435,12435,0,2046,306
12436,12436,0,2047,75
12437,12437,0,2046,0
12438,12438,0,2047,0
12439,12439,0,2046,105
12440,12440,0,2046,352
12441,12441,0,2046,698
12442,12442,0,2046,1126
12443,12443,0,2047,1608
12444,12444,0,2047,2115
12445,12445,0,2046,2617
12446,12446,0,2046,3085
12447,12447,0,2046,3491
12448,12448,0,2046,3810
12449,12449,0,2046,4025
12450,12450,0,2047,4095
12451,12451,0,2046,4095
12452,12452,0,2047,3945
12453,12453,0,2046,3682
12454,12454,0,2047,3321
12455,12455,0,2046,2885
12456,12456,0,2046,2399
12457,12457,0,2047,1890
12458,12458,0,2046,1391
12459,12459,0,2047,930
12460,12460,0,2046,536
12461,12461,0,2046,230
12462,12462,0,2046,31
12463,12463,0,2046,0
12464,12464,0,2046,0
12465,12465,0,2046,162
12466,12466,0,2047,440
12467,12467,0,2046,812
12468,12468,0,2047,1256
12469,12469,0,2046,1748
12470,12470,0,2046,2257
12471,12471,0,2047,2753
12472,12472,0,2047,3206
12473,12473,0,2047,3590
12474,12474,0,2046,3882
12475,12475,0,2046,4064
12476,12476,0,2046,4095
12477,12477,0,2047,4065
12478,12478,0,2047,3882
12479,12479,0,2046,3590
12480,12480,0,2046,3206
12481,12481,0,2047,2753
12482,12482,0,2046,2258
12483,12483,0,2047,1748
12484,12484,0,2046,1256
12485,12485,0,2046,812
12486,12486,0,2046,440
12487,12487,0,2046,163
12488,12488,0,2047,0
12489,12489,0,2047,0
12490,12490,0,2047,31
12491,12491,0,2047,230
12492,12492,0,2046,535
12493,12493,0,2046,930
12494,12494,0,2046,1391
12495,12495,0,2046,1890
12496,12496,0,2046,2398
12497,12497,0,2047,2885
12498,12498,0,2047,3322
12499,12499,0,2046,3682
12500,12500,0,2046,3945
12501,12501,0,2046,4094
12502,12502,0,2046,4095
12503,12503,0,2047,4025
12504,12504,0,2047,3811
12505,12505,0,2046,3491
12506,12506,0,2046,3086
12507,12507,0,2046,2618
12508,12508,0,2046,2115
12509,12509,0,2046,1608
12510,12510,0,2047,1127
12511,12511,0,2046,700
12512,12512,0,2046,352
12513,12513,0,2046,105
12514,12514,0,2046,0
12515,12515,0,2046,0
12516,12516,0,2047,75
12517,12517,0,2047,304
12518,12518,0,2046,637
12519,12519,0,2046,1054
12520,12520,0,2047,1528
12521,12521,0,2047,2033
12522,12522,0,2046,2538
12523,12523,0,2046,3014
12524,12524,0,2046,3432
12525,12525,0,2047,3766
12526,12526,0,2047,3999
12527,12527,0,2047,4095
12528,12528,0,2047,4095
12529,12529,0,2047,3976
12530,12530,0,2047,3731
12531,12531,0,2046,3385
12532,12532,0,2046,2960
12533,12533,0,2046,2479
12534,12534,0,2046,1973
12535,12535,0,2046,1470
12536,12536,0,2046,1000
12537,12537,0,2046,593
12538,12538,0,2046,272
12539,12539,0,2046,55
12540,12540,0,2046,0
12541,12541,0,2047,0
12542,12542,0,2047,128
12543,12543,0,2046,388
12544,12544,0,2047,747
12545,12545,0,2047,1182
12546,12546,0,2046,1668
12547,12547,0,2046,2176
12548,12548,0,2047,2675
12549,12549,0,2046,3137
12550,12550,0,2046,3534
12551,12551,0,2046,3842
12552,12552,0,2046,4043
12553,12553,0,2047,4095
12554,12554,0,2046,4083
12555,12555,0,2046,3919
12556,12556,0,2046,3644
12557,12557,0,2047,3273
12558,12558,0,2046,2830
12559,12559,0,2046,2339
12560,12560,0,2046,1830
12561,12561,0,2047,1334
12562,12562,0,2046,879
12563,12563,0,2046,494
12564,12564,0,2047,200
12565,12565,0,2046,16
12566,12566,0,2046,0
12567,12567,0,2046,9
12568,12568,0,2047,190
12569,12569,0,2046,480
12570,12570,0,2047,862
12571,12571,0,2046,1313
12572,12572,0,2046,1809
12573,12573,0,2047,2317
12574,12574,0,2046,2810
12575,12575,0,2047,3256
12576,12576,0,2046,3630
12577,12577,0,2046,3910
12578,12578,0,2046,4079
12579,12579,0,2046,4095
12580,12580,0,2046,4049
12581,12581,0,2047,3852
12582,12582,0,2047,3548
12583,12583,0,2047,3156
12584,12584,0,2046,2695
12585,12585,0,2047,2197
12586,12586,0,2046,1688
12587,12587,0,2046,1201
12588,12588,0,2046,763
12589,12589,0,2046,402
12590,12590,0,2046,136
12591,12591,0,2047,0
12592,12592,0,2046,0
12593,12593,0,2047,48
12594,12594,0,2046,261
12595,12595,0,2046,578
12596,12596,0,2046,982
12597,12597,0,2046,1449
12598,12598,0,2046,1951
12599,12599,0,2046,2458
12600,12600,0,2046,2941
12601,12601,0,2046,3369
12602,12602,0,2046,3719
12603,12603,0,2047,3968
12604,12604,0,2046,4095
12605,12605,0,2047,4095
12606,12606,0,2046,4005
12607,12607,0,2047,3778
12608,12608,0,2046,3447
12609,12609,0,2047,3032
12610,12610,0,2046,2559
12611,12611,0,2046,2054
12612,12612,0,2046,1550
12613,12613,0,2046,1073
12614,12614,0,2046,654
12615,12615,0,2046,317
12616,12616,0,2047,82
12617,12617,0,2047,0
12618,12618,0,2047,0
12619,12619,0,2046,96
12620,12620,0,2046,340
12621,12621,0,2047,683
12622,12622,0,2047,1108
12623,12623,0,2046,1587
12624,12624,0,2046,2094
12625,12625,0,2046,2596
12626,12626,0,2047,3067
12627,12627,0,2047,3476
12628,12628,0,2046,3800
12629,12629,0,2046,4019
12630,12630,0,2046,4095
12631,12631,0,2046,4095
12632,12632,0,2047,3954
12633,12633,0,2046,3694
12634,12634,0,2046,3338
12635,12635,0,2046,2904
12636,12636,0,2046,2419
12637,12637,0,2046,1912
12638,12638,0,2046,1411
12639,12639,0,2046,949
12640,12640,0,2047,551
12641,12641,0,2046,240
12642,12642,0,2046,37
12643,12643,0,2047,0
12644,12644,0,2047,0
12645,12645,0,2046,154
12646,12646,0,2046,426
12647,12647,0,2047,795
12648,12648,0,2046,1237
12649,12649,0,2046,1727
12650,12650,0,2047,2236
12651,12651,0,2046,2733
12652,12652,0,2046,3188
12653,12653,0,2046,3575
12654,12654,0,2047,3872
12655,12655,0,2047,4059
12656,12656,0,2046,4095
12657,12657,0,2046,4070
12658,12658,0,2046,3892
12659,12659,0,2047,3604
12660,12660,0,2046,3224
12661,12661,0,2047,2773
12662,12662,0,2046,2278
12663,12663,0,2047,1770
12664,12664,0,2045,1276
12665,12665,0,2046,829
12666,12666,0,2046,454
12667,12667,0,2047,172
12668,12668,0,2046,1
12669,12669,0,2047,0
12670,12670,0,2046,26
12671,12671,0,2046,219
12672,12672,0,2046,521
12673,12673,0,2047,912
12674,12674,0,2046,1371
12675,12675,0,2047,1869
12676,12676,0,2046,2378
12677,12677,0,2046,2866
12678,12678,0,2047,3304
12679,12679,0,2046,3669
12680,12680,0,2046,3935
12681,12681,0,2047,4090
12682,12682,0,2047,4095
12683,12683,0,2046,4031
12684,12684,0,2046,3822
12685,12685,0,2047,3507
12686,12686,0,2046,3103
12687,12687,0,2046,2638
12688,12688,0,2047,2136
12689,12689,0,2046,1629
12690,12690,0,2046,1146
12691,12691,0,2046,716
12692,12692,0,2046,365
12693,12693,0,2047,113
12694,12694,0,2047,0
12695,12695,0,2046,0
12696,12696,0,2046,68
12697,12697,0,2046,293
12698,12698,0,2046,622
12699,12699,0,2046,1035
12700,12700,0,2046,1508
12701,12701,0,2046,2011
12702,12702,0,2046,2517
12703,12703,0,2046,2995
12704,12704,0,2046,3415
12705,12705,0,2046,3755
12706,12706,0,2046,3991
12707,12707,0,2046,4095
12708,12708,0,2046,4095
12709,12709,0,2046,3984
12710,12710,0,2046,3744
12711,12711,0,2046,3402
12712,12712,0,2046,2978
12713,12713,0,2047,2500
12714,12714,0,2046,1993
12715,12715,0,2047,1490
12716,12716,0,2046,1019
12717,12717,0,2046,609
12718,12718,0,2047,283
12719,12719,0,2046,62
12720,12720,0,2047,0
12721,12721,0,2046,0
12722,12722,0,2046,120
12723,12723,0,2046,376
12724,12724,0,2046,730
12725,12725,0,2046,1162
12726,12726,0,2046,1647
12727,12727,0,2048,2154
12728,12728,0,2046,2655
12729,12729,0,2047,3119
12730,12730,0,2047,3519
12731,12731,0,2046,3832
12732,12732,0,2047,4037
12733,12733,0,2046,4095
12734,12734,0,2046,4087
12735,12735,0,2047,3928
12736,12736,0,2047,3657
12737,12737,0,2046,3291
12738,12738,0,2046,2848
12739,12739,0,2046,2359
12740,12740,0,2046,1850
12741,12741,0,2046,1353
12742,12742,0,2047,897
12743,12743,0,2046,509
12744,12744,0,2046,210
12745,12745,0,2046,20
12746,12746,0,2046,0
12747,12747,0,2047,4
12748,12748,0,2047,180
12749,12749,0,2047,466
12750,12750,0,2047,844
12751,12751,0,2047,1294
12752,12752,0,2046,1787
12753,12753,0,2046,2296
12754,12754,0,2046,2790
12755,12755,0,2046,3239
12756,12756,0,2046,3617
12757,12757,0,2046,3901
12758,12758,0,2047,4074
12759,12759,0,2046,4095
12760,12760,0,2046,4055
12761,12761,0,2046,3863
12762,12762,0,2047,3563
12763,12763,0,2046,3173
12764,12764,0,2046,2716
12765,12765,0,2046,2219
12766,12766,0,2046,1710
12767,12767,0,2047,1221
12768,12768,0,2047,780
12769,12769,0,2047,415
12770,12770,0,2046,146
12771,12771,0,2046,0
12772,12772,0,2046,0
12773,12773,0,2046,42
12774,12774,0,2046,250
12775,12775,0,2046,563
12776,12776,0,2046,963
12777,12777,0,2046,1428
12778,12778,0,2046,1930
12779,12779,0,2046,2437
12780,12780,0,2046,2921
12781,12781,0,2046,3352
12782,12782,0,2046,3706
12783,12783,0,2046,3960
12784,12784,0,2046,4095
12785,12785,0,2046,4095
12786,12786,0,2046,4013
12787,12787,0,2046,3789
12788,12788,0,2046,3462
12789,12789,0,2046,3051
12790,12790,0,2046,2579
12791,12791,0,2047,2075
12792,12792,0,2047,1570
12793,12793,0,2047,1091
12794,12794,0,2047,670
12795,12795,0,2046,329
12796,12796,0,2046,90
12797,12797,0,2046,0
12798,12798,0,2046,0
12799,12799,0,2047,89
12800,12800,0,2046,327
12801,12801,0,2047,667
12802,12802,0,2046,1088
12803,12803,0,2046,1566
12804,12804,0,2046,2073
12805,12805,0,2046,2576
12806,12806,0,2046,3048
12807,12807,0,2046,3460
12808,12808,0,2046,3788
12809,12809,0,2047,4012
12810,12810,0,2047,4095
12811,12811,0,2046,4095
12812,12812,0,2046,3962
12813,12813,0,2047,3708
12814,12814,0,2047,3355
12815,12815,0,2046,2924
12816,12816,0,2046,2440
12817,12817,0,2046,1933
12818,12818,0,2046,1432
12819,12819,0,2047,966
12820,12820,0,2046,565
12821,12821,0,2047,251
12822,12822,0,2046,43
12823,12823,0,2046,0
12824,12824,0,2047,0
12825,12825,0,2046,144
12826,12826,0,2047,412
12827,12827,0,2046,777
12828,12828,0,2046,1217
12829,12829,0,2046,1706
12830,12830,0,2046,2215
12831,12831,0,2047,2713
12832,12832,0,2047,3170
12833,12833,0,2046,3562
12834,12834,0,2046,3861
12835,12835,0,2046,4053
12836,12836,0,2046,4095
12837,12837,0,2047,4074
12838,12838,0,2046,3902
12839,12839,0,2046,3618
12840,12840,0,2047,3241
12841,12841,0,2047,2793
12842,12842,0,2046,2299
12843,12843,0,2046,1791
12844,12844,0,2047,1296
12845,12845,0,2046,847
12846,12846,0,2046,467
12847,12847,0,2047,182
12848,12848,0,2046,6
12849,12849,0,2046,0
12850,12850,0,2047,19
12851,12851,0,2046,208
12852,12852,0,2047,506
12853,12853,0,2046,894
12854,12854,0,2046,1351
12855,12855,0,2046,1848
12856,12856,0,2047,2356
12857,12857,0,2046,2846
12858,12858,0,2046,3288
12859,12859,0,2046,3655
12860,12860,0,2047,3927
12861,12861,0,2046,4086
12862,12862,0,2046,4095
12863,12863,0,2047,4038
12864,12864,0,2047,3833
12865,12865,0,2047,3522
12866,12866,0,2046,3122
12867,12867,0,2046,2658
12868,12868,0,2046,2157
12869,12869,0,2046,1649
12870,12870,0,2046,1165
12871,12871,0,2046,733
12872,12872,0,2047,377
12873,12873,0,2046,120
12874,12874,0,2046,0
12875,12875,0,2047,0
12876,12876,0,2047,60
12877,12877,0,2046,282
12878,12878,0,2047,606
12879,12879,0,2046,1017
12880,12880,0,2046,1487
12881,12881,0,2046,1991
12882,12882,0,2047,2497
12883,12883,0,2047,2976
12884,12884,0,2046,3399
12885,12885,0,2046,3741
12886,12886,0,2046,3984
12887,12887,0,2047,4095
12888,12888,0,2047,4095
12889,12889,0,2047,3991
12890,12890,0,2046,3756
12891,12891,0,2046,3417
12892,12892,0,2047,2997
12893,12893,0,2046,2520
12894,12894,0,2047,2014
12895,12895,0,2046,1510
12896,12896,0,2047,1038
12897,12897,0,2046,624
12898,12898,0,2046,295
12899,12899,0,2046,69
12900,12900,0,2047,0
12901,12901,0,2046,0
12902,12902,0,2046,112
12903,12903,0,2046,364
12904,12904,0,2046,713
12905,12905,0,2046,1143
12906,12906,0,2047,1627
12907,12907,0,2047,2133
12908,12908,0,2046,2635
12909,12909,0,2047,3101
12910,12910,0,2047,3504
12911,12911,0,2046,3820
12912,12912,0,2046,4030
12913,12913,0,2046,4095
12914,12914,0,2046,4091
12915,12915,0,2046,3937
12916,12916,0,2046,3670
12917,12917,0,2047,3306
12918,12918,0,2047,2869
12919,12919,0,2047,2380
12920,12920,0,2047,1872
12921,12921,0,2046,1373
12922,12922,0,2047,914
12923,12923,0,2046,523
12924,12924,0,2047,221
12925,12925,0,2046,26
12926,12926,0,2047,0
12927,12927,0,2046,0
12928,12928,0,2047,171
12929,12929,0,2046,452
12930,12930,0,2047,827
12931,12931,0,2047,1274
12932,12932,0,2046,1766
12933,12933,0,2047,2275
12934,12934,0,2046,2770
12935,12935,0,2046,3221
12936,12936,0,2047,3602
12937,12937,0,2047,3891
12938,12938,0,2047,4069
12939,12939,0,2046,4095
12940,12940,0,2046,4060
12941,12941,0,2046,3874
12942,12942,0,2046,3578
12943,12943,0,2046,3191
12944,12944,0,2046,2735
12945,12945,0,2046,2239
12946,12946,0,2046,1730
12947,12947,0,2046,1240
12948,12948,0,2046,797
12949,12949,0,2047,429
12950,12950,0,2046,154
12951,12951,0,2046,0
12952,12952,0,2046,0
12953,12953,0,2046,36
12954,12954,0,2046,238
12955,12955,0,2046,548
12956,12956,0,2046,945
12957,12957,0,2046,1409
12958,12958,0,2047,1910
12959,12959,0,2047,2416
12960,12960,0,2046,2902
12961,12961,0,2047,3336
12962,12962,0,2047,3694
12963,12963,0,2046,3952
12964,12964,0,2046,4095
12965,12965,0,2046,4095
12966,12966,0,2046,4020
12967,12967,0,2047,3801
12968,12968,0,2045,3478
12969,12969,0,2046,3070
12970,12970,0,2046,2600
12971,12971,0,2047,2097
12972,12972,0,2047,1590
12973,12973,0,2047,1111
12974,12974,0,2047,685
12975,12975,0,2047,342
12976,12976,0,2046,98
12977,12977,0,2046,0
12978,12978,0,2047,0
12979,12979,0,2046,81
12980,12980,0,2046,314
12981,12981,0,2046,652
12982,12982,0,2046,1070
12983,12983,0,2046,1545
12984,12984,0,2047,2051
12985,12985,0,2047,2556
12986,12986,0,2047,3030
12987,12987,0,2047,3444
12988,12988,0,2047,3776
12989,12989,0,2046,4005
12990,12990,0,2047,4095
12991,12991,0,2046,4095
12992,12992,0,2046,3970
12993,12993,0,2047,3720
12994,12994,0,2047,3371
12995,12995,0,2047,2943
12996,12996,0,2047,2461
12997,12997,0,2047,1954
12998,12998,0,2046,1452
12999,12999,0,2046,985
13000,13000,0,2047,581
13001,13001,0,2046,262
13002,13002,0,2047,49
13003,13003,0,2046,0
13004,13004,0,2046,0
13005,13005,0,2046,135
13006,13006,0,2047,400
13007,13007,0,2047,761
13008,13008,0,2046,1199
13009,13009,0,2047,1686
13010,13010,0,2046,2194
13011,13011,0,2047,2693
13012,13012,0,2047,3153
13013,13013,0,2046,3547
13014,13014,0,2046,3851
13015,13015,0,2046,4049
13016,13016,0,2046,4095
13017,13017,0,2047,4079
13018,13018,0,2046,3911
13019,13019,0,2047,3632
13020,13020,0,2047,3259
13021,13021,0,2047,2812
13022,13022,0,2047,2321
13023,13023,0,2047,1812
13024,13024,0,2046,1317
13025,13025,0,2046,864
13026,13026,0,2046,481
13027,13027,0,2046,192
13028,13028,0,2046,11
13029,13029,0,2047,0
13030,13030,0,2046,14
13031,13031,0,2046,199
13032,13032,0,2046,492
13033,13033,0,2046,877
13034,13034,0,2047,1331
13035,13035,0,2047,1827
13036,13036,0,2047,2335
13037,13037,0,2046,2827
13038,13038,0,2046,3271
13039,13039,0,2046,3642
13040,13040,0,2046,3918
13041,13041,0,2046,4083
13042,13042,0,2046,4095
13043,13043,0,2046,4043
13044,13044,0,2047,3843
13045,13045,0,2046,3536
13046,13046,0,2047,3140
13047,13047,0,2046,2678
13048,13048,0,2047,2178
13049,13049,0,2046,1671
13050,13050,0,2047,1184
13051,13051,0,2046,749
13052,13052,0,2046,390
13053,13053,0,2046,129
13054,13054,0,2046,0
13055,13055,0,2046,0
13056,13056,0,2046,54
13057,13057,0,2046,270
13058,13058,0,2046,591
13059,13059,0,2046,998
13060,13060,0,2046,1466
13061,13061,0,2046,1970
13062,13062,0,2047,2476
13063,13063,0,2046,2958
13064,13064,0,2046,3383
13065,13065,0,2046,3730
13066,13066,0,2046,3975
13067,13067,0,2046,4095
13068,13068,0,2046,4095
13069,13069,0,2046,3999
13070,13070,0,2046,3768
13071,13071,0,2046,3432
13072,13072,0,2047,3016
13073,13073,0,2046,2541
13074,13074,0,2046,2036
13075,13075,0,2046,1531
13076,13076,0,2046,1057
13077,13077,0,2047,639
13078,13078,0,2046,307
13079,13079,0,2047,76
13080,13080,0,2047,0
13081,13081,0,2046,0
13082,13082,0,2047,104
13083,13083,0,2046,350
13084,13084,0,2046,696
13085,13085,0,2046,1124
13086,13086,0,2046,1605
13087,13087,0,2046,2112
13088,13088,0,2046,2614
13089,13089,0,2046,3082
13090,13090,0,2046,3489
13091,13091,0,2047,3810
13092,13092,0,2047,4025
13093,13093,0,2046,4095
13094,13094,0,2046,4094
13095,13095,0,2046,3946
13096,13096,0,2046,3683
13097,13097,0,2046,3324
13098,13098,0,2046,2888
13099,13099,0,2047,2401
13100,13100,0,2047,1893
13101,13101,0,2046,1394
13102,13102,0,2046,932
13103,13103,0,2046,537
13104,13104,0,2046,230
13105,13105,0,2046,32
13106,13106,0,2047,0
13107,13107,0,2046,0
13108,13108,0,2047,162
13109,13109,0,2047,437
13110,13110,0,2046,809
13111,13111,0,2046,1254
13112,13112,0,2047,1745
13113,13113,0,2046,2254
13114,13114,0,2046,2750
13115,13115,0,2047,3204
13116,13116,0,2047,3589
13117,13117,0,2046,3881
13118,13118,0,2046,4063
13119,13119,0,2046,4095
13120,13120,0,2047,4065
13121,13121,0,2046,3883
13122,13122,0,2047,3593
13123,13123,0,2047,3208
13124,13124,0,2047,2756
13125,13125,0,2047,2260
13126,13126,0,2046,1751
13127,13127,0,2046,1260
13128,13128,0,2046,814
13129,13129,0,2047,442
13130,13130,0,2046,164
13131,13131,0,2047,0
13132,13132,0,2047,0
13133,13133,0,2046,30
13134,13134,0,2046,227
13135,13135,0,2047,533
13136,13136,0,2046,928
13137,13137,0,2047,1389
13138,13138,0,2046,1887
13139,13139,0,2047,2395
13140,13140,0,2046,2882
13141,13141,0,2047,3319
13142,13142,0,2045,3680
13143,13143,0,2046,3943
13144,13144,0,2046,4094
13145,13145,0,2046,4095
13146,13146,0,2046,4026
13147,13147,0,2046,3811
13148,13148,0,2046,3493
13149,13149,0,2046,3088
13150,13150,0,2047,2621
13151,13151,0,2046,2117
13152,13152,0,2047,1610
13153,13153,0,2047,1129
13154,13154,0,2046,702
13155,13155,0,2047,354
13156,13156,0,2046,104
13157,13157,0,2046,0
13158,13158,0,2047,0
13159,13159,0,2046,75
13160,13160,0,2046,303
13161,13161,0,2047,636
13162,13162,0,2046,1051
13163,13163,0,2046,1525
13164,13164,0,2046,2029
13165,13165,0,2046,2535
13166,13166,0,2046,3011
13167,13167,0,2047,3429
13168,13168,0,2046,3764
13169,13169,0,2046,3997
13170,13170,0,2047,4095
13171,13171,0,2046,4095
13172,13172,0,2047,3977
13173,13173,0,2046,3732
13174,13174,0,2046,3387
13175,13175,0,2047,2962
13176,13176,0,2047,2481
13177,13177,0,2046,1975
13178,13178,0,2046,1473
13179,13179,0,2046,1004
13180,13180,0,2046,596
13181,13181,0,2046,273
13182,13182,0,2046,56
13183,13183,0,2046,0
13184,13184,0,2046,0
13185,13185,0,2047,127
13186,13186,0,2046,386
13187,13187,0,2047,744
13188,13188,0,2046,1179
13189,13189,0,2046,1664
13190,13190,0,2046,2173
13191,13191,0,2047,2672
13192,13192,0,2046,3134
13193,13193,0,2046,3532
13194,13194,0,2046,3840
13195,13195,0,2047,4042
13196,13196,0,2046,4095
13197,13197,0,2046,4083
13198,13198,0,2046,3921
13199,13199,0,2046,3646
13200,13200,0,2047,3275
13201,13201,0,2046,2832
13202,13202,0,2046,2341
13203,13203,0,2046,1833
13204,13204,0,2047,1336
13205,13205,0,2046,881
13206,13206,0,2047,496
13207,13207,0,2047,201
13208,13208,0,2046,16
13209,13209,0,2047,0
13210,13210,0,2046,9
13211,13211,0,2046,189
13212,13212,0,2046,477
13213,13213,0,2046,859
13214,13214,0,2047,1311
13215,13215,0,2046,1806
13216,13216,0,2046,2315
13217,13217,0,2046,2807
13218,13218,0,2047,3254
13219,13219,0,2046,3628
13220,13220,0,2047,3908
13221,13221,0,2047,4078
13222,13222,0,2047,4095
13223,13223,0,2047,4050
13224,13224,0,2046,3854
13225,13225,0,2046,3551
13226,13226,0,2046,3158
13227,13227,0,2046,2698
13228,13228,0,2047,2200
13229,13229,0,2047,1692
13230,13230,0,2046,1204
13231,13231,0,2046,766
13232,13232,0,2047,403
13233,13233,0,2047,138
13234,13234,0,2047,0
13235,13235,0,2046,0
13236,13236,0,2046,47
13237,13237,0,2047,259
13238,13238,0,2047,576
13239,13239,0,2047,980
13240,13240,0,2046,1446
13241,13241,0,2046,1948
13242,13242,0,2046,2455
13243,13243,0,2046,2939
13244,13244,0,2046,3367
13245,13245,0,2046,3717
13246,13246,0,2046,3967
13247,13247,0,2047,4095
13248,13248,0,2046,4095
13249,13249,0,2046,4006
13250,13250,0,2047,3780
13251,13251,0,2047,3448
13252,13252,0,2046,3035
13253,13253,0,2046,2562
13254,13254,0,2047,2057
13255,13255,0,2046,1552
13256,13256,0,2046,1075
13257,13257,0,2046,655
13258,13258,0,2047,319
13259,13259,0,2047,83
13260,13260,0,2047,0
13261,13261,0,2047,0
13262,13262,0,2047,96
13263,13263,0,2046,338
13264,13264,0,2047,681
13265,13265,0,2047,1105
13266,13266,0,2047,1584
13267,13267,0,2046,2090
13268,13268,0,2046,2593
13269,13269,0,2046,3064
13270,13270,0,2046,3474
13271,13271,0,2046,3798
13272,13272,0,2046,4018
13273,13273,0,2047,4095
13274,13274,0,2046,4095
13275,13275,0,2047,3955
13276,13276,0,2046,3696
13277,13277,0,2046,3340
13278,13278,0,2047,2907
13279,13279,0,2046,2422
13280,13280,0,2046,1915
13281,13281,0,2046,1414
13282,13282,0,2046,951
13283,13283,0,2046,553
13284,13284,0,2046,241
13285,13285,0,2047,37
13286,13286,0,2046,0
13287,13287,0,2047,0
13288,13288,0,2046,152
13289,13289,0,2047,424
13290,13290,0,2047,792
13291,13291,0,2046,1234
13292,13292,0,2046,1724
13293,13293,0,2046,2233
13294,13294,0,2046,2730
13295,13295,0,2047,3185
13296,13296,0,2047,3574
13297,13297,0,2046,3870
13298,13298,0,2046,4059
13299,13299,0,2046,4095
13300,13300,0,2047,4070
13301,13301,0,2046,3893
13302,13302,0,2046,3606
13303,13303,0,2047,3226
13304,13304,0,2047,2776
13305,13305,0,2046,2281
13306,13306,0,2046,1773
13307,13307,0,2046,1280
13308,13308,0,2046,832
13309,13309,0,2046,456
13310,13310,0,2047,173
13311,13311,0,2046,2
13312,13312,0,2047,0
13313,13313,0,2046,24
13314,13314,0,2046,217
13315,13315,0,2047,518
13316,13316,0,2047,910
13317,13317,0,2046,1368
13318,13318,0,2047,1866
13319,13319,0,2046,2374
13320,13320,0,2047,2863
13321,13321,0,2046,3303
13322,13322,0,2047,3667
13323,13323,0,2046,3934
13324,13324,0,2046,4090
13325,13325,0,2047,4095
13326,13326,0,2046,4033
13327,13327,0,2046,3823
13328,13328,0,2047,3508
13329,13329,0,2047,3106
13330,13330,0,2046,2641
13331,13331,0,2046,2139
13332,13332,0,2046,1632
13333,13333,0,2047,1148
13334,13334,0,2046,719
13335,13335,0,2046,367
13336,13336,0,2046,114
13337,13337,0,2046,0
13338,13338,0,2047,0
13339,13339,0,2046,67
13340,13340,0,2046,291
13341,13341,0,2046,620
13342,13342,0,2046,1032
13343,13343,0,2047,1504
13344,13344,0,2046,2008
13345,13345,0,2047,2514
13346,13346,0,2047,2992
13347,13347,0,2046,3413
13348,13348,0,2046,3752
13349,13349,0,2046,3990
13350,13350,0,2046,4095
13351,13351,0,2047,4095
13352,13352,0,2046,3986
13353,13353,0,2046,3745
13354,13354,0,2046,3403
13355,13355,0,2047,2981
13356,13356,0,2047,2503
13357,13357,0,2047,1996
13358,13358,0,2046,1492
13359,13359,0,2046,1021
13360,13360,0,2046,612
13361,13361,0,2046,285
13362,13362,0,2046,63
13363,13363,0,2046,0
13364,13364,0,2046,0
13365,13365,0,2046,119
13366,13366,0,2047,373
13367,13367,0,2047,727
13368,13368,0,2047,1160
13369,13369,0,2047,1644
13370,13370,0,2046,2152
13371,13371,0,2047,2652
13372,13372,0,2046,3116
13373,13373,0,2046,3516
13374,13374,0,2047,3830
13375,13375,0,2047,4036
13376,13376,0,2047,4095
13377,13377,0,2047,4088
13378,13378,0,2046,3930
13379,13379,0,2047,3658
13380,13380,0,2047,3293
13381,13381,0,2047,2852
13382,13382,0,2047,2362
13383,13383,0,2046,1854
13384,13384,0,2047,1356
13385,13385,0,2046,899
13386,13386,0,2047,510
13387,13387,0,2047,211
13388,13388,0,2046,22
13389,13389,0,2047,0
13390,13390,0,2047,4
13391,13391,0,2046,179
13392,13392,0,2047,464
13393,13393,0,2046,841
13394,13394,0,2047,1291
13395,13395,0,2046,1784
13396,13396,0,2047,2293
13397,13397,0,2046,2787
13398,13398,0,2047,3236
13399,13399,0,2046,3614
13400,13400,0,2047,3899
13401,13401,0,2046,4073
13402,13402,0,2046,4095
13403,13403,0,2047,4055
13404,13404,0,2047,3865
13405,13405,0,2047,3566
13406,13406,0,2046,3175
13407,13407,0,2046,2718
13408,13408,0,2047,2222
13409,13409,0,2046,1713
13410,13410,0,2047,1223
13411,13411,0,2046,783
13412,13412,0,2047,417
13413,13413,0,2046,147
13414,13414,0,2047,0
13415,13415,0,2046,0
13416,13416,0,2046,41
13417,13417,0,2047,248
13418,13418,0,2047,560
13419,13419,0,2046,961
13420,13420,0,2047,1426
13421,13421,0,2047,1927
13422,13422,0,2047,2435
13423,13423,0,2046,2919
13424,13424,0,2046,3350
13425,13425,0,2047,3704
13426,13426,0,2046,3959
13427,13427,0,2046,4095
13428,13428,0,2046,4095
13429,13429,0,2046,4014
13430,13430,0,2047,3791
13431,13431,0,2046,3464
13432,13432,0,2046,3053
13433,13433,0,2047,2582
13434,13434,0,2046,2078
13435,13435,0,2046,1572
13436,13436,0,2046,1093
13437,13437,0,2046,672
13438,13438,0,2046,331
13439,13439,0,2047,91
13440,13440,0,2047,0
13441,13441,0,2047,0
13442,13442,0,2046,87
13443,13443,0,2046,325
13444,13444,0,2047,665
13445,13445,0,2046,1086
13446,13446,0,2046,1563
13447,13447,0,2047,2069
13448,13448,0,2046,2573
13449,13449,0,2046,3046
13450,13450,0,2046,3458
13451,13451,0,2047,3787
13452,13452,0,2046,4011
13453,13453,0,2046,4095
13454,13454,0,2047,4095
13455,13455,0,2046,3963
13456,13456,0,2047,3710
13457,13457,0,2046,3357
13458,13458,0,2046,2927
13459,13459,0,2046,2444
13460,13460,0,2046,1936
13461,13461,0,2046,1435
13462,13462,0,2047,969
13463,13463,0,2046,568
13464,13464,0,2046,253
13465,13465,0,2047,44
13466,13466,0,2046,0
13467,13467,0,2046,0
13468,13468,0,2046,143
13469,13469,0,2046,411
13470,13470,0,2046,776
13471,13471,0,2047,1215
13472,13472,0,2047,1704
13473,13473,0,2046,2212
13474,13474,0,2046,2710
13475,13475,0,2047,3168
13476,13476,0,2047,3559
13477,13477,0,2047,3860
13478,13478,0,2047,4053
13479,13479,0,2046,4095
13480,13480,0,2047,4075
13481,13481,0,2046,3903
13482,13482,0,2046,3620
13483,13483,0,2046,3243
13484,13484,0,2046,2796
13485,13485,0,2046,2303
13486,13486,0,2046,1794
13487,13487,0,2046,1300
13488,13488,0,2047,849
13489,13489,0,2046,470
13490,13490,0,2047,184
13491,13491,0,2047,7
13492,13492,0,2046,0
13493,13493,0,2046,19
13494,13494,0,2046,207
13495,13495,0,2047,504
13496,13496,0,2046,892
13497,13497,0,2046,1348
13498,13498,0,2046,1845
13499,13499,0,2047,2354
13500,13500,0,2047,2844
13501,13501,0,2046,3285
13502,13502,0,2047,3654
13503,13503,0,2046,3925
13504,13504,0,2047,4086
13505,13505,0,2047,4095
13506,13506,0,2046,4039
13507,13507,0,2046,3834
13508,13508,0,2047,3523
13509,13509,0,2047,3124
13510,13510,0,2047,2661
13511,13511,0,2046,2159
13512,13512,0,2046,1653
13513,13513,0,2046,1168
13514,13514,0,2046,735
13515,13515,0,2047,379
13516,13516,0,2047,121
13517,13517,0,2047,0
13518,13518,0,2047,0
13519,13519,0,2047,60
13520,13520,0,2047,280
13521,13521,0,2046,604
13522,13522,0,2047,1014
13523,13523,0,2047,1485
13524,13524,0,2047,1988
13525,13525,0,2047,2494
13526,13526,0,2047,2973
13527,13527,0,2047,3397
13528,13528,0,2046,3741
13529,13529,0,2047,3982
13530,13530,0,2046,4095
13531,13531,0,2046,4095
13532,13532,0,2047,3993
13533,13533,0,2046,3757
13534,13534,0,2047,3420
13535,13535,0,2046,3000
13536,13536,0,2046,2524
13537,13537,0,2046,2018
13538,13538,0,2046,1514
13539,13539,0,2047,1040
13540,13540,0,2046,626
13541,13541,0,2046,297
13542,13542,0,2047,70
13543,13543,0,2046,0
13544,13544,0,2046,0
13545,13545,0,2047,110
13546,13546,0,2047,361
13547,13547,0,2047,711
13548,13548,0,2047,1140
13549,13549,0,2046,1622
13550,13550,0,2047,2129
13551,13551,0,2047,2632
13552,13552,0,2046,3099
13553,13553,0,2047,3502
13554,13554,0,2047,3819
13555,13555,0,2046,4030
13556,13556,0,2047,4095
13557,13557,0,2046,4092
13558,13558,0,2047,3938
13559,13559,0,2046,3672
13560,13560,0,2047,3309
13561,13561,0,2047,2871
13562,13562,0,2047,2382
13563,13563,0,2046,1875
13564,13564,0,2047,1377
13565,13565,0,2046,917
13566,13566,0,2047,524
13567,13567,0,2047,221
13568,13568,0,2047,27
13569,13569,0,2046,0
13570,13570,0,2047,0
13571,13571,0,2046,168
13572,13572,0,2046,450
13573,13573,0,2047,824
13574,13574,0,2046,1271
13575,13575,0,2047,1764
13576,13576,0,2046,2272
13577,13577,0,2046,2767
13578,13578,0,2047,3218
13579,13579,0,2046,3600
13580,13580,0,2047,3889
13581,13581,0,2047,4068
13582,13582,0,2047,4095
13583,13583,0,2047,4061
13584,13584,0,2046,3875
13585,13585,0,2046,3579
13586,13586,0,2046,3193
13587,13587,0,2046,2739
13588,13588,0,2047,2243
13589,13589,0,2047,1734
13590,13590,0,2047,1243
13591,13591,0,2046,800
13592,13592,0,2047,430
13593,13593,0,2046,156
13594,13594,0,2046,0
13595,13595,0,2047,0
13596,13596,0,2047,35
13597,13597,0,2046,237
13598,13598,0,2047,546
13599,13599,0,2046,943
13600,13600,0,2046,1405
13601,13601,0,2046,1905
13602,13602,0,2047,2414
13603,13603,0,2046,2899
13604,13604,0,2046,3334
13605,13605,0,2047,3691
13606,13606,0,2047,3950
13607,13607,0,2047,4095
13608,13608,0,2047,4095
13609,13609,0,2046,4020
13610,13610,0,2046,3803
13611,13611,0,2047,3480
13612,13612,0,2046,3072
13613,13613,0,2046,2603
13614,13614,0,2046,2100
13615,13615,0,2047,1594
13616,13616,0,2046,1114
13617,13617,0,2047,688
13618,13618,0,2046,343
13619,13619,0,2046,99
13620,13620,0,2046,0
13621,13621,0,2047,0
13622,13622,0,2046,80
13623,13623,0,2047,312
13624,13624,0,2047,649
13625,13625,0,2047,1067
13626,13626,0,2047,1543
13627,13627,0,2046,2048
13628,13628,0,2047,2553
13629,13629,0,2046,3027
13630,13630,0,2047,3442
13631,13631,0,2047,3774
13632,13632,0,2046,4003
13633,13633,0,2047,4095
13634,13634,0,2046,4095
13635,13635,0,2046,3971
13636,13636,0,2047,3722
13637,13637,0,2046,3374
13638,13638,0,2047,2946
13639,13639,0,2046,2463
13640,13640,0,2046,1957
13641,13641,0,2046,1455
13642,13642,0,2047,988
13643,13643,0,2046,583
13644,13644,0,2047,264
13645,13645,0,2047,50
13646,13646,0,2047,0
13647,13647,0,2047,0
13648,13648,0,2047,134
13649,13649,0,2047,398
13650,13650,0,2047,759
13651,13651,0,2047,1195
13652,13652,0,2047,1682
13653,13653,0,2047,2190
13654,13654,0,2047,2690
13655,13655,0,2046,3150
13656,13656,0,2046,3545
13657,13657,0,2047,3850
13658,13658,0,2046,4047
13659,13659,0,2047,4095
13660,13660,0,2047,4080
13661,13661,0,2046,3912
13662,13662,0,2046,3634
13663,13663,0,2046,3261
13664,13664,0,2047,2815
13665,13665,0,2047,2324
13666,13666,0,2047,1816
13667,13667,0,2046,1320
13668,13668,0,2047,867
13669,13669,0,2047,484
13670,13670,0,2047,193
13671,13671,0,2046,11
13672,13672,0,2047,0
13673,13673,0,2046,13
13674,13674,0,2047,198
13675,13675,0,2047,489
13676,13676,0,2047,874
13677,13677,0,2046,1328
13678,13678,0,2047,1824
13679,13679,0,2047,2332
13680,13680,0,2046,2824
13681,13681,0,2046,3268
13682,13682,0,2046,3640
13683,13683,0,2047,3917
13684,13684,0,2046,4082
13685,13685,0,2047,4095
13686,13686,0,2046,4045
13687,13687,0,2047,3846
13688,13688,0,2047,3538
13689,13689,0,2046,3142
13690,13690,0,2047,2682
13691,13691,0,2047,2181
13692,13692,0,2046,1674
13693,13693,0,2047,1188
13694,13694,0,2046,752
13695,13695,0,2046,392
13696,13696,0,2046,130
13697,13697,0,2046,0
13698,13698,0,2046,0
13699,13699,0,2047,53
13700,13700,0,2047,268
13701,13701,0,2047,588
13702,13702,0,2047,995
13703,13703,0,2047,1463
13704,13704,0,2047,1966
13705,13705,0,2046,2473
13706,13706,0,2047,2954
13707,13707,0,2047,3380
13708,13708,0,2046,3728
13709,13709,0,2046,3975
13710,13710,0,2046,4095
13711,13711,0,2047,4095
13712,13712,0,2047,4000
13713,13713,0,2047,3770
13714,13714,0,2046,3436
13715,13715,0,2046,3019
13716,13716,0,2047,2544
13717,13717,0,2046,2039
13718,13718,0,2047,1534
13719,13719,0,2046,1059
13720,13720,0,2047,643
13721,13721,0,2046,308
13722,13722,0,2047,77
13723,13723,0,2046,0
13724,13724,0,2046,0
13725,13725,0,2047,102
13726,13726,0,2047,348
13727,13727,0,2047,694
13728,13728,0,2047,1121
13729,13729,0,2047,1602
13730,13730,0,2046,2109
13731,13731,0,2046,2611
13732,13732,0,2047,3079
13733,13733,0,2046,3486
13734,13734,0,2046,3808
13735,13735,0,2046,4023
13736,13736,0,2046,4095
13737,13737,0,2047,4095
13738,13738,0,2046,3948
13739,13739,0,2047,3686
13740,13740,0,2046,3327
13741,13741,0,2046,2891
13742,13742,0,2047,2405
13743,13743,0,2046,1897
13744,13744,0,2047,1397
13745,13745,0,2046,936
13746,13746,0,2047,540
13747,13747,0,2047,233
13748,13748,0,2047,33
13749,13749,0,2046,0
13750,13750,0,2047,0
13751,13751,0,2046,160
13752,13752,0,2046,436
13753,13753,0,2047,807
13754,13754,0,2046,1251
13755,13755,0,2047,1742
13756,13756,0,2047,2251
13757,13757,0,2046,2747
13758,13758,0,2047,3201
13759,13759,0,2047,3586
13760,13760,0,2047,3879
13761,13761,0,2046,4063
13762,13762,0,2046,4095
13763,13763,0,2047,4066
13764,13764,0,2047,3884
13765,13765,0,2046,3594
13766,13766,0,2046,3211
13767,13767,0,2046,2759
13768,13768,0,2047,2263
13769,13769,0,2047,1754
13770,13770,0,2046,1264
13771,13771,0,2046,817
13772,13772,0,2047,444
13773,13773,0,2047,166
13774,13774,0,2046,0
13775,13775,0,2046,0
13776,13776,0,2046,29
13777,13777,0,2046,227
13778,13778,0,2046,531
13779,13779,0,2047,925
13780,13780,0,2047,1385
13781,13781,0,2046,1884
13782,13782,0,2047,2392
13783,13783,0,2046,2880
13784,13784,0,2046,3316
13785,13785,0,2046,3678
13786,13786,0,2046,3942
13787,13787,0,2047,4094
13788,13788,0,2046,4095
13789,13789,0,2047,4027
13790,13790,0,2046,3813
13791,13791,0,2046,3496
13792,13792,0,2047,3091
13793,13793,0,2047,2623
13794,13794,0,2047,2121
13795,13795,0,2046,1614
13796,13796,0,2047,1132
13797,13797,0,2047,705
13798,13798,0,2047,356
13799,13799,0,2046,107
13800,13800,0,2046,0
13801,13801,0,2047,0
13802,13802,0,2047,72
13803,13803,0,2046,301
13804,13804,0,2047,633
13805,13805,0,2047,1048
13806,13806,0,2047,1522
13807,13807,0,2047,2027
13808,13808,0,2047,2532
13809,13809,0,2047,3008
13810,13810,0,2046,3426
13811,13811,0,2046,3763
13812,13812,0,2047,3996
13813,13813,0,2046,4095
13814,13814,0,2047,4095
13815,13815,0,2047,3980
13816,13816,0,2046,3735
13817,13817,0,2046,3390
13818,13818,0,2047,2965
13819,13819,0,2047,2486
13820,13820,0,2046,1979
13821,13821,0,2047,1476
13822,13822,0,2046,1006
13823,13823,0,2047,598
13824,13824,0,2047,275
13825,13825,0,2046,57
13826,13826,0,2046,0
13827,13827,0,2046,0
13828,13828,0,2047,126
13829,13829,0,2047,385
13830,13830,0,2047,742
13831,13831,0,2047,1176
13832,13832,0,2047,1662
13833,13833,0,2046,2169
13834,13834,0,2047,2669
13835,13835,0,2046,3132
13836,13836,0,2046,3530
13837,13837,0,2047,3839
13838,13838,0,2047,4042
13839,13839,0,2046,4095
13840,13840,0,2046,4084
13841,13841,0,2047,3922
13842,13842,0,2047,3648
13843,13843,0,2046,3278
13844,13844,0,2046,2835
13845,13845,0,2047,2345
13846,13846,0,2046,1836
13847,13847,0,2047,1340
13848,13848,0,2046,884
13849,13849,0,2046,498
13850,13850,0,2047,203
13851,13851,0,2046,16
13852,13852,0,2046,0
13853,13853,0,2047,9
13854,13854,0,2046,187
13855,13855,0,2046,475
13856,13856,0,2046,856
13857,13857,0,2047,1308
13858,13858,0,2046,1802
13859,13859,0,2046,2311
13860,13860,0,2047,2804
13861,13861,0,2047,3252
13862,13862,0,2047,3626
13863,13863,0,2047,3907
13864,13864,0,2046,4077
13865,13865,0,2046,4095
13866,13866,0,2046,4051
13867,13867,0,2047,3856
13868,13868,0,2046,3553
13869,13869,0,2046,3160
13870,13870,0,2047,2701
13871,13871,0,2047,2204
13872,13872,0,2046,1695
13873,13873,0,2047,1207
13874,13874,0,2046,769
13875,13875,0,2047,405
13876,13876,0,2046,140
13877,13877,0,2046,0
13878,13878,0,2047,0
13879,13879,0,2047,47
13880,13880,0,2047,257
13881,13881,0,2047,574
13882,13882,0,2047,977
13883,13883,0,2047,1443
13884,13884,0,2046,1944
13885,13885,0,2047,2452
13886,13886,0,2046,2935
13887,13887,0,2047,3364
13888,13888,0,2047,3715
13889,13889,0,2047,3966
13890,13890,0,2046,4095
13891,13891,0,2046,4095
13892,13892,0,2047,4008
13893,13893,0,2047,3781
13894,13894,0,2047,3451
13895,13895,0,2046,3037
13896,13896,0,2046,2565
13897,13897,0,2046,2060
13898,13898,0,2047,1555
13899,13899,0,2047,1078
13900,13900,0,2047,659
13901,13901,0,2047,320
13902,13902,0,2047,84
13903,13903,0,2047,0
13904,13904,0,2046,0
13905,13905,0,2047,95
13906,13906,0,2047,336
13907,13907,0,2046,678
13908,13908,0,2047,1101
13909,13909,0,2046,1580
13910,13910,0,2047,2087
13911,13911,0,2046,2590
13912,13912,0,2046,3061
13913,13913,0,2047,3471
13914,13914,0,2047,3797
13915,13915,0,2047,4016
13916,13916,0,2047,4095
13917,13917,0,2046,4095
13918,13918,0,2047,3955
13919,13919,0,2046,3699
13920,13920,0,2047,3343
13921,13921,0,2046,2910
13922,13922,0,2046,2425
13923,13923,0,2046,1918
13924,13924,0,2047,1417
13925,13925,0,2047,955
13926,13926,0,2046,555
13927,13927,0,2047,243
13928,13928,0,2047,39
13929,13929,0,2046,0
13930,13930,0,2046,0
13931,13931,0,2046,150
13932,13932,0,2046,422
13933,13933,0,2046,790
13934,13934,0,2047,1231
13935,13935,0,2047,1721
13936,13936,0,2047,2230
13937,13937,0,2046,2727
13938,13938,0,2046,3183
13939,13939,0,2046,3571
13940,13940,0,2046,3869
13941,13941,0,2047,4057
13942,13942,0,2047,4095
13943,13943,0,2047,4071
13944,13944,0,2047,3895
13945,13945,0,2047,3609
13946,13946,0,2047,3229
13947,13947,0,2046,2778
13948,13948,0,2046,2285
13949,13949,0,2046,1776
13950,13950,0,2047,1283
13951,13951,0,2046,834
13952,13952,0,2046,457
13953,13953,0,2046,175
13954,13954,0,2047,3
13955,13955,0,2047,0
13956,13956,0,2046,23
13957,13957,0,2047,216
13958,13958,0,2046,516
13959,13959,0,2046,907
13960,13960,0,2046,1365
13961,13961,0,2046,1863
13962,13962,0,2047,2371
13963,13963,0,2046,2859
13964,13964,0,2047,3299
13965,13965,0,2047,3665
13966,13966,0,2047,3933
13967,13967,0,2047,4090
13968,13968,0,2046,4095
13969,13969,0,2047,4034
13970,13970,0,2046,3826
13971,13971,0,2047,3510
13972,13972,0,2046,3109
13973,13973,0,2046,2644
13974,13974,0,2047,2142
13975,13975,0,2046,1635
13976,13976,0,2046,1151
13977,13977,0,2046,721
13978,13978,0,2046,368
13979,13979,0,2046,115
13980,13980,0,2046,0
13981,13981,0,2046,0
13982,13982,0,2047,65
13983,13983,0,2046,289
13984,13984,0,2046,616
13985,13985,0,2046,1029
13986,13986,0,2046,1501
13987,13987,0,2047,2005
13988,13988,0,2046,2511
13989,13989,0,2046,2988
13990,13990,0,2046,3411
13991,13991,0,2047,3751
13992,13992,0,2046,3989
13993,13993,0,2046,4095
13994,13994,0,2046,4095
13995,13995,0,2046,3987
13996,13996,0,2047,3747
13997,13997,0,2046,3407
13998,13998,0,2046,2984
13999,13999,0,2047,2506
14000,14000,0,2046,2000
14001,14001,0,2047,1496
14002,14002,0,2047,1024
14003,14003,0,2046,613
14004,14004,0,2046,287
14005,14005,0,2046,64
14006,14006,0,2046,0
14007,14007,0,2046,0
14008,14008,0,2046,117
14009,14009,0,2046,372
14010,14010,0,2047,725
14011,14011,0,2046,1156
14012,14012,0,2046,1641
14013,14013,0,2046,2147
14014,14014,0,2046,2649
14015,14015,0,2046,3114
14016,14016,0,2047,3514
14017,14017,0,2047,3828
14018,14018,0,2046,4035
14019,14019,0,2046,4095
14020,14020,0,2046,4088
14021,14021,0,2047,3931
14022,14022,0,2046,3661
14023,14023,0,2046,3295
14024,14024,0,2047,2855
14025,14025,0,2046,2366
14026,14026,0,2046,1858
14027,14027,0,2047,1360
14028,14028,0,2046,902
14029,14029,0,2046,513
14030,14030,0,2047,213
14031,14031,0,2046,23
14032,14032,0,2047,0
14033,14033,0,2047,4
14034,14034,0,2047,177
14035,14035,0,2047,462
14036,14036,0,2047,839
14037,14037,0,2046,1287
14038,14038,0,2047,1782
14039,14039,0,2047,2290
14040,14040,0,2047,2783
14041,14041,0,2046,3233
14042,14042,0,2046,3613
14043,14043,0,2047,3897
14044,14044,0,2046,4072
14045,14045,0,2046,4095
14046,14046,0,2046,4056
14047,14047,0,2046,3867
14048,14048,0,2047,3568
14049,14049,0,2047,3178
14050,14050,0,2046,2721
14051,14051,0,2046,2225
14052,14052,0,2047,1716
14053,14053,0,2046,1227
14054,14054,0,2046,786
14055,14055,0,2046,419
14056,14056,0,2047,148
14057,14057,0,2046,0
14058,14058,0,2047,0
14059,14059,0,2046,41
14060,14060,0,2047,246
14061,14061,0,2046,558
14062,14062,0,2046,959
14063,14063,0,2047,1423
14064,14064,0,2046,1924
14065,14065,0,2046,2431
14066,14066,0,2046,2915
14067,14067,0,2047,3348
14068,14068,0,2046,3703
14069,14069,0,2046,3958
14070,14070,0,2046,4095
14071,14071,0,2046,4095
14072,14072,0,2046,4014
14073,14073,0,2047,3793
14074,14074,0,2046,3467
14075,14075,0,2047,3057
14076,14076,0,2047,2585
14077,14077,0,2047,2082
14078,14078,0,2046,1576
14079,14079,0,2046,1097
14080,14080,0,2046,674
14081,14081,0,2046,333
14082,14082,0,2046,92
14083,14083,0,2046,0
14084,14084,0,2046,0
14085,14085,0,2046,86
14086,14086,0,2046,323
14087,14087,0,2046,662
14088,14088,0,2046,1083
14089,14089,0,2047,1560
14090,14090,0,2046,2066
14091,14091,0,2046,2570
14092,14092,0,2046,3043
14093,14093,0,2046,3456
14094,14094,0,2047,3784
14095,14095,0,2046,4009
14096,14096,0,2047,4095
14097,14097,0,2047,4095
14098,14098,0,2046,3964
14099,14099,0,2047,3711
14100,14100,0,2046,3359
14101,14101,0,2046,2930
14102,14102,0,2047,2447
14103,14103,0,2046,1939
14104,14104,0,2047,1438
14105,14105,0,2046,972
14106,14106,0,2047,570
14107,14107,0,2047,254
14108,14108,0,2046,45
14109,14109,0,2047,0
14110,14110,0,2046,0
14111,14111,0,2046,141
14112,14112,0,2047,409
14113,14113,0,2047,773
14114,14114,0,2047,1212
14115,14115,0,2047,1701
14116,14116,0,2046,2209
14117,14117,0,2046,2707
14118,14118,0,2047,3165
14119,14119,0,2046,3557
14120,14120,0,2046,3859
14121,14121,0,2047,4052
14122,14122,0,2046,4095
14123,14123,0,2047,4076
14124,14124,0,2046,3904
14125,14125,0,2046,3623
14126,14126,0,2046,3246
14127,14127,0,2047,2799
14128,14128,0,2046,2306
14129,14129,0,2047,1797
14130,14130,0,2046,1303
14131,14131,0,2046,851
14132,14132,0,2046,472
14133,14133,0,2046,185
14134,14134,0,2046,8
14135,14135,0,2046,0
14136,14136,0,2046,18
14137,14137,0,2046,206
14138,14138,0,2047,502
14139,14139,0,2046,889
14140,14140,0,2047,1345
14141,14141,0,2047,1841
14142,14142,0,2046,2350
14143,14143,0,2046,2840
14144,14144,0,2046,3283
14145,14145,0,2046,3651
14146,14146,0,2047,3924
14147,14147,0,2046,4086
14148,14148,0,2046,4095
14149,14149,0,2047,4039
14150,14150,0,2046,3837
14151,14151,0,2046,3526
14152,14152,0,2046,3127
14153,14153,0,2046,2664
14154,14154,0,2046,2163
14155,14155,0,2047,1656
14156,14156,0,2046,1171
14157,14157,0,2047,737
14158,14158,0,2046,381
14159,14159,0,2046,123
14160,14160,0,2046,0
14161,14161,0,2046,0
14162,14162,0,2046,58
14163,14163,0,2046,279
14164,14164,0,2047,602
14165,14165,0,2047,1010
14166,14166,0,2046,1481
14167,14167,0,2046,1984
14168,14168,0,2047,2490
14169,14169,0,2046,2970
14170,14170,0,2047,3394
14171,14171,0,2046,3738
14172,14172,0,2046,3981
14173,14173,0,2046,4095
14174,14174,0,2046,4095
14175,14175,0,2046,3994
14176,14176,0,2046,3759
14177,14177,0,2046,3422
14178,14178,0,2047,3003
14179,14179,0,2046,2527
14180,14180,0,2046,2021
14181,14181,0,2046,1516
14182,14182,0,2046,1043
14183,14183,0,2046,629
14184,14184,0,2046,298
14185,14185,0,2046,71
14186,14186,0,2046,0
14187,14187,0,2046,0
14188,14188,0,2046,109
14189,14189,0,2047,359
14190,14190,0,2046,709
14191,14191,0,2046,1137
14192,14192,0,2046,1620
14193,14193,0,2047,2126
14194,14194,0,2046,2629
14195,14195,0,2046,3096
14196,14196,0,2046,3500
14197,14197,0,2046,3818
14198,14198,0,2047,4029
14199,14199,0,2046,4095
14200,14200,0,2047,4093
14201,14201,0,2046,3940
14202,14202,0,2046,3674
14203,14203,0,2047,3312
14204,14204,0,2046,2875
14205,14205,0,2047,2386
14206,14206,0,2047,1879
14207,14207,0,2046,1379
14208,14208,0,2047,920
14209,14209,0,2047,528
14210,14210,0,2046,224
14211,14211,0,2046,27
14212,14212,0,2046,0
14213,14213,0,2047,0
14214,14214,0,2047,168
14215,14215,0,2047,447
14216,14216,0,2047,822
14217,14217,0,2046,1268
14218,14218,0,2046,1760
14219,14219,0,2046,2269
14220,14220,0,2046,2765
14221,14221,0,2046,3216
14222,14222,0,2047,3598
14223,14223,0,2046,3888
14224,14224,0,2046,4067
14225,14225,0,2047,4095
14226,14226,0,2046,4062
14227,14227,0,2046,3876
14228,14228,0,2047,3582
14229,14229,0,2046,3196
14230,14230,0,2047,2741
14231,14231,0,2047,2245
14232,14232,0,2046,1736
14233,14233,0,2046,1246
14234,14234,0,2046,802
14235,14235,0,2046,432
14236,14236,0,2046,158
14237,14237,0,2046,0
14238,14238,0,2046,0
14239,14239,0,2046,34
14240,14240,0,2046,236
14241,14241,0,2047,543
14242,14242,0,2046,940
14243,14243,0,2046,1402
14244,14244,0,2047,1901
14245,14245,0,2047,2411
14246,14246,0,2046,2896
14247,14247,0,2047,3331
14248,14248,0,2046,3690
14249,14249,0,2047,3949
14250,14250,0,2046,4095
14251,14251,0,2046,4095
14252,14252,0,2046,4021
14253,14253,0,2047,3805
14254,14254,0,2046,3483
14255,14255,0,2046,3075
14256,14256,0,2046,2606
14257,14257,0,2046,2103
14258,14258,0,2046,1596
14259,14259,0,2046,1116
14260,14260,0,2046,690
14261,14261,0,2046,345
14262,14262,0,2047,100
14263,14263,0,2046,0
14264,14264,0,2047,0
14265,14265,0,2046,79
14266,14266,0,2047,312
14267,14267,0,2046,646
14268,14268,0,2047,1064
14269,14269,0,2046,1540
14270,14270,0,2046,2045
14271,14271,0,2047,2550
14272,14272,0,2046,3023
14273,14273,0,2046,3441
14274,14274,0,2046,3773
14275,14275,0,2046,4003
14276,14276,0,2046,4095
14277,14277,0,2047,4095
14278,14278,0,2047,3972
14279,14279,0,2046,3724
14280,14280,0,2047,3376
14281,14281,0,2046,2948
14282,14282,0,2046,2468
14283,14283,0,2046,1961
14284,14284,0,2047,1458
14285,14285,0,2046,990
14286,14286,0,2046,585
14287,14287,0,2046,265
14288,14288,0,2047,51
14289,14289,0,2046,0
14290,14290,0,2046,0
14291,14291,0,2046,133
14292,14292,0,2046,395
14293,14293,0,2046,756
14294,14294,0,2046,1192
14295,14295,0,2047,1679
14296,14296,0,2046,2187
14297,14297,0,2047,2686
14298,14298,0,2047,3148
14299,14299,0,2046,3542
14300,14300,0,2046,3849
14301,14301,0,2046,4047
14302,14302,0,2046,4095
14303,14303,0,2046,4081
14304,14304,0,2046,3914
14305,14305,0,2047,3637
14306,14306,0,2046,3263
14307,14307,0,2046,2818
14308,14308,0,2047,2327
14309,14309,0,2047,1818
14310,14310,0,2046,1323
14311,14311,0,2046,869
14312,14312,0,2046,485
14313,14313,0,2047,194
14314,14314,0,2046,12
14315,14315,0,2046,0
14316,14316,0,2046,13
14317,14317,0,2046,195
14318,14318,0,2046,488
14319,14319,0,2047,872
14320,14320,0,2046,1325
14321,14321,0,2046,1821
14322,14322,0,2047,2329
14323,14323,0,2046,2821
14324,14324,0,2047,3266
14325,14325,0,2047,3638
14326,14326,0,2047,3916
14327,14327,0,2047,4081
14328,14328,0,2046,4095
14329,14329,0,2046,4045
14330,14330,0,2046,3847
14331,14331,0,2046,3541
14332,14332,0,2047,3146
14333,14333,0,2046,2685
14334,14334,0,2046,2185
14335,14335,0,2047,1677
14336,14336,0,2046,1190
14337,14337,0,2046,754
14338,14338,0,2046,394
14339,14339,0,2046,132
14340,14340,0,2047,0
14341,14341,0,2047,0
14342,14342,0,2046,52
14343,14343,0,2046,267
14344,14344,0,2047,586
14345,14345,0,2046,992
14346,14346,0,2047,1460
14347,14347,0,2046,1963
14348,14348,0,2046,2470
14349,14349,0,2047,2951
14350,14350,0,2046,3378
14351,14351,0,2046,3726
14352,14352,0,2046,3974
14353,14353,0,2047,4095
14354,14354,0,2046,4095
14355,14355,0,2047,4003
14356,14356,0,2047,3771
14357,14357,0,2046,3438
14358,14358,0,2046,3022
14359,14359,0,2046,2548
14360,14360,0,2047,2042
14361,14361,0,2046,1537
14362,14362,0,2046,1062
14363,14363,0,2046,645
14364,14364,0,2047,311
14365,14365,0,2047,78
14366,14366,0,2047,0
14367,14367,0,2046,0
14368,14368,0,2046,101
14369,14369,0,2046,346
14370,14370,0,2047,693
14371,14371,0,2047,1118
14372,14372,0,2046,1598
14373,14373,0,2047,2104
14374,14374,0,2047,2608
14375,14375,0,2047,3077
14376,14376,0,2046,3484
14377,14377,0,2046,3806
14378,14378,0,2046,4023
14379,14379,0,2046,4095
14380,14380,0,2047,4095
14381,14381,0,2046,3949
14382,14382,0,2046,3687
14383,14383,0,2047,3329
14384,14384,0,2047,2894
14385,14385,0,2047,2408
14386,14386,0,2046,1900
14387,14387,0,2047,1400
14388,14388,0,2046,938
14389,14389,0,2046,542
14390,14390,0,2046,235
14391,14391,0,2046,33
14392,14392,0,2047,0
14393,14393,0,2047,0
14394,14394,0,2047,159
14395,14395,0,2047,433
14396,14396,0,2046,805
14397,14397,0,2046,1248
14398,14398,0,2047,1739
14399,14399,0,2047,2248
14400,14400,0,2046,2744
14401,14401,0,2046,3199
14402,14402,0,2046,3584
14403,14403,0,2046,3878
14404,14404,0,2047,4062
14405,14405,0,2046,4095
14406,14406,0,2046,4067
14407,14407,0,2046,3886
14408,14408,0,2046,3596
14409,14409,0,2047,3214
14410,14410,0,2047,2762
14411,14411,0,2047,2266
14412,14412,0,2046,1758
14413,14413,0,2046,1265
14414,14414,0,2047,820
14415,14415,0,2046,446
14416,14416,0,2046,167
14417,14417,0,2046,0
14418,14418,0,2046,0
14419,14419,0,2046,28
14420,14420,0,2045,225
14421,14421,0,2047,529
14422,14422,0,2046,922
14423,14423,0,2046,1382
14424,14424,0,2046,1880
14425,14425,0,2047,2389
14426,14426,0,2046,2877
14427,14427,0,2047,3314
14428,14428,0,2046,3676
14429,14429,0,2047,3941
14430,14430,0,2046,4092
14431,14431,0,2046,4095
14432,14432,0,2046,4028
14433,14433,0,2046,3816
14434,14434,0,2046,3498
14435,14435,0,2047,3093
14436,14436,0,2047,2627
14437,14437,0,2047,2124
14438,14438,0,2047,1617
14439,14439,0,2046,1135
14440,14440,0,2047,707
14441,14441,0,2046,358
14442,14442,0,2046,107
14443,14443,0,2046,0
14444,14444,0,2047,0
14445,14445,0,2046,71
14446,14446,0,2046,300
14447,14447,0,2046,631
14448,14448,0,2047,1045
14449,14449,0,2047,1519
14450,14450,0,2047,2024
14451,14451,0,2046,2529
14452,14452,0,2046,3006
14453,14453,0,2047,3424
14454,14454,0,2046,3760
14455,14455,0,2047,3995
14456,14456,0,2046,4095
14457,14457,0,2046,4095
14458,14458,0,2046,3980
14459,14459,0,2046,3736
14460,14460,0,2047,3392
14461,14461,0,2046,2968
14462,14462,0,2046,2488
14463,14463,0,2046,1982
14464,14464,0,2046,1478
14465,14465,0,2046,1009
14466,14466,0,2046,601
14467,14467,0,2046,277
14468,14468,0,2046,58
14469,14469,0,2046,0
14470,14470,0,2046,0
14471,14471,0,2047,125
14472,14472,0,2046,382
14473,14473,0,2046,739
14474,14474,0,2046,1173
14475,14475,0,2046,1658
14476,14476,0,2046,2166
14477,14477,0,2046,2667
14478,14478,0,2047,3129
14479,14479,0,2047,3527
14480,14480,0,2046,3837
14481,14481,0,2046,4040
14482,14482,0,2047,4095
14483,14483,0,2046,4084
14484,14484,0,2046,3923
14485,14485,0,2046,3649
14486,14486,0,2047,3281
14487,14487,0,2046,2838
14488,14488,0,2047,2348
14489,14489,0,2047,1840
14490,14490,0,2046,1343
14491,14491,0,2046,887
14492,14492,0,2047,500
14493,14493,0,2046,204
14494,14494,0,2046,17
14495,14495,0,2046,0
14496,14496,0,2046,8
14497,14497,0,2046,185
14498,14498,0,2047,474
14499,14499,0,2047,854
14500,14500,0,2046,1304
14501,14501,0,2046,1799
14502,14502,0,2046,2308
14503,14503,0,2046,2801
14504,14504,0,2046,3249
14505,14505,0,2046,3624
14506,14506,0,2046,3906
14507,14507,0,2046,4077
14508,14508,0,2047,4095
14509,14509,0,2046,4051
14510,14510,0,2046,3857
14511,14511,0,2046,3555
14512,14512,0,2047,3163
14513,14513,0,2046,2705
14514,14514,0,2047,2206
14515,14515,0,2047,1698
14516,14516,0,2046,1210
14517,14517,0,2047,771
14518,14518,0,2046,407
14519,14519,0,2046,141
14520,14520,0,2046,0
14521,14521,0,2046,0
14522,14522,0,2046,46
14523,14523,0,2047,255
14524,14524,0,2047,571
14525,14525,0,2046,973
14526,14526,0,2046,1440
14527,14527,0,2046,1941
14528,14528,0,2046,2449
14529,14529,0,2046,2932
14530,14530,0,2047,3362
14531,14531,0,2046,3713
14532,14532,0,2046,3964
14533,14533,0,2046,4095
14534,14534,0,2046,4095
14535,14535,0,2046,4008
14536,14536,0,2047,3783
14537,14537,0,2046,3454
14538,14538,0,2047,3040
14539,14539,0,2046,2568
14540,14540,0,2047,2063
14541,14541,0,2047,1558
14542,14542,0,2046,1081
14543,14543,0,2046,660
14544,14544,0,2046,322
14545,14545,0,2046,85
14546,14546,0,2047,0
14547,14547,0,2046,0
14548,14548,0,2046,93
14549,14549,0,2046,333
14550,14550,0,2046,675
14551,14551,0,2046,1099
14552,14552,0,2046,1578
14553,14553,0,2046,2084
14554,14554,0,2046,2587
14555,14555,0,2046,3059
14556,14556,0,2046,3469
14557,14557,0,2046,3794
14558,14558,0,2047,4015
14559,14559,0,2046,4095
14560,14560,0,2046,4095
14561,14561,0,2047,3957
14562,14562,0,2047,3701
14563,14563,0,2046,3346
14564,14564,0,2046,2913
14565,14565,0,2047,2429
14566,14566,0,2047,1921
14567,14567,0,2046,1421
14568,14568,0,2046,957
14569,14569,0,2046,557
14570,14570,0,2046,246
14571,14571,0,2046,40
14572,14572,0,2046,0
14573,14573,0,2046,0
14574,14574,0,2045,149
14575,14575,0,2046,420
14576,14576,0,2046,787
14577,14577,0,2046,1228
14578,14578,0,2046,1718
14579,14579,0,2047,2227
14580,14580,0,2046,2724
14581,14581,0,2046,3181
14582,14582,0,2047,3569
14583,14583,0,2046,3868
14584,14584,0,2046,4056
14585,14585,0,2046,4095
14586,14586,0,2046,4072
14587,14587,0,2047,3896
14588,14588,0,2046,3611
14589,14589,0,2047,3232
14590,14590,0,2047,2782
14591,14591,0,2046,2288
14592,14592,0,2046,1778
14593,14593,0,2046,1286
14594,14594,0,2046,837
14595,14595,0,2046,460
14596,14596,0,2047,176
14597,14597,0,2046,3
14598,14598,0,2046,0
14599,14599,0,2046,22
14600,14600,0,2046,215
14601,14601,0,2047,514
14602,14602,0,2047,904
14603,14603,0,2046,1362
14604,14604,0,2047,1860
14605,14605,0,2046,2368
14606,14606,0,2046,2856
14607,14607,0,2046,3297
14608,14608,0,2047,3663
14609,14609,0,2046,3932
14610,14610,0,2046,4088
14611,14611,0,2047,4095
14612,14612,0,2047,4034
14613,14613,0,2047,3827
14614,14614,0,2046,3513
14615,14615,0,2046,3112
14616,14616,0,2047,2647
14617,14617,0,2046,2145
14618,14618,0,2047,1638
14619,14619,0,2046,1155
14620,14620,0,2047,724
14621,14621,0,2046,370
14622,14622,0,2046,116
14623,14623,0,2046,0
14624,14624,0,2047,0
14625,14625,0,2046,64
14626,14626,0,2046,288
14627,14627,0,2047,616
14628,14628,0,2047,1027
14629,14629,0,2047,1499
14630,14630,0,2047,2002
14631,14631,0,2047,2508
14632,14632,0,2047,2986
14633,14633,0,2046,3408
14634,14634,0,2046,3748
14635,14635,0,2046,3987
14636,14636,0,2047,4095
14637,14637,0,2046,4095
14638,14638,0,2047,3988
14639,14639,0,2046,3749
14640,14640,0,2046,3408
14641,14641,0,2047,2986
14642,14642,0,2046,2510
14643,14643,0,2047,2003
14644,14644,0,2047,1500
14645,14645,0,2046,1027
14646,14646,0,2046,616
14647,14647,0,2046,289
14648,14648,0,2046,65
14649,14649,0,2046,0
14650,14650,0,2047,0
14651,14651,0,2047,116
14652,14652,0,2047,370
14653,14653,0,2047,723
14654,14654,0,2046,1153
14655,14655,0,2047,1638
14656,14656,0,2047,2145
14657,14657,0,2047,2647
14658,14658,0,2046,3111
14659,14659,0,2046,3512
14660,14660,0,2046,3826
14661,14661,0,2047,4034
14662,14662,0,2046,4095
14663,14663,0,2046,4088
14664,14664,0,2046,3933
14665,14665,0,2046,3663
14666,14666,0,2046,3297
14667,14667,0,2047,2858
14668,14668,0,2046,2369
14669,14669,0,2046,1860
14670,14670,0,2046,1363
14671,14671,0,2046,905
14672,14672,0,2046,516
14673,14673,0,2047,215
14674,14674,0,2047,23
14675,14675,0,2046,0
14676,14676,0,2047,3
14677,14677,0,2046,175
14678,14678,0,2047,459
14679,14679,0,2046,836
14680,14680,0,2046,1284
14681,14681,0,2047,1778
14682,14682,0,2046,2286
14683,14683,0,2046,2782
14684,14684,0,2047,3231
14685,14685,0,2046,3610
14686,14686,0,2047,3895
14687,14687,0,2046,4071
14688,14688,0,2046,4095
14689,14689,0,2045,4057
14690,14690,0,2046,3868
14691,14691,0,2047,3570
14692,14692,0,2046,3181
14693,14693,0,2046,2725
14694,14694,0,2047,2227
14695,14695,0,2046,1719
14696,14696,0,2046,1229
14697,14697,0,2046,788
14698,14698,0,2047,421
14699,14699,0,2046,149
14700,14700,0,2047,0
14701,14701,0,2046,0
14702,14702,0,2046,39
14703,14703,0,2047,244
14704,14704,0,2047,556
14705,14705,0,2046,956
14706,14706,0,2046,1419
14707,14707,0,2047,1920
14708,14708,0,2047,2428
14709,14709,0,2047,2912
14710,14710,0,2047,3344
14711,14711,0,2047,3701
14712,14712,0,2046,3956
14713,14713,0,2046,4095
14714,14714,0,2046,4095
14715,14715,0,2046,4015
14716,14716,0,2047,3795
14717,14717,0,2046,3469
14718,14718,0,2047,3060
14719,14719,0,2046,2588
14720,14720,0,2047,2085
14721,14721,0,2046,1579
14722,14722,0,2046,1100
14723,14723,0,2047,676
14724,14724,0,2046,335
14725,14725,0,2046,93
14726,14726,0,2046,0
14727,14727,0,2047,0
14728,14728,0,2046,85
14729,14729,0,2046,321
14730,14730,0,2047,660
14731,14731,0,2047,1080
14732,14732,0,2046,1557
14733,14733,0,2046,2063
14734,14734,0,2046,2568
14735,14735,0,2048,3040
14736,14736,0,2046,3453
14737,14737,0,2046,3782
14738,14738,0,2046,4008
14739,14739,0,2047,4095
14740,14740,0,2046,4095
14741,14741,0,2046,3966
14742,14742,0,2047,3714
14743,14743,0,2047,3362
14744,14744,0,2046,2933
14745,14745,0,2047,2449
14746,14746,0,2046,1943
14747,14747,0,2046,1441
14748,14748,0,2047,975
14749,14749,0,2046,572
14750,14750,0,2046,256
14751,14751,0,2046,46
14752,14752,0,2046,0
14753,14753,0,2046,0
14754,14754,0,2046,140
14755,14755,0,2046,407
14756,14756,0,2046,771
14757,14757,0,2046,1209
14758,14758,0,2046,1696
14759,14759,0,2046,2204
14760,14760,0,2047,2704
14761,14761,0,2047,3162
14762,14762,0,2047,3554
14763,14763,0,2046,3856
14764,14764,0,2046,4051
14765,14765,0,2047,4095
14766,14766,0,2046,4076
14767,14767,0,2046,3906
14768,14768,0,2047,3624
14769,14769,0,2047,3248
14770,14770,0,2046,2802
14771,14771,0,2046,2309
14772,14772,0,2047,1801
14773,14773,0,2047,1305
14774,14774,0,2046,854
14775,14775,0,2046,474
14776,14776,0,2046,186
14777,14777,0,2046,9
14778,14778,0,2046,0
14779,14779,0,2046,17
14780,14780,0,2047,203
14781,14781,0,2046,500
14782,14782,0,2046,886
14783,14783,0,2047,1341
14784,14784,0,2046,1838
14785,14785,0,2047,2347
14786,14786,0,2046,2838
14787,14787,0,2046,3280
14788,14788,0,2047,3649
14789,14789,0,2047,3923
14790,14790,0,2046,4085
14791,14791,0,2045,4095
14792,14792,0,2046,4041
14793,14793,0,2046,3838
14794,14794,0,2046,3527
14795,14795,0,2046,3130
14796,14796,0,2047,2667
14797,14797,0,2047,2167
14798,14798,0,2046,1659
14799,14799,0,2046,1174
14800,14800,0,2046,740
14801,14801,0,2047,384
14802,14802,0,2046,124
14803,14803,0,2046,0
14804,14804,0,2047,0
14805,14805,0,2046,57
14806,14806,0,2047,276
14807,14807,0,2046,600
14808,14808,0,2047,1008
14809,14809,0,2047,1478
14810,14810,0,2046,1981
14811,14811,0,2046,2488
14812,14812,0,2046,2967
14813,14813,0,2046,3392
14814,14814,0,2046,3736
14815,14815,0,2046,3979
14816,14816,0,2046,4095
14817,14817,0,2047,4095
14818,14818,0,2046,3995
14819,14819,0,2046,3761
14820,14820,0,2046,3424
14821,14821,0,2046,3006
14822,14822,0,2045,2530
14823,14823,0,2047,2024
14824,14824,0,2046,1520
14825,14825,0,2047,1046
14826,14826,0,2047,632
14827,14827,0,2046,300
14828,14828,0,2047,72
14829,14829,0,2047,0
14830,14830,0,2046,0
14831,14831,0,2046,108
14832,14832,0,2047,357
14833,14833,0,2047,705
14834,14834,0,2046,1135
14835,14835,0,2046,1617
14836,14836,0,2047,2123
14837,14837,0,2046,2626
14838,14838,0,2047,3092
14839,14839,0,2046,3497
14840,14840,0,2046,3816
14841,14841,0,2046,4028
14842,14842,0,2047,4095
14843,14843,0,2046,4093
14844,14844,0,2046,3942
14845,14845,0,2046,3677
14846,14846,0,2046,3314
14847,14847,0,2046,2878
14848,14848,0,2047,2390
14849,14849,0,2046,1881
14850,14850,0,2046,1383
14851,14851,0,2046,923
14852,14852,0,2046,530
14853,14853,0,2046,225
14854,14854,0,2047,29
14855,14855,0,2047,0
14856,14856,0,2046,0
14857,14857,0,2046,167
14858,14858,0,2047,445
14859,14859,0,2046,819
14860,14860,0,2047,1266
14861,14861,0,2046,1757
14862,14862,0,2046,2266
14863,14863,0,2046,2761
14864,14864,0,2047,3213
14865,14865,0,2046,3596
14866,14866,0,2047,3886
14867,14867,0,2047,4067
14868,14868,0,2047,4095
14869,14869,0,2046,4062
14870,14870,0,2046,3878
14871,14871,0,2046,3584
14872,14872,0,2046,3198
14873,14873,0,2047,2745
14874,14874,0,2046,2248
14875,14875,0,2046,1739
14876,14876,0,2046,1250
14877,14877,0,2046,805
14878,14878,0,2047,435
14879,14879,0,2046,159
14880,14880,0,2046,0
14881,14881,0,2046,0
14882,14882,0,2046,34
14883,14883,0,2047,234
14884,14884,0,2047,541
14885,14885,0,2047,938
14886,14886,0,2046,1399
14887,14887,0,2047,1899
14888,14888,0,2046,2406
14889,14889,0,2047,2893
14890,14890,0,2046,3329
14891,14891,0,2046,3687
14892,14892,0,2046,3948
14893,14893,0,2047,4095
14894,14894,0,2046,4095
14895,14895,0,2046,4022
14896,14896,0,2047,3806
14897,14897,0,2046,3484
14898,14898,0,2046,3077
14899,14899,0,2046,2609
14900,14900,0,2046,2106
14901,14901,0,2047,1599
14902,14902,0,2047,1119
14903,14903,0,2047,693
14904,14904,0,2046,347
14905,14905,0,2047,101
14906,14906,0,2046,0
14907,14907,0,2046,0
14908,14908,0,2047,77
14909,14909,0,2046,310
14910,14910,0,2046,643
14911,14911,0,2046,1062
14912,14912,0,2046,1536
14913,14913,0,2046,2041
14914,14914,0,2046,2546
14915,14915,0,2047,3021
14916,14916,0,2046,3437
14917,14917,0,2046,3771
14918,14918,0,2046,4001
14919,14919,0,2046,4095
14920,14920,0,2046,4095
14921,14921,0,2046,3974
14922,14922,0,2047,3725
14923,14923,0,2046,3379
14924,14924,0,2047,2952
14925,14925,0,2046,2471
14926,14926,0,2046,1963
14927,14927,0,2046,1461
14928,14928,0,2047,993
14929,14929,0,2046,587
14930,14930,0,2047,267
14931,14931,0,2047,52
14932,14932,0,2046,0
14933,14933,0,2046,0
14934,14934,0,2047,131
14935,14935,0,2046,393
14936,14936,0,2047,753
14937,14937,0,2047,1189
14938,14938,0,2046,1677
14939,14939,0,2047,2183
14940,14940,0,2046,2683
14941,14941,0,2048,3144
14942,14942,0,2046,3540
14943,14943,0,2046,3847
14944,14944,0,2046,4046
14945,14945,0,2046,4095
14946,14946,0,2046,4081
14947,14947,0,2046,3915
14948,14948,0,2046,3638
14949,14949,0,2047,3266
14950,14950,0,2046,2822
14951,14951,0,2046,2330
14952,14952,0,2047,1822
14953,14953,0,2046,1326
14954,14954,0,2047,872
14955,14955,0,2046,489
14956,14956,0,2046,196
14957,14957,0,2046,14
14958,14958,0,2046,0
14959,14959,0,2046,12
14960,14960,0,2046,194
14961,14961,0,2046,485
14962,14962,0,2047,869
14963,14963,0,2046,1321
14964,14964,0,2047,1817
14965,14965,0,2047,2326
14966,14966,0,2046,2817
14967,14967,0,2046,3263
14968,14968,0,2047,3636
14969,14969,0,2046,3914
14970,14970,0,2047,4081
14971,14971,0,2047,4095
14972,14972,0,2047,4046
14973,14973,0,2046,3848
14974,14974,0,2047,3543
14975,14975,0,2046,3148
14976,14976,0,2046,2687
14977,14977,0,2046,2188
14978,14978,0,2047,1680
14979,14979,0,2046,1194
14980,14980,0,2046,757
14981,14981,0,2047,396
14982,14982,0,2046,133
14983,14983,0,2047,0
14984,14984,0,2047,0
14985,14985,0,2046,51
14986,14986,0,2047,265
14987,14987,0,2046,584
14988,14988,0,2047,990
14989,14989,0,2046,1457
14990,14990,0,2047,1960
14991,14991,0,2046,2467
14992,14992,0,2046,2948
14993,14993,0,2046,3375
14994,14994,0,2046,3724
14995,14995,0,2046,3973
14996,14996,0,2047,4095
14997,14997,0,2046,4095
14998,14998,0,2047,4002
14999,14999,0,2046,3773
15000,15000,0,2046,3440
15001,15001,0,2046,3024
15002,15002,0,2047,2550
15003,15003,0,2047,2046
15004,15004,0,2047,1540
15005,15005,0,2046,1065
15006,15006,0,2047,648
15007,15007,0,2047,312
15008,15008,0,2047,79
15009,15009,0,2046,0
15010,15010,0,2046,0
15011,15011,0,2047,99
15012,15012,0,2046,344
15013,15013,0,2047,690
15014,15014,0,2046,1115
15015,15015,0,2046,1595
15016,15016,0,2047,2102
15017,15017,0,2046,2605
15018,15018,0,2047,3075
15019,15019,0,2046,3481
15020,15020,0,2047,3804
15021,15021,0,2047,4021
15022,15022,0,2046,4095
15023,15023,0,2046,4095
15024,15024,0,2047,3950
15025,15025,0,2046,3690
15026,15026,0,2046,3332
15027,15027,0,2047,2896
15028,15028,0,2046,2411
15029,15029,0,2046,1903
15030,15030,0,2046,1404
15031,15031,0,2046,942
15032,15032,0,2046,545
15033,15033,0,2047,235
15034,15034,0,2046,35
15035,15035,0,2046,0
15036,15036,0,2046,0
15037,15037,0,2046,156
15038,15038,0,2046,432
15039,15039,0,2047,802
15040,15040,0,2047,1244
15041,15041,0,2047,1736
15042,15042,0,2047,2245
15043,15043,0,2046,2741
15044,15044,0,2047,3195
15045,15045,0,2046,3582
15046,15046,0,2046,3876
15047,15047,0,2046,4061
15048,15048,0,2046,4095
15049,15049,0,2046,4068
15050,15050,0,2045,3888
15051,15051,0,2046,3598
15052,15052,0,2047,3216
15053,15053,0,2046,2765
15054,15054,0,2046,2270
15055,15055,0,2046,1762
15056,15056,0,2046,1269
15057,15057,0,2046,822
15058,15058,0,2046,448
15059,15059,0,2046,168
15060,15060,0,2046,0
15061,15061,0,2046,0
15062,15062,0,2046,27
15063,15063,0,2046,223
15064,15064,0,2047,526
15065,15065,0,2046,919
15066,15066,0,2047,1379
15067,15067,0,2046,1877
15068,15068,0,2046,2386
15069,15069,0,2046,2873
15070,15070,0,2047,3312
15071,15071,0,2046,3674
15072,15072,0,2046,3940
15073,15073,0,2047,4092
15074,15074,0,2046,4095
15075,15075,0,2047,4029
15076,15076,0,2047,3817
15077,15077,0,2046,3500
15078,15078,0,2046,3096
15079,15079,0,2046,2629
15080,15080,0,2046,2127
15081,15081,0,2047,1620
15082,15082,0,2046,1138
15083,15083,0,2046,710
15084,15084,0,2046,359
15085,15085,0,2047,109
15086,15086,0,2046,0
15087,15087,0,2046,0
15088,15088,0,2047,71
15089,15089,0,2046,298
15090,15090,0,2047,629
15091,15091,0,2046,1043
15092,15092,0,2046,1515
15093,15093,0,2047,2020
15094,15094,0,2046,2525
15095,15095,0,2047,3003
15096,15096,0,2046,3422
15097,15097,0,2046,3759
15098,15098,0,2046,3995
15099,15099,0,2046,4095
15100,15100,0,2046,4095
15101,15101,0,2047,3982
15102,15102,0,2046,3739
15103,15103,0,2047,3394
15104,15104,0,2046,2971
15105,15105,0,2046,2492
15106,15106,0,2047,1985
15107,15107,0,2046,1482
15108,15108,0,2047,1012
15109,15109,0,2046,602
15110,15110,0,2046,279
15111,15111,0,2046,59
15112,15112,0,2047,0
15113,15113,0,2046,0
15114,15114,0,2046,123
15115,15115,0,2046,380
15116,15116,0,2046,737
15117,15117,0,2047,1171
15118,15118,0,2046,1655
15119,15119,0,2046,2163
15120,15120,0,2046,2663
15121,15121,0,2046,3126
15122,15122,0,2047,3525
15123,15123,0,2046,3836
15124,15124,0,2046,4039
15125,15125,0,2046,4095
15126,15126,0,2046,4086
15127,15127,0,2046,3925
15128,15128,0,2046,3652
15129,15129,0,2047,3283
15130,15130,0,2046,2842
15131,15131,0,2046,2351
15132,15132,0,2046,1842
15133,15133,0,2047,1345
15134,15134,0,2046,890
15135,15135,0,2047,503
15136,15136,0,2046,206
15137,15137,0,2046,19
15138,15138,0,2047,0
15139,15139,0,2046,7
15140,15140,0,2046,184
15141,15141,0,2046,471
15142,15142,0,2046,851
15143,15143,0,2046,1302
15144,15144,0,2046,1796
15145,15145,0,2046,2305
15146,15146,0,2046,2798
15147,15147,0,2046,3246
15148,15148,0,2046,3622
15149,15149,0,2046,3905
15150,15150,0,2046,4076
15151,15151,0,2046,4095
15152,15152,0,2047,4052
15153,15153,0,2047,3859
15154,15154,0,2046,3558
15155,15155,0,2046,3166
15156,15156,0,2046,2708
15157,15157,0,2046,2210
15158,15158,0,2046,1701
15159,15159,0,2046,1213
15160,15160,0,2047,774
15161,15161,0,2046,410
15162,15162,0,2046,142
15163,15163,0,2046,0
15164,15164,0,2046,0
15165,15165,0,2047,45
15166,15166,0,2046,254
15167,15167,0,2047,569
15168,15168,0,2046,971
15169,15169,0,2046,1438
15170,15170,0,2046,1938
15171,15171,0,2046,2446
15172,15172,0,2047,2928
15173,15173,0,2046,3359
15174,15174,0,2046,3711
15175,15175,0,2047,3964
15176,15176,0,2046,4095
15177,15177,0,2047,4095
15178,15178,0,2046,4009
15179,15179,0,2047,3784
15180,15180,0,2047,3457
15181,15181,0,2046,3044
15182,15182,0,2046,2572
15183,15183,0,2046,2067
15184,15184,0,2046,1561
15185,15185,0,2046,1083
15186,15186,0,2046,664
15187,15187,0,2047,324
15188,15188,0,2047,87
15189,15189,0,2047,0
15190,15190,0,2046,0
15191,15191,0,2046,91
15192,15192,0,2047,332
15193,15193,0,2046,673
15194,15194,0,2046,1096
15195,15195,0,2046,1575
15196,15196,0,2046,2081
15197,15197,0,2047,2585
15198,15198,0,2046,3056
15199,15199,0,2046,3467
15200,15200,0,2046,3792
15201,15201,0,2046,4015
15202,15202,0,2047,4095
15203,15203,0,2046,4095
15204,15204,0,2046,3958
15205,15205,0,2046,3703
15206,15206,0,2046,3348
15207,15207,0,2047,2916
15208,15208,0,2047,2432
15209,15209,0,2047,1924
15210,15210,0,2047,1424
15211,15211,0,2047,959
15212,15212,0,2047,559
15213,15213,0,2046,247
15214,15214,0,2047,41
15215,15215,0,2046,0
15216,15216,0,2047,0
15217,15217,0,2046,148
15218,15218,0,2047,418
15219,15219,0,2046,785
15220,15220,0,2046,1226
15221,15221,0,2047,1715
15222,15222,0,2046,2223
15223,15223,0,2046,2721
15224,15224,0,2047,3178
15225,15225,0,2046,3567
15226,15226,0,2046,3866
15227,15227,0,2046,4056
15228,15228,0,2046,4095
15229,15229,0,2045,4073
15230,15230,0,2047,3898
15231,15231,0,2047,3613
15232,15232,0,2047,3235
15233,15233,0,2047,2786
15234,15234,0,2047,2291
15235,15235,0,2046,1782
15236,15236,0,2047,1289
15237,15237,0,2046,839
15238,15238,0,2046,462
15239,15239,0,2046,178
15240,15240,0,2046,5
15241,15241,0,2047,0
15242,15242,0,2046,22
15243,15243,0,2046,214
15244,15244,0,2046,511
15245,15245,0,2046,901
15246,15246,0,2046,1359
15247,15247,0,2047,1857
15248,15248,0,2046,2365
15249,15249,0,2046,2854
15250,15250,0,2047,3294
15251,15251,0,2046,3662
15252,15252,0,2047,3931
15253,15253,0,2046,4088
15254,15254,0,2047,4095
15255,15255,0,2046,4036
15256,15256,0,2046,3829
15257,15257,0,2047,3516
15258,15258,0,2047,3115
15259,15259,0,2046,2651
15260,15260,0,2046,2149
15261,15261,0,2046,1641
15262,15262,0,2046,1157
15263,15263,0,2047,726
15264,15264,0,2047,372
15265,15265,0,2047,117
15266,15266,0,2046,0
15267,15267,0,2047,0
15268,15268,0,2047,64
15269,15269,0,2046,286
15270,15270,0,2046,612
15271,15271,0,2046,1024
15272,15272,0,2046,1495
15273,15273,0,2047,1999
15274,15274,0,2046,2505
15275,15275,0,2047,2983
15276,15276,0,2046,3406
15277,15277,0,2046,3747
15278,15278,0,2047,3986
15279,15279,0,2046,4095
15280,15280,0,2047,4095
15281,15281,0,2046,3989
15282,15282,0,2046,3751
15283,15283,0,2046,3412
15284,15284,0,2046,2990
15285,15285,0,2047,2513
15286,15286,0,2046,2006
15287,15287,0,2047,1502
15288,15288,0,2046,1030
15289,15289,0,2047,618
15290,15290,0,2046,290
15291,15291,0,2046,65
15292,15292,0,2047,0
15293,15293,0,2046,0
15294,15294,0,2046,114
15295,15295,0,2046,368
15296,15296,0,2046,720
15297,15297,0,2046,1151
15298,15298,0,2046,1634
15299,15299,0,2046,2141
15300,15300,0,2047,2643
15301,15301,0,2046,3108
15302,15302,0,2046,3510
15303,15303,0,2046,3825
15304,15304,0,2046,4033
15305,15305,0,2046,4095
15306,15306,0,2046,4090
15307,15307,0,2047,3933
15308,15308,0,2046,3665
15309,15309,0,2046,3301
15310,15310,0,2046,2861
15311,15311,0,2046,2372
15312,15312,0,2046,1864
15313,15313,0,2046,1366
15314,15314,0,2046,908
15315,15315,0,2046,517
15316,15316,0,2046,216
15317,15317,0,2046,24
15318,15318,0,2046,0
15319,15319,0,2047,2
15320,15320,0,2046,174
15321,15321,0,2047,457
15322,15322,0,2046,834
15323,15323,0,2047,1281
15324,15324,0,2046,1774
15325,15325,0,2047,2283
15326,15326,0,2046,2778
15327,15327,0,2047,3228
15328,15328,0,2047,3608
15329,15329,0,2046,3894
15330,15330,0,2046,4070
15331,15331,0,2047,4095
15332,15332,0,2047,4057
15333,15333,0,2046,3870
15334,15334,0,2047,3572
15335,15335,0,2047,3183
15336,15336,0,2046,2727
15337,15337,0,2046,2231
15338,15338,0,2047,1722
15339,15339,0,2047,1232
15340,15340,0,2047,791
15341,15341,0,2046,423
15342,15342,0,2046,151
15343,15343,0,2046,0
15344,15344,0,2046,0
15345,15345,0,2046,38
15346,15346,0,2046,243
15347,15347,0,2046,554
15348,15348,0,2046,953
15349,15349,0,2046,1415
15350,15350,0,2047,1917
15351,15351,0,2046,2424
15352,15352,0,2046,2909
15353,15353,0,2046,3342
15354,15354,0,2046,3698
15355,15355,0,2047,3955
15356,15356,0,2047,4095
15357,15357,0,2046,4095
15358,15358,0,2046,4017
15359,15359,0,2047,3797
15360,15360,0,2046,3472
15361,15361,0,2047,3062
15362,15362,0,2046,2592
15363,15363,0,2046,2089
15364,15364,0,2046,1581
15365,15365,0,2046,1103
15366,15366,0,2047,679
15367,15367,0,2047,336
15368,15368,0,2046,95
15369,15369,0,2046,0
15370,15370,0,2047,0
15371,15371,0,2046,84
15372,15372,0,2046,319
15373,15373,0,2046,657
15374,15374,0,2047,1077
15375,15375,0,2046,1554
15376,15376,0,2047,2060
15377,15377,0,2046,2564
15378,15378,0,2046,3038
15379,15379,0,2047,3451
15380,15380,0,2047,3781
15381,15381,0,2047,4007
15382,15382,0,2046,4095
15383,15383,0,2046,4095
15384,15384,0,2046,3966
15385,15385,0,2046,3715
15386,15386,0,2046,3365
15387,15387,0,2047,2935
15388,15388,0,2047,2453
15389,15389,0,2046,1945
15390,15390,0,2047,1444
15391,15391,0,2046,978
15392,15392,0,2046,574
15393,15393,0,2047,258
15394,15394,0,2047,48
15395,15395,0,2047,0
15396,15396,0,2046,0
15397,15397,0,2047,138
15398,15398,0,2046,404
15399,15399,0,2046,767
15400,15400,0,2046,1206
15401,15401,0,2047,1694
15402,15402,0,2046,2203
15403,15403,0,2046,2701
15404,15404,0,2047,3160
15405,15405,0,2046,3553
15406,15406,0,2046,3856
15407,15407,0,2046,4050
15408,15408,0,2046,4095
15409,15409,0,2046,4077
15410,15410,0,2046,3908
15411,15411,0,2047,3626
15412,15412,0,2046,3252
15413,15413,0,2046,2805
15414,15414,0,2046,2312
15415,15415,0,2046,1803
15416,15416,0,2046,1309
15417,15417,0,2046,857
15418,15418,0,2047,476
15419,15419,0,2046,187
15420,15420,0,2046,8
15421,15421,0,2046,0
15422,15422,0,2046,16
15423,15423,0,2047,203
15424,15424,0,2046,497
15425,15425,0,2046,883
15426,15426,0,2046,1338
15427,15427,0,2046,1835
15428,15428,0,2047,2343
15429,15429,0,2046,2835
15430,15430,0,2046,3278
15431,15431,0,2047,3648
15432,15432,0,2046,3922
15433,15433,0,2046,4084
15434,15434,0,2046,4095
15435,15435,0,2046,4041
15436,15436,0,2046,3839
15437,15437,0,2046,3530
15438,15438,0,2046,3133
15439,15439,0,2046,2670
15440,15440,0,2047,2169
15441,15441,0,2046,1662
15442,15442,0,2047,1177
15443,15443,0,2046,742
15444,15444,0,2046,384
15445,15445,0,2046,126
15446,15446,0,2047,0
15447,15447,0,2046,0
15448,15448,0,2046,56
15449,15449,0,2047,274
15450,15450,0,2046,598
15451,15451,0,2046,1005
15452,15452,0,2046,1474
15453,15453,0,2047,1977
15454,15454,0,2047,2484
15455,15455,0,2047,2965
15456,15456,0,2047,3389
15457,15457,0,2046,3734
15458,15458,0,2047,3978
15459,15459,0,2046,4095
15460,15460,0,2046,4095
15461,15461,0,2047,3997
15462,15462,0,2047,3762
15463,15463,0,2046,3427
15464,15464,0,2046,3008
15465,15465,0,2046,2533
15466,15466,0,2046,2028
15467,15467,0,2046,1523
15468,15468,0,2047,1049
15469,15469,0,2047,634
15470,15470,0,2046,302
15471,15471,0,2046,74
15472,15472,0,2047,0
15473,15473,0,2046,0
15474,15474,0,2046,106
15475,15475,0,2047,355
15476,15476,0,2047,704
15477,15477,0,2046,1130
15478,15478,0,2047,1613
15479,15479,0,2046,2120
15480,15480,0,2047,2622
15481,15481,0,2046,3090
15482,15482,0,2046,3495
15483,15483,0,2046,3814
15484,15484,0,2046,4027
15485,15485,0,2046,4095
15486,15486,0,2046,4094
15487,15487,0,2046,3942
15488,15488,0,2046,3678
15489,15489,0,2046,3317
15490,15490,0,2047,2881
15491,15491,0,2046,2393
15492,15492,0,2047,1885
15493,15493,0,2046,1386
15494,15494,0,2046,926
15495,15495,0,2047,531
15496,15496,0,2046,227
15497,15497,0,2046,30
15498,15498,0,2047,0
15499,15499,0,2046,0
15500,15500,0,2046,165
15501,15501,0,2047,443
15502,15502,0,2046,816
15503,15503,0,2046,1262
15504,15504,0,2046,1754
15505,15505,0,2047,2263
15506,15506,0,2046,2759
15507,15507,0,2046,3211
15508,15508,0,2046,3594
15509,15509,0,2047,3885
15510,15510,0,2047,4065
15511,15511,0,2046,4095
15512,15512,0,2047,4064
15513,15513,0,2046,3880
15514,15514,0,2046,3587
15515,15515,0,2046,3202
15516,15516,0,2046,2748
15517,15517,0,2046,2251
15518,15518,0,2046,1743
15519,15519,0,2046,1252
15520,15520,0,2046,807
15521,15521,0,2046,436
15522,15522,0,2046,159
15523,15523,0,2046,0
15524,15524,0,2046,0
15525,15525,0,2046,32
15526,15526,0,2046,232
15527,15527,0,2046,539
15528,15528,0,2046,934
15529,15529,0,2046,1396
15530,15530,0,2046,1896
15531,15531,0,2047,2403
15532,15532,0,2046,2890
15533,15533,0,2046,3326
15534,15534,0,2046,3686
15535,15535,0,2046,3946
15536,15536,0,2047,4095
15537,15537,0,2046,4095
15538,15538,0,2046,4023
15539,15539,0,2046,3808
15540,15540,0,2046,3487
15541,15541,0,2046,3081
15542,15542,0,2047,2612
15543,15543,0,2046,2109
15544,15544,0,2046,1602
15545,15545,0,2046,1122
15546,15546,0,2046,695
15547,15547,0,2046,349
15548,15548,0,2047,102
15549,15549,0,2047,0
15550,15550,0,2046,0
15551,15551,0,2046,77
15552,15552,0,2046,308
15553,15553,0,2047,642
15554,15554,0,2045,1059
15555,15555,0,2047,1533
15556,15556,0,2047,2038
15557,15557,0,2046,2543
15558,15558,0,2046,3019
15559,15559,0,2046,3435
15560,15560,0,2046,3769
15561,15561,0,2047,4000
15562,15562,0,2046,4095
15563,15563,0,2046,4095
15564,15564,0,2046,3974
15565,15565,0,2046,3728
15566,15566,0,2046,3381
15567,15567,0,2046,2955
15568,15568,0,2046,2474
15569,15569,0,2046,1967
15570,15570,0,2046,1464
15571,15571,0,2046,996
15572,15572,0,2047,589
15573,15573,0,2046,269
15574,15574,0,2046,53
15575,15575,0,2046,0
15576,15576,0,2046,0
15577,15577,0,2046,130
15578,15578,0,2046,392
15579,15579,0,2046,751
15580,15580,0,2046,1186
15581,15581,0,2046,1673
15582,15582,0,2046,2181
15583,15583,0,2046,2681
15584,15584,0,2046,3142
15585,15585,0,2047,3538
15586,15586,0,2046,3845
15587,15587,0,2046,4044
15588,15588,0,2047,4095
15589,15589,0,2047,4081
15590,15590,0,2046,3917
15591,15591,0,2046,3641
15592,15592,0,2046,3269
15593,15593,0,2047,2825
15594,15594,0,2046,2333
15595,15595,0,2046,1825
15596,15596,0,2047,1329
15597,15597,0,2046,874
15598,15598,0,2047,490
15599,15599,0,2047,197
15600,15600,0,2046,14
15601,15601,0,2046,0
15602,15602,0,2046,11
15603,15603,0,2046,192
15604,15604,0,2047,483
15605,15605,0,2047,866
15606,15606,0,2047,1318
15607,15607,0,2046,1814
15608,15608,0,2046,2323
15609,15609,0,2047,2815
15610,15610,0,2046,3261
15611,15611,0,2046,3634
15612,15612,0,2047,3912
15613,15613,0,2047,4080
15614,15614,0,2046,4095
15615,15615,0,2047,4047
15616,15616,0,2046,3850
15617,15617,0,2047,3544
15618,15618,0,2046,3151
15619,15619,0,2047,2690
15620,15620,0,2047,2191
15621,15621,0,2046,1684
15622,15622,0,2046,1196
15623,15623,0,2046,759
15624,15624,0,2046,398
15625,15625,0,2046,135
15626,15626,0,2046,0
15627,15627,0,2046,0
15628,15628,0,2046,50
15629,15629,0,2045,263
15630,15630,0,2047,582
15631,15631,0,2046,987
15632,15632,0,2046,1454
15633,15633,0,2046,1956
15634,15634,0,2046,2463
15635,15635,0,2047,2945
15636,15636,0,2046,3372
15637,15637,0,2047,3722
15638,15638,0,2046,3971
15639,15639,0,2046,4095
15640,15640,0,2047,4095
15641,15641,0,2046,4004
15642,15642,0,2046,3775
15643,15643,0,2046,3443
15644,15644,0,2045,3028
15645,15645,0,2046,2553
15646,15646,0,2047,2049
15647,15647,0,2047,1543
15648,15648,0,2046,1068
15649,15649,0,2046,650
15650,15650,0,2046,314
15651,15651,0,2046,80
15652,15652,0,2046,0
15653,15653,0,2046,0
15654,15654,0,2046,98
15655,15655,0,2046,343
15656,15656,0,2046,686
15657,15657,0,2046,1112
15658,15658,0,2046,1592
15659,15659,0,2046,2099
15660,15660,0,2047,2602
15661,15661,0,2046,3071
15662,15662,0,2047,3480
15663,15663,0,2046,3802
15664,15664,0,2046,4021
15665,15665,0,2046,4095
15666,15666,0,2047,4095
15667,15667,0,2047,3951
15668,15668,0,2047,3691
15669,15669,0,2047,3334
15670,15670,0,2046,2899
15671,15671,0,2046,2414
15672,15672,0,2046,1906
15673,15673,0,2046,1406
15674,15674,0,2047,944
15675,15675,0,2046,546
15676,15676,0,2046,238
15677,15677,0,2047,35
15678,15678,0,2046,0
15679,15679,0,2046,0
15680,15680,0,2046,155
15681,15681,0,2046,429
15682,15682,0,2046,799
15683,15683,0,2047,1242
15684,15684,0,2046,1733
15685,15685,0,2047,2241
15686,15686,0,2046,2738
15687,15687,0,2047,3193
15688,15688,0,2047,3579
15689,15689,0,2047,3874
15690,15690,0,2046,4060
15691,15691,0,2047,4095
15692,15692,0,2047,4068
15693,15693,0,2046,3889
15694,15694,0,2046,3600
15695,15695,0,2046,3219
15696,15696,0,2046,2768
15697,15697,0,2046,2273
15698,15698,0,2047,1764
15699,15699,0,2046,1271
15700,15700,0,2046,825
15701,15701,0,2046,450
15702,15702,0,2046,169
15703,15703,0,2045,0
15704,15704,0,2047,0
15705,15705,0,2047,26
15706,15706,0,2047,221
15707,15707,0,2046,524
15708,15708,0,2047,917
15709,15709,0,2047,1375
15710,15710,0,2047,1875
15711,15711,0,2046,2383
15712,15712,0,2046,2871
15713,15713,0,2046,3309
15714,15714,0,2046,3673
15715,15715,0,2046,3938
15716,15716,0,2047,4092
15717,15717,0,2047,4095
15718,15718,0,2046,4030
15719,15719,0,2046,3819
15720,15720,0,2046,3502
15721,15721,0,2046,3098
15722,15722,0,2046,2633
15723,15723,0,2047,2130
15724,15724,0,2046,1623
15725,15725,0,2046,1141
15726,15726,0,2046,712
15727,15727,0,2046,360
15728,15728,0,2046,110
15729,15729,0,2046,0
15730,15730,0,2046,0
15731,15731,0,2047,70
15732,15732,0,2046,296
15733,15733,0,2046,626
15734,15734,0,2047,1040
15735,15735,0,2046,1513
15736,15736,0,2046,2017
15737,15737,0,2046,2523
15738,15738,0,2047,2999
15739,15739,0,2046,3419
15740,15740,0,2046,3757
15741,15741,0,2046,3993
15742,15742,0,2046,4095
15743,15743,0,2046,4095
15744,15744,0,2047,3983
15745,15745,0,2047,3740
15746,15746,0,2047,3398
15747,15747,0,2047,2974
15748,15748,0,2046,2495
15749,15749,0,2046,1988
15750,15750,0,2047,1485
15751,15751,0,2047,1014
15752,15752,0,2047,605
15753,15753,0,2046,280
15754,15754,0,2045,60
15755,15755,0,2046,0
15756,15756,0,2047,0
15757,15757,0,2047,121
15758,15758,0,2047,379
15759,15759,0,2046,733
15760,15760,0,2046,1167
15761,15761,0,2047,1652
15762,15762,0,2046,2159
15763,15763,0,2046,2660
15764,15764,0,2047,3123
15765,15765,0,2046,3522
15766,15766,0,2047,3834
15767,15767,0,2046,4038
15768,15768,0,2046,4095
15769,15769,0,2046,4086
15770,15770,0,2047,3926
15771,15771,0,2047,3654
15772,15772,0,2046,3285
15773,15773,0,2046,2844
15774,15774,0,2047,2354
15775,15775,0,2046,1845
15776,15776,0,2046,1349
15777,15777,0,2046,892
15778,15778,0,2046,505
15779,15779,0,2047,207
15780,15780,0,2047,19
15781,15781,0,2046,0
15782,15782,0,2046,6
15783,15783,0,2046,183
15784,15784,0,2046,469
15785,15785,0,2046,848
15786,15786,0,2046,1299
15787,15787,0,2046,1793
15788,15788,0,2046,2302
15789,15789,0,2046,2795
15790,15790,0,2047,3243
15791,15791,0,2047,3620
15792,15792,0,2046,3902
15793,15793,0,2047,4075
15794,15794,0,2046,4095
15795,15795,0,2046,4053
15796,15796,0,2047,3860
15797,15797,0,2047,3560
15798,15798,0,2046,3169
15799,15799,0,2047,2710
15800,15800,0,2046,2212
15801,15801,0,2046,1705
15802,15802,0,2047,1215
15803,15803,0,2046,777
15804,15804,0,2047,411
15805,15805,0,2046,143
15806,15806,0,2046,0
15807,15807,0,2047,0
15808,15808,0,2046,44
15809,15809,0,2046,252
15810,15810,0,2046,567
15811,15811,0,2047,968
15812,15812,0,2046,1433
15813,15813,0,2046,1935
15814,15814,0,2046,2443
15815,15815,0,2046,2926
15816,15816,0,2046,3356
15817,15817,0,2046,3709
15818,15818,0,2046,3963
15819,15819,0,2047,4095
15820,15820,0,2046,4095
15821,15821,0,2047,4011
15822,15822,0,2046,3786
15823,15823,0,2046,3459
15824,15824,0,2047,3046
15825,15825,0,2047,2574
15826,15826,0,2046,2070
15827,15827,0,2046,1564
15828,15828,0,2046,1086
15829,15829,0,2047,665
15830,15830,0,2046,327
15831,15831,0,2047,88
15832,15832,0,2047,0
15833,15833,0,2046,0
15834,15834,0,2046,90
15835,15835,0,2046,330
15836,15836,0,2046,671
15837,15837,0,2047,1093
15838,15838,0,2047,1572
15839,15839,0,2046,2077
15840,15840,0,2047,2582
15841,15841,0,2047,3053
15842,15842,0,2046,3464
15843,15843,0,2046,3791
15844,15844,0,2046,4014
15845,15845,0,2046,4095
15846,15846,0,2046,4095
15847,15847,0,2046,3959
15848,15848,0,2047,3705
15849,15849,0,2047,3351
15850,15850,0,2046,2919
15851,15851,0,2047,2434
15852,15852,0,2047,1927
15853,15853,0,2047,1426
15854,15854,0,2046,962
15855,15855,0,2046,562
15856,15856,0,2046,249
15857,15857,0,2046,42
15858,15858,0,2046,0
15859,15859,0,2046,0
15860,15860,0,2046,147
15861,15861,0,2046,416
15862,15862,0,2047,782
15863,15863,0,2046,1223
15864,15864,0,2046,1711
15865,15865,0,2047,2220
15866,15866,0,2046,2718
15867,15867,0,2047,3176
15868,15868,0,2047,3565
15869,15869,0,2046,3864
15870,15870,0,2046,4055
15871,15871,0,2046,4095
15872,15872,0,2046,4073
15873,15873,0,2046,3899
15874,15874,0,2046,3615
15875,15875,0,2046,3237
15876,15876,0,2046,2788
15877,15877,0,2046,2294
15878,15878,0,2046,1785
15879,15879,0,2046,1292
15880,15880,0,2046,842
15881,15881,0,2047,464
15882,15882,0,2046,179
15883,15883,0,2047,5
15884,15884,0,2046,0
15885,15885,0,2046,21
15886,15886,0,2046,212
15887,15887,0,2047,510
15888,15888,0,2047,899
15889,15889,0,2047,1356
15890,15890,0,2046,1854
15891,15891,0,2046,2362
15892,15892,0,2046,2851
15893,15893,0,2047,3292
15894,15894,0,2046,3659
15895,15895,0,2046,3929
15896,15896,0,2046,4088
15897,15897,0,2046,4095
15898,15898,0,2046,4036
15899,15899,0,2046,3830
15900,15900,0,2046,3517
15901,15901,0,2046,3117
15902,15902,0,2046,2653
15903,15903,0,2046,2152
15904,15904,0,2046,1644
15905,15905,0,2046,1160
15906,15906,0,2047,728
15907,15907,0,2046,374
15908,15908,0,2046,118
15909,15909,0,2046,0
15910,15910,0,2046,0
15911,15911,0,2047,62
15912,15912,0,2046,284
15913,15913,0,2046,610
15914,15914,0,2046,1021
15915,15915,0,2046,1492
15916,15916,0,2047,1996
15917,15917,0,2046,2502
15918,15918,0,2046,2980
15919,15919,0,2047,3404
15920,15920,0,2046,3745
15921,15921,0,2046,3986
15922,15922,0,2047,4095
15923,15923,0,2046,4095
15924,15924,0,2046,3990
15925,15925,0,2046,3752
15926,15926,0,2047,3414
15927,15927,0,2047,2992
15928,15928,0,2047,2515
15929,15929,0,2046,2009
15930,15930,0,2047,1505
15931,15931,0,2047,1033
15932,15932,0,2046,621
15933,15933,0,2046,292
15934,15934,0,2046,67
15935,15935,0,2046,0
15936,15936,0,2046,0
15937,15937,0,2046,113
15938,15938,0,2047,366
15939,15939,0,2046,718
15940,15940,0,2046,1148
15941,15941,0,2047,1631
15942,15942,0,2046,2138
15943,15943,0,2046,2639
15944,15944,0,2046,3105
15945,15945,0,2046,3507
15946,15946,0,2046,3823
15947,15947,0,2046,4032
15948,15948,0,2046,4095
15949,15949,0,2047,4090
15950,15950,0,2047,3936
15951,15951,0,2046,3667
15952,15952,0,2046,3303
15953,15953,0,2046,2864
15954,15954,0,2047,2375
15955,15955,0,2046,1867
15956,15956,0,2047,1369
15957,15957,0,2046,910
15958,15958,0,2047,519
15959,15959,0,2046,218
15960,15960,0,2046,25
15961,15961,0,2047,0
15962,15962,0,2047,1
15963,15963,0,2047,172
15964,15964,0,2046,455
15965,15965,0,2047,831
15966,15966,0,2046,1278
15967,15967,0,2046,1772
15968,15968,0,2046,2281
15969,15969,0,2046,2775
15970,15970,0,2047,3226
15971,15971,0,2047,3606
15972,15972,0,2046,3893
15973,15973,0,2046,4070
15974,15974,0,2046,4095
15975,15975,0,2046,4058
15976,15976,0,2046,3871
15977,15977,0,2046,3574
15978,15978,0,2047,3186
15979,15979,0,2047,2730
15980,15980,0,2047,2233
15981,15981,0,2046,1725
15982,15982,0,2046,1236
15983,15983,0,2047,793
15984,15984,0,2047,425
15985,15985,0,2046,152
15986,15986,0,2046,0
15987,15987,0,2046,0
15988,15988,0,2047,38
15989,15989,0,2046,241
15990,15990,0,2047,552
15991,15991,0,2046,950
15992,15992,0,2046,1413
15993,15993,0,2047,1914
15994,15994,0,2046,2422
15995,15995,0,2047,2907
15996,15996,0,2046,3340
15997,15997,0,2046,3697
15998,15998,0,2046,3954
15999,15999,0,2047,4095
16000,16000,0,2046,4095
16001,16001,0,2046,4018
16002,16002,0,2046,3798
16003,16003,0,2046,3474
16004,16004,0,2046,3065
16005,16005,0,2046,2594
16006,16006,0,2047,2091
16007,16007,0,2047,1585
16008,16008,0,2046,1105
16009,16009,0,2046,682
16010,16010,0,2047,338
16011,16011,0,2046,96
16012,16012,0,2047,0
16013,16013,0,2047,0
16014,16014,0,2046,83
16015,16015,0,2046,317
16016,16016,0,2047,655
16017,16017,0,2046,1074
16018,16018,0,2047,1550
16019,16019,0,2046,2056
16020,16020,0,2046,2561
16021,16021,0,2047,3034
16022,16022,0,2046,3448
16023,16023,0,2046,3779
16024,16024,0,2046,4006
16025,16025,0,2046,4095
16026,16026,0,2046,4095
16027,16027,0,2046,3968
16028,16028,0,2046,3716
16029,16029,0,2046,3367
16030,16030,0,2046,2938
16031,16031,0,2046,2455
16032,16032,0,2046,1949
16033,16033,0,2046,1447
16034,16034,0,2047,980
16035,16035,0,2046,577
16036,16036,0,2046,259
16037,16037,0,2046,48
16038,16038,0,2047,0
16039,16039,0,2046,0
16040,16040,0,2046,138
16041,16041,0,2045,403
16042,16042,0,2046,765
16043,16043,0,2046,1203
16044,16044,0,2046,1690
16045,16045,0,2047,2199
16046,16046,0,2046,2698
16047,16047,0,2046,3157
16048,16048,0,2046,3550
16049,16049,0,2047,3854
16050,16050,0,2046,4049
16051,16051,0,2047,4095
16052,16052,0,2046,4078
16053,16053,0,2047,3909
16054,16054,0,2046,3628
16055,16055,0,2046,3254
16056,16056,0,2047,2807
16057,16057,0,2047,2315
16058,16058,0,2047,1806
16059,16059,0,2047,1312
16060,16060,0,2047,859
16061,16061,0,2046,479
16062,16062,0,2047,189
16063,16063,0,2046,9
16064,16064,0,2046,0
16065,16065,0,2046,16
16066,16066,0,2047,201
16067,16067,0,2047,495
16068,16068,0,2047,882
16069,16069,0,2046,1336
16070,16070,0,2047,1832
16071,16071,0,2046,2341
16072,16072,0,2046,2831
16073,16073,0,2047,3275
16074,16074,0,2047,3645
16075,16075,0,2046,3920
16076,16076,0,2046,4083
16077,16077,0,2047,4095
16078,16078,0,2047,4042
16079,16079,0,2046,3841
16080,16080,0,2046,3532
16081,16081,0,2046,3135
16082,16082,0,2047,2673
16083,16083,0,2046,2173
16084,16084,0,2046,1666
16085,16085,0,2046,1180
16086,16086,0,2046,745
16087,16087,0,2047,387
16088,16088,0,2046,127
16089,16089,0,2047,0
16090,16090,0,2046,0
16091,16091,0,2047,56
16092,16092,0,2046,273
16093,16093,0,2046,595
16094,16094,0,2046,1002
16095,16095,0,2046,1472
16096,16096,0,2046,1975
16097,16097,0,2046,2482
16098,16098,0,2046,2962
16099,16099,0,2046,3387
16100,16100,0,2045,3734
16101,16101,0,2047,3977
16102,16102,0,2046,4095
16103,16103,0,2046,4095
16104,16104,0,2047,3997
16105,16105,0,2046,3765
16106,16106,0,2047,3429
16107,16107,0,2046,3012
16108,16108,0,2046,2536
16109,16109,0,2046,2030
16110,16110,0,2046,1526
16111,16111,0,2046,1051
16112,16112,0,2046,636
16113,16113,0,2046,304
16114,16114,0,2047,73
16115,16115,0,2046,0
16116,16116,0,2046,0
16117,16117,0,2046,105
16118,16118,0,2046,353
16119,16119,0,2046,701
16120,16120,0,2046,1128
16121,16121,0,2047,1610
16122,16122,0,2047,2117
16123,16123,0,2046,2619
16124,16124,0,2047,3087
16125,16125,0,2046,3492
16126,16126,0,2047,3812
16127,16127,0,2046,4025
16128,16128,0,2046,4095
16129,16129,0,2046,4094
16130,16130,0,2045,3944
16131,16131,0,2046,3680
16132,16132,0,2047,3319
16133,16133,0,2046,2883
16134,16134,0,2046,2396
16135,16135,0,2046,1888
16136,16136,0,2046,1388
16137,16137,0,2045,928
16138,16138,0,2046,534
16139,16139,0,2046,229
16140,16140,0,2046,30
16141,16141,0,2046,0
16142,16142,0,2046,0
16143,16143,0,2047,164
16144,16144,0,2047,442
16145,16145,0,2046,814
16146,16146,0,2047,1259
16147,16147,0,2046,1750
16148,16148,0,2046,2259
16149,16149,0,2046,2755
16150,16150,0,2047,3208
16151,16151,0,2046,3592
16152,16152,0,2046,3883
16153,16153,0,2046,4065
16154,16154,0,2046,4095
16155,16155,0,2046,4063
16156,16156,0,2047,3881
16157,16157,0,2047,3589
16158,16158,0,2046,3204
16159,16159,0,2046,2750
16160,16160,0,2046,2255
16161,16161,0,2046,1747
16162,16162,0,2046,1255
16163,16163,0,2046,810
16164,16164,0,2047,438
16165,16165,0,2046,161
16166,16166,0,2046,0
16167,16167,0,2046,0
16168,16168,0,2046,32
16169,16169,0,2047,230
16170,16170,0,2046,537
16171,16171,0,2046,932
16172,16172,0,2046,1393
16173,16173,0,2047,1893
16174,16174,0,2046,2400
16175,16175,0,2047,2887
16176,16176,0,2047,3323
16177,16177,0,2047,3684
16178,16178,0,2046,3945
16179,16179,0,2046,4094
16180,16180,0,2046,4095
16181,16181,0,2046,4024
16182,16182,0,2046,3809
16183,16183,0,2046,3489
16184,16184,0,2047,3083
16185,16185,0,2046,2615
16186,16186,0,2046,2113
16187,16187,0,2047,1605
16188,16188,0,2046,1124
16189,16189,0,2046,697
16190,16190,0,2046,350
16191,16191,0,2046,103
16192,16192,0,2046,0
16193,16193,0,2047,0
16194,16194,0,2047,76
16195,16195,0,2046,305
16196,16196,0,2046,639
16197,16197,0,2046,1056
16198,16198,0,2046,1531
16199,16199,0,2046,2035
16200,16200,0,2046,2540
16201,16201,0,2046,3016
16202,16202,0,2046,3433
16203,16203,0,2046,3767
16204,16204,0,2046,3999
16205,16205,0,2046,4095
16206,16206,0,2046,4095
16207,16207,0,2047,3975
16208,16208,0,2046,3729
16209,16209,0,2046,3383
16210,16210,0,2046,2957
16211,16211,0,2046,2476
16212,16212,0,2046,1970
16213,16213,0,2046,1467
16214,16214,0,2046,999
16215,16215,0,2046,592
16216,16216,0,2046,270
16217,16217,0,2046,54
16218,16218,0,2047,0
16219,16219,0,2046,0
16220,16220,0,2046,128
16221,16221,0,2046,389
16222,16222,0,2046,749
16223,16223,0,2047,1184
16224,16224,0,2046,1670
16225,16225,0,2046,2177
16226,16226,0,2046,2678
16227,16227,0,2047,3139
16228,16228,0,2046,3536
16229,16229,0,2046,3843
16230,16230,0,2047,4043
16231,16231,0,2046,4095
16232,16232,0,2046,4083
16233,16233,0,2047,3918
16234,16234,0,2046,3643
16235,16235,0,2047,3272
16236,16236,0,2046,2827
16237,16237,0,2046,2336
16238,16238,0,2047,1827
16239,16239,0,2046,1331
16240,16240,0,2047,877
16241,16241,0,2046,492
16242,16242,0,2046,199
16243,16243,0,2046,14
16244,16244,0,2046,0
16245,16245,0,2046,10
16246,16246,0,2046,191
16247,16247,0,2046,481
16248,16248,0,2046,864
16249,16249,0,2046,1315
16250,16250,0,2046,1811
16251,16251,0,2046,2320
16252,16252,0,2046,2811
16253,16253,0,2046,3258
16254,16254,0,2046,3632
16255,16255,0,2047,3911
16256,16256,0,2047,4079
16257,16257,0,2047,4095
16258,16258,0,2046,4048
16259,16259,0,2047,3851
16260,16260,0,2046,3547
16261,16261,0,2047,3153
16262,16262,0,2047,2693
16263,16263,0,2047,2194
16264,16264,0,2046,1686
16265,16265,0,2046,1200
16266,16266,0,2047,762
16267,16267,0,2046,400
16268,16268,0,2046,136
16269,16269,0,2046,0
16270,16270,0,2047,0
16271,16271,0,2046,49
16272,16272,0,2046,261
16273,16273,0,2046,580
16274,16274,0,2046,984
16275,16275,0,2046,1451
16276,16276,0,2046,1953
16277,16277,0,2046,2461
16278,16278,0,2047,2942
16279,16279,0,2046,3370
16280,16280,0,2047,3720
16281,16281,0,2047,3969
16282,16282,0,2047,4095
16283,16283,0,2046,4095
16284,16284,0,2046,4005
16285,16285,0,2046,3776
16286,16286,0,2046,3445
16287,16287,0,2046,3030
16288,16288,0,2046,2556
16289,16289,0,2047,2052
16290,16290,0,2046,1547
16291,16291,0,2047,1071
16292,16292,0,2046,652
16293,16293,0,2047,316
16294,16294,0,2047,82
16295,16295,0,2046,0
16296,16296,0,2047,0
16297,16297,0,2047,97
16298,16298,0,2047,341
16299,16299,0,2046,684
16300,16300,0,2046,1110
16301,16301,0,2046,1590
16302,16302,0,2046,2096
16303,16303,0,2047,2599
16304,16304,0,2046,3068
16305,16305,0,2046,3478
16306,16306,0,2046,3801
16307,16307,0,2047,4020
16308,16308,0,2046,4095
16309,16309,0,2047,4095
16310,16310,0,2046,3952
16311,16311,0,2046,3693
16312,16312,0,2046,3336
16313,16313,0,2046,2902
16314,16314,0,2047,2417
16315,16315,0,2046,1909
16316,16316,0,2047,1409
16317,16317,0,2046,946
16318,16318,0,2046,549
16319,16319,0,2046,239
16320,16320,0,2047,36
16321,16321,0,2046,0
16322,16322,0,2046,0
16323,16323,0,2047,155
16324,16324,0,2046,428
16325,16325,0,2046,797
16326,16326,0,2047,1240
16327,16327,0,2047,1730
16328,16328,0,2047,2239
16329,16329,0,2046,2735
16330,16330,0,2046,3191
16331,16331,0,2047,3577
16332,16332,0,2046,3873
16333,16333,0,2046,4060
16334,16334,0,2046,4095
16335,16335,0,2046,4069
16336,16336,0,2046,3890
16337,16337,0,2046,3602
16338,16338,0,2046,3222
16339,16339,0,2047,2771
16340,16340,0,2047,2276
16341,16341,0,2046,1767
16342,16342,0,2046,1274
16343,16343,0,2046,827
16344,16344,0,2047,452
16345,16345,0,2046,171
16346,16346,0,2046,1
16347,16347,0,2047,0
16348,16348,0,2047,26
16349,16349,0,2047,220
16350,16350,0,2047,523
16351,16351,0,2046,915
16352,16352,0,2046,1372
16353,16353,0,2047,1871
16354,16354,0,2047,2380
16355,16355,0,2046,2868
16356,16356,0,2047,3307
16357,16357,0,2046,3671
16358,16358,0,2047,3936
16359,16359,0,2046,4091
16360,16360,0,2047,4095
16361,16361,0,2046,4031
16362,16362,0,2046,3821
16363,16363,0,2046,3504
16364,16364,0,2047,3102
16365,16365,0,2046,2636
16366,16366,0,2046,2133
16367,16367,0,2047,1626
16368,16368,0,2047,1143
16369,16369,0,2046,715
16370,16370,0,2046,363
16371,16371,0,2047,111
16372,16372,0,2046,0
16373,16373,0,2046,0
16374,16374,0,2047,68
16375,16375,0,2046,295
16376,16376,0,2047,623
16377,16377,0,2046,1037
16378,16378,0,2046,1511
16379,16379,0,2046,2014
16380,16380,0,2046,2519
16381,16381,0,2047,2997
16382,16382,0,2046,3417
16383,16383,0,2047,3756
