Sample in Buffer,Sample in Window,TRIGGER,adc1_data_a_d0[11:0],adc1_data_b_d0[11:0]
0,0,0,2046,789
1,1,0,2047,575
2,2,0,2046,388
3,3,0,2047,233
4,4,0,2047,109
5,5,0,2046,19
6,6,0,2046,0
7,7,0,2047,0
8,8,0,2045,0
9,9,0,2046,37
10,10,0,2046,134
11,11,0,2046,266
12,12,0,2047,429
13,13,0,2046,622
14,14,0,2047,840
15,15,0,2047,1080
16,16,0,2046,1336
17,17,0,2046,1607
18,18,0,2047,1884
19,19,0,2046,2163
20,20,0,2046,2440
21,21,0,2046,2711
22,22,0,2047,2969
23,23,0,2046,3210
24,24,0,2046,3430
25,25,0,2047,3625
26,26,0,2047,3792
27,27,0,2046,3927
28,28,0,2047,4026
29,29,0,2046,4091
30,30,0,2046,4095
31,31,0,2046,4095
32,32,0,2047,4062
33,33,0,2046,3978
34,34,0,2046,3859
35,35,0,2046,3708
36,36,0,2047,3526
37,37,0,2047,3318
38,38,0,2046,3085
39,39,0,2046,2834
40,40,0,2047,2569
41,41,0,2047,2294
42,42,0,2046,2014
43,43,0,2047,1735
44,44,0,2047,1460
45,45,0,2047,1196
46,46,0,2046,947
47,47,0,2046,719
48,48,0,2046,513
49,49,0,2047,336
50,50,0,2047,190
51,51,0,2047,77
52,52,0,2047,0
53,53,0,2046,0
54,54,0,2046,0
55,55,0,2046,0
56,56,0,2047,64
57,57,0,2047,172
58,58,0,2047,313
59,59,0,2046,487
60,60,0,2047,687
61,61,0,2046,913
62,62,0,2047,1159
63,63,0,2046,1421
64,64,0,2046,1693
65,65,0,2046,1972
66,66,0,2046,2251
67,67,0,2047,2527
68,68,0,2046,2794
69,69,0,2047,3047
70,70,0,2046,3283
71,71,0,2046,3495
72,72,0,2047,3681
73,73,0,2046,3838
74,74,0,2046,3961
75,75,0,2046,4051
76,76,0,2046,4095
77,77,0,2047,4095
78,78,0,2046,4095
79,79,0,2046,4039
80,80,0,2046,3944
81,81,0,2047,3815
82,82,0,2046,3653
83,83,0,2047,3463
84,84,0,2046,3246
85,85,0,2047,3007
86,86,0,2047,2752
87,87,0,2046,2483
88,88,0,2047,2206
89,89,0,2046,1926
90,90,0,2046,1648
91,91,0,2046,1376
92,92,0,2046,1116
93,93,0,2046,874
94,94,0,2046,652
95,95,0,2046,455
96,96,0,2046,287
97,97,0,2046,150
98,98,0,2046,48
99,99,0,2047,0
100,100,0,2047,0
101,101,0,2047,0
102,102,0,2046,10
103,103,0,2046,94
104,104,0,2046,212
105,105,0,2046,365
106,106,0,2047,547
107,107,0,2047,756
108,108,0,2046,989
109,109,0,2046,1239
110,110,0,2046,1504
111,111,0,2046,1780
112,112,0,2047,2059
113,113,0,2046,2338
114,114,0,2046,2612
115,115,0,2046,2875
116,116,0,2046,3123
117,117,0,2046,3351
118,118,0,2046,3556
119,119,0,2046,3733
120,120,0,2046,3879
121,121,0,2046,3993
122,122,0,2047,4071
123,123,0,2046,4095
124,124,0,2046,4095
125,125,0,2046,4082
126,126,0,2046,4013
127,127,0,2047,3906
128,128,0,2047,3767
129,129,0,2046,3597
130,130,0,2047,3397
131,131,0,2047,3174
132,132,0,2046,2929
133,133,0,2046,2669
134,134,0,2047,2397
135,135,0,2047,2118
136,136,0,2047,1838
137,137,0,2046,1562
138,138,0,2047,1293
139,139,0,2047,1038
140,140,0,2046,801
141,141,0,2046,586
142,142,0,2046,398
143,143,0,2046,240
144,144,0,2047,115
145,145,0,2047,24
146,146,0,2047,0
147,147,0,2046,0
148,148,0,2046,0
149,149,0,2046,33
150,150,0,2047,128
151,151,0,2047,258
152,152,0,2047,419
153,153,0,2047,610
154,154,0,2047,827
155,155,0,2046,1065
156,156,0,2046,1322
157,157,0,2047,1591
158,158,0,2046,1867
159,159,0,2047,2147
160,160,0,2046,2425
161,161,0,2046,2696
162,162,0,2046,2955
163,163,0,2046,3197
164,164,0,2046,3418
165,165,0,2047,3615
166,166,0,2046,3783
167,167,0,2046,3920
168,168,0,2046,4022
169,169,0,2047,4089
170,170,0,2046,4095
171,171,0,2047,4095
172,172,0,2046,4065
173,173,0,2047,3983
174,174,0,2047,3866
175,175,0,2047,3717
176,176,0,2047,3537
177,177,0,2046,3329
178,178,0,2046,3099
179,179,0,2046,2850
180,180,0,2046,2585
181,181,0,2047,2310
182,182,0,2046,2030
183,183,0,2047,1750
184,184,0,2046,1475
185,185,0,2046,1211
186,186,0,2046,962
187,187,0,2047,731
188,188,0,2047,524
189,189,0,2046,345
190,190,0,2047,197
191,191,0,2046,82
192,192,0,2046,3
193,193,0,2046,0
194,194,0,2046,0
195,195,0,2046,0
196,196,0,2046,59
197,197,0,2047,165
198,198,0,2046,305
199,199,0,2046,476
200,200,0,2046,676
201,201,0,2046,900
202,202,0,2047,1145
203,203,0,2046,1405
204,204,0,2047,1677
205,205,0,2047,1956
206,206,0,2046,2236
207,207,0,2046,2512
208,208,0,2046,2779
209,209,0,2046,3033
210,210,0,2046,3270
211,211,0,2046,3483
212,212,0,2046,3671
213,213,0,2046,3830
214,214,0,2046,3955
215,215,0,2047,4046
216,216,0,2046,4095
217,217,0,2046,4095
218,218,0,2047,4095
219,219,0,2046,4043
220,220,0,2047,3950
221,221,0,2046,3823
222,222,0,2046,3663
223,223,0,2046,3474
224,224,0,2046,3260
225,225,0,2047,3022
226,226,0,2046,2767
227,227,0,2046,2499
228,228,0,2046,2222
229,229,0,2046,1942
230,230,0,2047,1663
231,231,0,2046,1391
232,232,0,2047,1131
233,233,0,2046,887
234,234,0,2046,663
235,235,0,2046,465
236,236,0,2046,295
237,237,0,2046,157
238,238,0,2047,53
239,239,0,2047,0
240,240,0,2046,0
241,241,0,2046,0
242,242,0,2046,7
243,243,0,2047,88
244,244,0,2046,205
245,245,0,2047,356
246,246,0,2046,537
247,247,0,2047,744
248,248,0,2046,975
249,249,0,2046,1225
250,250,0,2046,1490
251,251,0,2045,1765
252,252,0,2046,2043
253,253,0,2046,2322
254,254,0,2046,2597
255,255,0,2046,2861
256,256,0,2047,3111
257,257,0,2047,3339
258,258,0,2047,3545
259,259,0,2046,3724
260,260,0,2046,3873
261,261,0,2047,3987
262,262,0,2047,4068
263,263,0,2046,4095
264,264,0,2046,4095
265,265,0,2047,4087
266,266,0,2046,4018
267,267,0,2046,3914
268,268,0,2047,3776
269,269,0,2046,3607
270,270,0,2047,3410
271,271,0,2046,3187
272,272,0,2046,2943
273,273,0,2047,2684
274,274,0,2046,2412
275,275,0,2047,2134
276,276,0,2046,1853
277,277,0,2046,1576
278,278,0,2047,1308
279,279,0,2046,1052
280,280,0,2047,814
281,281,0,2046,598
282,282,0,2047,408
283,283,0,2046,249
284,284,0,2046,121
285,285,0,2046,28
286,286,0,2046,0
287,287,0,2045,0
288,288,0,2047,0
289,289,0,2046,28
290,290,0,2046,122
291,291,0,2046,249
292,292,0,2046,410
293,293,0,2046,598
294,294,0,2047,814
295,295,0,2047,1052
296,296,0,2046,1307
297,297,0,2047,1575
298,298,0,2046,1852
299,299,0,2047,2132
300,300,0,2046,2410
301,301,0,2046,2681
302,302,0,2047,2940
303,303,0,2046,3184
304,304,0,2046,3407
305,305,0,2046,3605
306,306,0,2047,3774
307,307,0,2047,3913
308,308,0,2047,4017
309,309,0,2046,4086
310,310,0,2047,4095
311,311,0,2047,4095
312,312,0,2047,4069
313,313,0,2047,3988
314,314,0,2047,3873
315,315,0,2046,3726
316,316,0,2047,3547
317,317,0,2046,3342
318,318,0,2045,3113
319,319,0,2046,2863
320,320,0,2046,2600
321,321,0,2046,2325
322,322,0,2047,2046
323,323,0,2046,1766
324,324,0,2046,1491
325,325,0,2047,1226
326,326,0,2046,975
327,327,0,2046,743
328,328,0,2046,536
329,329,0,2047,355
330,330,0,2046,204
331,331,0,2046,88
332,332,0,2046,6
333,333,0,2046,0
334,334,0,2046,0
335,335,0,2047,0
336,336,0,2046,54
337,337,0,2046,158
338,338,0,2047,297
339,339,0,2046,466
340,340,0,2046,664
341,341,0,2047,887
342,342,0,2046,1131
343,343,0,2046,1390
344,344,0,2046,1662
345,345,0,2046,1940
346,346,0,2046,2220
347,347,0,2047,2496
348,348,0,2046,2764
349,349,0,2047,3019
350,350,0,2046,3257
351,351,0,2046,3472
352,352,0,2047,3661
353,353,0,2047,3821
354,354,0,2047,3949
355,355,0,2046,4042
356,356,0,2046,4095
357,357,0,2047,4095
358,358,0,2046,4095
359,359,0,2047,4048
360,360,0,2045,3957
361,361,0,2046,3831
362,362,0,2046,3673
363,363,0,2047,3486
364,364,0,2046,3272
365,365,0,2047,3036
366,366,0,2046,2783
367,367,0,2046,2514
368,368,0,2046,2238
369,369,0,2047,1957
370,370,0,2046,1679
371,371,0,2046,1407
372,372,0,2047,1145
373,373,0,2046,900
374,374,0,2046,675
375,375,0,2046,476
376,376,0,2047,304
377,377,0,2046,164
378,378,0,2047,59
379,379,0,2046,0
380,380,0,2046,0
381,381,0,2046,0
382,382,0,2047,3
383,383,0,2046,83
384,384,0,2046,198
385,385,0,2046,346
386,386,0,2046,525
387,387,0,2047,731
388,388,0,2046,961
389,389,0,2046,1210
390,390,0,2046,1474
391,391,0,2047,1748
392,392,0,2046,2028
393,393,0,2046,2307
394,394,0,2046,2582
395,395,0,2046,2847
396,396,0,2046,3096
397,397,0,2047,3327
398,398,0,2047,3534
399,399,0,2047,3715
400,400,0,2047,3865
401,401,0,2046,3982
402,402,0,2046,4064
403,403,0,2046,4095
404,404,0,2046,4095
405,405,0,2046,4088
406,406,0,2046,4022
407,407,0,2047,3921
408,408,0,2046,3784
409,409,0,2046,3617
410,410,0,2046,3420
411,411,0,2047,3200
412,412,0,2047,2958
413,413,0,2046,2699
414,414,0,2046,2427
415,415,0,2047,2150
416,416,0,2047,1870
417,417,0,2046,1592
418,418,0,2047,1322
419,419,0,2046,1066
420,420,0,2046,827
421,421,0,2047,610
422,422,0,2046,419
423,423,0,2046,257
424,424,0,2047,127
425,425,0,2046,32
426,426,0,2047,0
427,427,0,2046,0
428,428,0,2046,0
429,429,0,2047,24
430,430,0,2046,115
431,431,0,2046,241
432,432,0,2046,399
433,433,0,2046,587
434,434,0,2046,801
435,435,0,2047,1037
436,436,0,2047,1292
437,437,0,2046,1560
438,438,0,2046,1836
439,439,0,2046,2116
440,440,0,2047,2394
441,441,0,2047,2666
442,442,0,2047,2926
443,443,0,2046,3172
444,444,0,2046,3394
445,445,0,2047,3594
446,446,0,2046,3765
447,447,0,2046,3906
448,448,0,2046,4012
449,449,0,2046,4083
450,450,0,2046,4095
451,451,0,2046,4095
452,452,0,2046,4072
453,453,0,2047,3994
454,454,0,2047,3881
455,455,0,2046,3736
456,456,0,2046,3559
457,457,0,2046,3354
458,458,0,2046,3126
459,459,0,2046,2878
460,460,0,2047,2615
461,461,0,2046,2341
462,462,0,2047,2062
463,463,0,2047,1782
464,464,0,2047,1506
465,465,0,2047,1241
466,466,0,2046,989
467,467,0,2046,755
468,468,0,2046,547
469,469,0,2047,364
470,470,0,2046,212
471,471,0,2046,94
472,472,0,2046,9
473,473,0,2045,0
474,474,0,2046,0
475,475,0,2046,0
476,476,0,2046,49
477,477,0,2047,152
478,478,0,2046,288
479,479,0,2047,456
480,480,0,2046,652
481,481,0,2046,874
482,482,0,2046,1117
483,483,0,2047,1375
484,484,0,2047,1646
485,485,0,2047,1924
486,486,0,2047,2205
487,487,0,2046,2481
488,488,0,2046,2750
489,489,0,2046,3006
490,490,0,2046,3243
491,491,0,2046,3460
492,492,0,2046,3651
493,493,0,2047,3813
494,494,0,2046,3943
495,495,0,2047,4037
496,496,0,2046,4095
497,497,0,2047,4095
498,498,0,2047,4095
499,499,0,2047,4051
500,500,0,2047,3963
501,501,0,2046,3839
502,502,0,2046,3683
503,503,0,2046,3498
504,504,0,2046,3285
505,505,0,2046,3051
506,506,0,2046,2798
507,507,0,2046,2530
508,508,0,2046,2254
509,509,0,2046,1974
510,510,0,2047,1695
511,511,0,2047,1421
512,512,0,2046,1160
513,513,0,2046,914
514,514,0,2046,688
515,515,0,2046,486
516,516,0,2047,313
517,517,0,2046,171
518,518,0,2046,63
519,519,0,2046,0
520,520,0,2046,0
521,521,0,2047,0
522,522,0,2046,0
523,523,0,2047,78
524,524,0,2046,190
525,525,0,2046,336
526,526,0,2046,514
527,527,0,2046,719
528,528,0,2046,948
529,529,0,2047,1196
530,530,0,2047,1459
531,531,0,2046,1733
532,532,0,2046,2012
533,533,0,2046,2291
534,534,0,2046,2566
535,535,0,2046,2831
536,536,0,2046,3082
537,537,0,2046,3314
538,538,0,2047,3523
539,539,0,2046,3706
540,540,0,2046,3857
541,541,0,2047,3976
542,542,0,2046,4061
543,543,0,2047,4095
544,544,0,2046,4095
545,545,0,2046,4091
546,546,0,2046,4027
547,547,0,2046,3928
548,548,0,2046,3793
549,549,0,2046,3628
550,550,0,2047,3433
551,551,0,2046,3213
552,552,0,2046,2972
553,553,0,2047,2714
554,554,0,2047,2443
555,555,0,2047,2166
556,556,0,2047,1885
557,557,0,2047,1607
558,558,0,2046,1338
559,559,0,2046,1079
560,560,0,2046,840
561,561,0,2046,621
562,562,0,2046,429
563,563,0,2047,265
564,564,0,2047,133
565,565,0,2046,37
566,566,0,2046,0
567,567,0,2047,0
568,568,0,2046,0
569,569,0,2046,20
570,570,0,2047,109
571,571,0,2046,233
572,572,0,2046,390
573,573,0,2046,576
574,574,0,2047,788
575,575,0,2046,1024
576,576,0,2047,1278
577,577,0,2046,1545
578,578,0,2046,1820
579,579,0,2046,2100
580,580,0,2047,2378
581,581,0,2047,2651
582,582,0,2046,2912
583,583,0,2046,3157
584,584,0,2046,3382
585,585,0,2047,3584
586,586,0,2046,3756
587,587,0,2046,3899
588,588,0,2047,4007
589,589,0,2047,4080
590,590,0,2046,4095
591,591,0,2046,4095
592,592,0,2046,4075
593,593,0,2046,4000
594,594,0,2047,3889
595,595,0,2047,3745
596,596,0,2047,3569
597,597,0,2047,3366
598,598,0,2046,3139
599,599,0,2046,2893
600,600,0,2046,2630
601,601,0,2046,2357
602,602,0,2047,2077
603,603,0,2047,1797
604,604,0,2047,1522
605,605,0,2046,1255
606,606,0,2046,1002
607,607,0,2047,769
608,608,0,2046,557
609,609,0,2046,374
610,610,0,2046,220
611,611,0,2046,99
612,612,0,2045,13
613,613,0,2046,0
614,614,0,2046,0
615,615,0,2047,0
616,616,0,2047,44
617,617,0,2046,144
618,618,0,2046,279
619,619,0,2046,445
620,620,0,2046,641
621,621,0,2046,860
622,622,0,2046,1102
623,623,0,2046,1360
624,624,0,2046,1630
625,625,0,2046,1907
626,626,0,2046,2188
627,627,0,2046,2465
628,628,0,2046,2735
629,629,0,2046,2992
630,630,0,2046,3231
631,631,0,2046,3449
632,632,0,2046,3640
633,633,0,2047,3805
634,634,0,2047,3937
635,635,0,2047,4033
636,636,0,2046,4095
637,637,0,2047,4095
638,638,0,2046,4095
639,639,0,2047,4055
640,640,0,2046,3968
641,641,0,2046,3847
642,642,0,2046,3692
643,643,0,2046,3508
644,644,0,2046,3298
645,645,0,2046,3064
646,646,0,2046,2812
647,647,0,2046,2546
648,648,0,2046,2269
649,649,0,2047,1989
650,650,0,2047,1710
651,651,0,2046,1437
652,652,0,2046,1174
653,653,0,2047,927
654,654,0,2046,700
655,655,0,2047,497
656,656,0,2047,322
657,657,0,2046,178
658,658,0,2046,68
659,659,0,2047,0
660,660,0,2046,0
661,661,0,2046,0
662,662,0,2046,0
663,663,0,2046,72
664,664,0,2046,183
665,665,0,2046,328
666,666,0,2047,504
667,667,0,2046,706
668,668,0,2047,934
669,669,0,2047,1182
670,670,0,2047,1444
671,671,0,2046,1717
672,672,0,2046,1996
673,673,0,2046,2276
674,674,0,2047,2551
675,675,0,2046,2816
676,676,0,2046,3069
677,677,0,2047,3302
678,678,0,2047,3512
679,679,0,2047,3696
680,680,0,2047,3850
681,681,0,2046,3971
682,682,0,2046,4057
683,683,0,2046,4095
684,684,0,2046,4095
685,685,0,2047,4093
686,686,0,2046,4032
687,687,0,2047,3934
688,688,0,2046,3801
689,689,0,2046,3637
690,690,0,2047,3444
691,691,0,2046,3227
692,692,0,2046,2987
693,693,0,2046,2729
694,694,0,2047,2459
695,695,0,2047,2182
696,696,0,2046,1901
697,697,0,2046,1622
698,698,0,2047,1352
699,699,0,2046,1094
700,700,0,2047,853
701,701,0,2047,633
702,702,0,2046,438
703,703,0,2046,273
704,704,0,2046,140
705,705,0,2047,41
706,706,0,2046,0
707,707,0,2046,0
708,708,0,2046,0
709,709,0,2047,16
710,710,0,2047,103
711,711,0,2046,225
712,712,0,2047,380
713,713,0,2047,565
714,714,0,2046,776
715,715,0,2046,1010
716,716,0,2046,1263
717,717,0,2046,1529
718,718,0,2047,1805
719,719,0,2046,2084
720,720,0,2047,2363
721,721,0,2047,2635
722,722,0,2046,2898
723,723,0,2047,3144
724,724,0,2047,3371
725,725,0,2046,3573
726,726,0,2047,3747
727,727,0,2046,3891
728,728,0,2047,4001
729,729,0,2046,4077
730,730,0,2046,4095
731,731,0,2046,4095
732,732,0,2046,4078
733,733,0,2047,4004
734,734,0,2047,3895
735,735,0,2047,3753
736,736,0,2046,3581
737,737,0,2046,3378
738,738,0,2046,3153
739,739,0,2046,2907
740,740,0,2047,2644
741,741,0,2047,2372
742,742,0,2047,2093
743,743,0,2046,1813
744,744,0,2046,1537
745,745,0,2046,1270
746,746,0,2046,1016
747,747,0,2046,781
748,748,0,2047,569
749,749,0,2047,384
750,750,0,2046,228
751,751,0,2047,104
752,752,0,2046,18
753,753,0,2046,0
754,754,0,2046,0
755,755,0,2047,0
756,756,0,2046,40
757,757,0,2046,138
758,758,0,2046,271
759,759,0,2047,435
760,760,0,2046,629
761,761,0,2046,847
762,762,0,2046,1088
763,763,0,2046,1345
764,764,0,2046,1614
765,765,0,2046,1893
766,766,0,2046,2172
767,767,0,2046,2449
768,768,0,2047,2720
769,769,0,2046,2977
770,770,0,2046,3218
771,771,0,2046,3437
772,772,0,2046,3631
773,773,0,2046,3796
774,774,0,2046,3930
775,775,0,2046,4029
776,776,0,2046,4093
777,777,0,2047,4095
778,778,0,2046,4095
779,779,0,2047,4058
780,780,0,2047,3974
781,781,0,2046,3854
782,782,0,2046,3702
783,783,0,2046,3519
784,784,0,2046,3310
785,785,0,2046,3077
786,786,0,2047,2826
787,787,0,2047,2560
788,788,0,2046,2286
789,789,0,2046,2004
790,790,0,2046,1726
791,791,0,2046,1452
792,792,0,2046,1189
793,793,0,2047,940
794,794,0,2046,712
795,795,0,2046,507
796,796,0,2046,331
797,797,0,2046,185
798,798,0,2046,74
799,799,0,2046,0
800,800,0,2046,0
801,801,0,2046,0
802,802,0,2046,0
803,803,0,2046,67
804,804,0,2046,175
805,805,0,2046,319
806,806,0,2047,493
807,807,0,2046,694
808,808,0,2046,921
809,809,0,2046,1168
810,810,0,2047,1430
811,811,0,2046,1701
812,812,0,2046,1980
813,813,0,2047,2260
814,814,0,2046,2536
815,815,0,2046,2802
816,816,0,2046,3055
817,817,0,2046,3289
818,818,0,2046,3501
819,819,0,2046,3686
820,820,0,2046,3842
821,821,0,2046,3964
822,822,0,2046,4052
823,823,0,2046,4095
824,824,0,2046,4095
825,825,0,2047,4095
826,826,0,2047,4037
827,827,0,2046,3941
828,828,0,2047,3810
829,829,0,2046,3648
830,830,0,2046,3456
831,831,0,2047,3239
832,832,0,2047,3001
833,833,0,2047,2744
834,834,0,2046,2474
835,835,0,2046,2198
836,836,0,2046,1918
837,837,0,2047,1638
838,838,0,2046,1367
839,839,0,2046,1108
840,840,0,2046,866
841,841,0,2047,644
842,842,0,2046,449
843,843,0,2046,281
844,844,0,2046,146
845,845,0,2046,46
846,846,0,2047,0
847,847,0,2046,0
848,848,0,2046,0
849,849,0,2046,12
850,850,0,2047,97
851,851,0,2046,218
852,852,0,2045,371
853,853,0,2046,554
854,854,0,2047,764
855,855,0,2046,996
856,856,0,2046,1249
857,857,0,2046,1514
858,858,0,2046,1789
859,859,0,2047,2069
860,860,0,2046,2347
861,861,0,2046,2621
862,862,0,2046,2884
863,863,0,2047,3131
864,864,0,2046,3358
865,865,0,2047,3563
866,866,0,2046,3738
867,867,0,2047,3884
868,868,0,2046,3996
869,869,0,2047,4073
870,870,0,2046,4095
871,871,0,2046,4095
872,872,0,2047,4082
873,873,0,2046,4010
874,874,0,2046,3903
875,875,0,2047,3762
876,876,0,2047,3591
877,877,0,2046,3391
878,878,0,2046,3167
879,879,0,2046,2922
880,880,0,2046,2660
881,881,0,2046,2388
882,882,0,2046,2109
883,883,0,2046,1828
884,884,0,2047,1552
885,885,0,2046,1284
886,886,0,2046,1030
887,887,0,2046,794
888,888,0,2046,579
889,889,0,2046,392
890,890,0,2046,235
891,891,0,2046,111
892,892,0,2046,21
893,893,0,2046,0
894,894,0,2047,0
895,895,0,2047,0
896,896,0,2046,36
897,897,0,2047,131
898,898,0,2047,261
899,899,0,2046,425
900,900,0,2046,617
901,901,0,2046,835
902,902,0,2047,1074
903,903,0,2047,1330
904,904,0,2046,1599
905,905,0,2046,1877
906,906,0,2047,2157
907,907,0,2046,2434
908,908,0,2046,2704
909,909,0,2046,2963
910,910,0,2047,3205
911,911,0,2047,3425
912,912,0,2047,3621
913,913,0,2046,3788
914,914,0,2046,3923
915,915,0,2047,4025
916,916,0,2046,4089
917,917,0,2046,4095
918,918,0,2046,4095
919,919,0,2046,4064
920,920,0,2046,3980
921,921,0,2046,3862
922,922,0,2046,3712
923,923,0,2046,3531
924,924,0,2047,3323
925,925,0,2047,3091
926,926,0,2047,2840
927,927,0,2046,2575
928,928,0,2046,2300
929,929,0,2046,2021
930,930,0,2047,1742
931,931,0,2046,1466
932,932,0,2047,1203
933,933,0,2046,954
934,934,0,2046,724
935,935,0,2046,518
936,936,0,2046,340
937,937,0,2046,192
938,938,0,2046,79
939,939,0,2047,0
940,940,0,2046,0
941,941,0,2046,0
942,942,0,2046,0
943,943,0,2047,62
944,944,0,2046,169
945,945,0,2047,310
946,946,0,2046,483
947,947,0,2046,682
948,948,0,2046,908
949,949,0,2046,1153
950,950,0,2046,1413
951,951,0,2046,1686
952,952,0,2046,1964
953,953,0,2046,2244
954,954,0,2047,2520
955,955,0,2046,2787
956,956,0,2046,3041
957,957,0,2046,3276
958,958,0,2046,3490
959,959,0,2046,3676
960,960,0,2046,3834
961,961,0,2046,3958
962,962,0,2046,4048
963,963,0,2046,4095
964,964,0,2047,4095
965,965,0,2047,4095
966,966,0,2046,4040
967,967,0,2046,3947
968,968,0,2046,3818
969,969,0,2046,3658
970,970,0,2047,3468
971,971,0,2046,3253
972,972,0,2047,3014
973,973,0,2046,2759
974,974,0,2047,2490
975,975,0,2046,2212
976,976,0,2046,1933
977,977,0,2046,1654
978,978,0,2047,1382
979,979,0,2046,1122
980,980,0,2046,879
981,981,0,2047,658
982,982,0,2046,460
983,983,0,2046,291
984,984,0,2046,153
985,985,0,2046,50
986,986,0,2047,0
987,987,0,2047,0
988,988,0,2047,0
989,989,0,2046,9
990,990,0,2046,92
991,991,0,2046,210
992,992,0,2046,361
993,993,0,2046,542
994,994,0,2046,751
995,995,0,2046,982
996,996,0,2046,1234
997,997,0,2046,1498
998,998,0,2047,1774
999,999,0,2046,2052
1000,1000,0,2046,2332
1001,1001,0,2047,2606
1002,1002,0,2046,2869
1003,1003,0,2046,3117
1004,1004,0,2046,3346
1005,1005,0,2046,3551
1006,1006,0,2046,3729
1007,1007,0,2046,3877
1008,1008,0,2046,3991
1009,1009,0,2046,4069
1010,1010,0,2047,4095
1011,1011,0,2046,4095
1012,1012,0,2046,4084
1013,1013,0,2046,4014
1014,1014,0,2046,3910
1015,1015,0,2046,3771
1016,1016,0,2046,3601
1017,1017,0,2047,3403
1018,1018,0,2046,3179
1019,1019,0,2046,2935
1020,1020,0,2047,2675
1021,1021,0,2047,2404
1022,1022,0,2046,2125
1023,1023,0,2046,1845
1024,1024,0,2047,1567
1025,1025,0,2046,1299
1026,1026,0,2046,1044
1027,1027,0,2047,807
1028,1028,0,2046,592
1029,1029,0,2047,403
1030,1030,0,2046,243
1031,1031,0,2046,117
1032,1032,0,2046,26
1033,1033,0,2046,0
1034,1034,0,2047,0
1035,1035,0,2047,0
1036,1036,0,2046,31
1037,1037,0,2046,125
1038,1038,0,2047,255
1039,1039,0,2047,415
1040,1040,0,2047,605
1041,1041,0,2047,821
1042,1042,0,2046,1060
1043,1043,0,2046,1315
1044,1044,0,2047,1584
1045,1045,0,2046,1861
1046,1046,0,2046,2141
1047,1047,0,2046,2419
1048,1048,0,2047,2689
1049,1049,0,2046,2948
1050,1050,0,2046,3192
1051,1051,0,2046,3414
1052,1052,0,2046,3610
1053,1053,0,2046,3778
1054,1054,0,2046,3916
1055,1055,0,2047,4019
1056,1056,0,2047,4087
1057,1057,0,2046,4095
1058,1058,0,2047,4095
1059,1059,0,2046,4067
1060,1060,0,2046,3986
1061,1061,0,2046,3869
1062,1062,0,2047,3721
1063,1063,0,2047,3541
1064,1064,0,2046,3334
1065,1065,0,2047,3105
1066,1066,0,2046,2855
1067,1067,0,2047,2591
1068,1068,0,2046,2316
1069,1069,0,2047,2037
1070,1070,0,2047,1757
1071,1071,0,2046,1482
1072,1072,0,2046,1217
1073,1073,0,2046,967
1074,1074,0,2046,737
1075,1075,0,2046,529
1076,1076,0,2046,349
1077,1077,0,2047,200
1078,1078,0,2046,84
1079,1079,0,2046,4
1080,1080,0,2047,0
1081,1081,0,2046,0
1082,1082,0,2046,0
1083,1083,0,2047,56
1084,1084,0,2046,162
1085,1085,0,2046,301
1086,1086,0,2047,472
1087,1087,0,2047,670
1088,1088,0,2046,894
1089,1089,0,2046,1139
1090,1090,0,2046,1399
1091,1091,0,2046,1671
1092,1092,0,2047,1949
1093,1093,0,2047,2229
1094,1094,0,2046,2505
1095,1095,0,2046,2772
1096,1096,0,2047,3027
1097,1097,0,2047,3264
1098,1098,0,2047,3478
1099,1099,0,2047,3667
1100,1100,0,2046,3826
1101,1101,0,2046,3953
1102,1102,0,2047,4044
1103,1103,0,2047,4095
1104,1104,0,2046,4095
1105,1105,0,2046,4095
1106,1106,0,2046,4045
1107,1107,0,2046,3953
1108,1108,0,2047,3826
1109,1109,0,2047,3668
1110,1110,0,2046,3479
1111,1111,0,2046,3264
1112,1112,0,2047,3028
1113,1113,0,2046,2774
1114,1114,0,2047,2505
1115,1115,0,2046,2229
1116,1116,0,2047,1949
1117,1117,0,2047,1669
1118,1118,0,2046,1397
1119,1119,0,2046,1137
1120,1120,0,2046,893
1121,1121,0,2046,668
1122,1122,0,2047,469
1123,1123,0,2046,299
1124,1124,0,2046,160
1125,1125,0,2046,55
1126,1126,0,2047,0
1127,1127,0,2046,0
1128,1128,0,2047,0
1129,1129,0,2047,5
1130,1130,0,2046,86
1131,1131,0,2046,203
1132,1132,0,2047,352
1133,1133,0,2047,531
1134,1134,0,2046,738
1135,1135,0,2047,969
1136,1136,0,2046,1219
1137,1137,0,2045,1483
1138,1138,0,2046,1758
1139,1139,0,2046,2037
1140,1140,0,2047,2316
1141,1141,0,2047,2590
1142,1142,0,2046,2854
1143,1143,0,2047,3104
1144,1144,0,2047,3334
1145,1145,0,2047,3541
1146,1146,0,2046,3720
1147,1147,0,2047,3870
1148,1148,0,2047,3985
1149,1149,0,2046,4066
1150,1150,0,2047,4095
1151,1151,0,2046,4095
1152,1152,0,2047,4086
1153,1153,0,2047,4020
1154,1154,0,2047,3917
1155,1155,0,2046,3780
1156,1156,0,2047,3611
1157,1157,0,2047,3415
1158,1158,0,2047,3193
1159,1159,0,2046,2950
1160,1160,0,2046,2690
1161,1161,0,2046,2418
1162,1162,0,2047,2140
1163,1163,0,2047,1860
1164,1164,0,2046,1583
1165,1165,0,2047,1313
1166,1166,0,2047,1057
1167,1167,0,2047,819
1168,1168,0,2046,603
1169,1169,0,2047,412
1170,1170,0,2046,252
1171,1171,0,2047,123
1172,1172,0,2046,29
1173,1173,0,2046,0
1174,1174,0,2046,0
1175,1175,0,2047,0
1176,1176,0,2047,27
1177,1177,0,2046,118
1178,1178,0,2046,246
1179,1179,0,2046,405
1180,1180,0,2046,594
1181,1181,0,2046,808
1182,1182,0,2046,1046
1183,1183,0,2047,1300
1184,1184,0,2047,1569
1185,1185,0,2046,1846
1186,1186,0,2046,2125
1187,1187,0,2046,2403
1188,1188,0,2046,2674
1189,1189,0,2047,2934
1190,1190,0,2047,3178
1191,1191,0,2046,3401
1192,1192,0,2046,3600
1193,1193,0,2047,3770
1194,1194,0,2046,3910
1195,1195,0,2046,4015
1196,1196,0,2047,4084
1197,1197,0,2046,4095
1198,1198,0,2046,4095
1199,1199,0,2046,4070
1200,1200,0,2046,3992
1201,1201,0,2046,3877
1202,1202,0,2047,3730
1203,1203,0,2047,3552
1204,1204,0,2046,3347
1205,1205,0,2047,3118
1206,1206,0,2046,2870
1207,1207,0,2046,2606
1208,1208,0,2046,2332
1209,1209,0,2047,2052
1210,1210,0,2046,1772
1211,1211,0,2046,1497
1212,1212,0,2046,1232
1213,1213,0,2046,980
1214,1214,0,2047,748
1215,1215,0,2047,540
1216,1216,0,2046,359
1217,1217,0,2046,207
1218,1218,0,2046,90
1219,1219,0,2046,8
1220,1220,0,2047,0
1221,1221,0,2046,0
1222,1222,0,2047,0
1223,1223,0,2047,52
1224,1224,0,2046,155
1225,1225,0,2046,292
1226,1226,0,2046,461
1227,1227,0,2046,658
1228,1228,0,2046,881
1229,1229,0,2047,1125
1230,1230,0,2046,1384
1231,1231,0,2047,1655
1232,1232,0,2047,1933
1233,1233,0,2046,2213
1234,1234,0,2046,2490
1235,1235,0,2046,2758
1236,1236,0,2046,3014
1237,1237,0,2046,3251
1238,1238,0,2047,3468
1239,1239,0,2046,3656
1240,1240,0,2047,3818
1241,1241,0,2046,3947
1242,1242,0,2046,4040
1243,1243,0,2046,4095
1244,1244,0,2046,4095
1245,1245,0,2046,4095
1246,1246,0,2046,4049
1247,1247,0,2047,3960
1248,1248,0,2046,3834
1249,1249,0,2046,3678
1250,1250,0,2046,3490
1251,1251,0,2047,3278
1252,1252,0,2046,3042
1253,1253,0,2047,2788
1254,1254,0,2046,2521
1255,1255,0,2046,2244
1256,1256,0,2047,1964
1257,1257,0,2047,1685
1258,1258,0,2046,1413
1259,1259,0,2046,1151
1260,1260,0,2047,906
1261,1261,0,2047,681
1262,1262,0,2046,480
1263,1263,0,2046,308
1264,1264,0,2046,167
1265,1265,0,2046,60
1266,1266,0,2046,0
1267,1267,0,2046,0
1268,1268,0,2046,0
1269,1269,0,2046,1
1270,1270,0,2046,80
1271,1271,0,2046,195
1272,1272,0,2047,342
1273,1273,0,2046,522
1274,1274,0,2046,727
1275,1275,0,2046,956
1276,1276,0,2046,1205
1277,1277,0,2047,1469
1278,1278,0,2047,1742
1279,1279,0,2046,2022
1280,1280,0,2046,2301
1281,1281,0,2046,2575
1282,1282,0,2046,2840
1283,1283,0,2046,3090
1284,1284,0,2047,3321
1285,1285,0,2046,3530
1286,1286,0,2046,3711
1287,1287,0,2046,3861
1288,1288,0,2046,3979
1289,1289,0,2046,4063
1290,1290,0,2046,4095
1291,1291,0,2046,4095
1292,1292,0,2046,4089
1293,1293,0,2046,4024
1294,1294,0,2047,3924
1295,1295,0,2047,3789
1296,1296,0,2047,3622
1297,1297,0,2046,3426
1298,1298,0,2047,3206
1299,1299,0,2046,2964
1300,1300,0,2047,2705
1301,1301,0,2047,2436
1302,1302,0,2046,2157
1303,1303,0,2047,1876
1304,1304,0,2046,1598
1305,1305,0,2046,1329
1306,1306,0,2047,1072
1307,1307,0,2046,832
1308,1308,0,2047,615
1309,1309,0,2046,423
1310,1310,0,2046,259
1311,1311,0,2047,130
1312,1312,0,2047,34
1313,1313,0,2046,0
1314,1314,0,2046,0
1315,1315,0,2046,0
1316,1316,0,2046,22
1317,1317,0,2046,113
1318,1318,0,2046,238
1319,1319,0,2046,396
1320,1320,0,2047,582
1321,1321,0,2047,795
1322,1322,0,2047,1033
1323,1323,0,2046,1286
1324,1324,0,2046,1553
1325,1325,0,2046,1829
1326,1326,0,2047,2109
1327,1327,0,2046,2387
1328,1328,0,2046,2659
1329,1329,0,2046,2920
1330,1330,0,2046,3165
1331,1331,0,2047,3390
1332,1332,0,2046,3590
1333,1333,0,2046,3761
1334,1334,0,2046,3903
1335,1335,0,2046,4010
1336,1336,0,2047,4082
1337,1337,0,2047,4095
1338,1338,0,2047,4095
1339,1339,0,2047,4074
1340,1340,0,2047,3996
1341,1341,0,2047,3885
1342,1342,0,2047,3739
1343,1343,0,2047,3563
1344,1344,0,2046,3359
1345,1345,0,2047,3132
1346,1346,0,2046,2884
1347,1347,0,2046,2621
1348,1348,0,2046,2347
1349,1349,0,2046,2068
1350,1350,0,2047,1789
1351,1351,0,2046,1513
1352,1352,0,2047,1246
1353,1353,0,2047,994
1354,1354,0,2046,761
1355,1355,0,2047,551
1356,1356,0,2046,368
1357,1357,0,2047,215
1358,1358,0,2046,96
1359,1359,0,2046,12
1360,1360,0,2047,0
1361,1361,0,2046,0
1362,1362,0,2047,0
1363,1363,0,2046,47
1364,1364,0,2047,148
1365,1365,0,2047,284
1366,1366,0,2046,451
1367,1367,0,2046,647
1368,1368,0,2047,869
1369,1369,0,2046,1111
1370,1370,0,2046,1369
1371,1371,0,2047,1639
1372,1372,0,2047,1918
1373,1373,0,2047,2197
1374,1374,0,2046,2474
1375,1375,0,2046,2744
1376,1376,0,2047,3000
1377,1377,0,2047,3239
1378,1378,0,2047,3455
1379,1379,0,2046,3646
1380,1380,0,2046,3810
1381,1381,0,2046,3940
1382,1382,0,2046,4036
1383,1383,0,2046,4095
1384,1384,0,2047,4095
1385,1385,0,2046,4095
1386,1386,0,2046,4053
1387,1387,0,2047,3966
1388,1388,0,2046,3842
1389,1389,0,2046,3687
1390,1390,0,2047,3502
1391,1391,0,2046,3290
1392,1392,0,2047,3056
1393,1393,0,2047,2803
1394,1394,0,2046,2536
1395,1395,0,2046,2261
1396,1396,0,2046,1980
1397,1397,0,2047,1701
1398,1398,0,2047,1428
1399,1399,0,2047,1166
1400,1400,0,2047,919
1401,1401,0,2046,692
1402,1402,0,2047,491
1403,1403,0,2046,316
1404,1404,0,2047,174
1405,1405,0,2047,65
1406,1406,0,2046,0
1407,1407,0,2046,0
1408,1408,0,2046,0
1409,1409,0,2046,0
1410,1410,0,2047,75
1411,1411,0,2047,187
1412,1412,0,2048,333
1413,1413,0,2047,510
1414,1414,0,2046,714
1415,1415,0,2046,942
1416,1416,0,2046,1190
1417,1417,0,2047,1453
1418,1418,0,2046,1727
1419,1419,0,2046,2006
1420,1420,0,2046,2285
1421,1421,0,2046,2559
1422,1422,0,2047,2826
1423,1423,0,2047,3077
1424,1424,0,2046,3310
1425,1425,0,2047,3519
1426,1426,0,2046,3702
1427,1427,0,2046,3855
1428,1428,0,2047,3974
1429,1429,0,2046,4060
1430,1430,0,2046,4095
1431,1431,0,2046,4095
1432,1432,0,2047,4093
1433,1433,0,2046,4029
1434,1434,0,2046,3931
1435,1435,0,2047,3797
1436,1436,0,2046,3632
1437,1437,0,2046,3438
1438,1438,0,2046,3220
1439,1439,0,2047,2978
1440,1440,0,2047,2721
1441,1441,0,2046,2450
1442,1442,0,2046,2173
1443,1443,0,2046,1892
1444,1444,0,2046,1614
1445,1445,0,2047,1344
1446,1446,0,2047,1086
1447,1447,0,2047,845
1448,1448,0,2046,625
1449,1449,0,2046,432
1450,1450,0,2047,269
1451,1451,0,2046,136
1452,1452,0,2046,38
1453,1453,0,2047,0
1454,1454,0,2046,0
1455,1455,0,2047,0
1456,1456,0,2046,18
1457,1457,0,2046,106
1458,1458,0,2046,230
1459,1459,0,2046,385
1460,1460,0,2046,572
1461,1461,0,2046,783
1462,1462,0,2047,1019
1463,1463,0,2046,1272
1464,1464,0,2047,1539
1465,1465,0,2047,1814
1466,1466,0,2046,2094
1467,1467,0,2046,2372
1468,1468,0,2046,2645
1469,1469,0,2047,2907
1470,1470,0,2047,3152
1471,1471,0,2046,3378
1472,1472,0,2046,3579
1473,1473,0,2047,3753
1474,1474,0,2046,3896
1475,1475,0,2046,4005
1476,1476,0,2047,4079
1477,1477,0,2047,4095
1478,1478,0,2047,4095
1479,1479,0,2047,4077
1480,1480,0,2046,4002
1481,1481,0,2046,3892
1482,1482,0,2046,3749
1483,1483,0,2046,3574
1484,1484,0,2046,3372
1485,1485,0,2047,3145
1486,1486,0,2046,2899
1487,1487,0,2046,2636
1488,1488,0,2046,2363
1489,1489,0,2046,2084
1490,1490,0,2047,1804
1491,1491,0,2047,1528
1492,1492,0,2046,1261
1493,1493,0,2046,1008
1494,1494,0,2046,773
1495,1495,0,2046,562
1496,1496,0,2047,378
1497,1497,0,2046,223
1498,1498,0,2047,101
1499,1499,0,2046,15
1500,1500,0,2046,0
1501,1501,0,2047,0
1502,1502,0,2047,0
1503,1503,0,2046,43
1504,1504,0,2046,141
1505,1505,0,2046,276
1506,1506,0,2047,442
1507,1507,0,2046,635
1508,1508,0,2046,855
1509,1509,0,2046,1096
1510,1510,0,2047,1354
1511,1511,0,2046,1624
1512,1512,0,2046,1901
1513,1513,0,2046,2182
1514,1514,0,2046,2459
1515,1515,0,2047,2728
1516,1516,0,2047,2986
1517,1517,0,2046,3225
1518,1518,0,2046,3444
1519,1519,0,2046,3637
1520,1520,0,2046,3801
1521,1521,0,2046,3933
1522,1522,0,2047,4031
1523,1523,0,2047,4094
1524,1524,0,2046,4095
1525,1525,0,2047,4095
1526,1526,0,2047,4057
1527,1527,0,2047,3971
1528,1528,0,2047,3850
1529,1529,0,2046,3696
1530,1530,0,2046,3513
1531,1531,0,2046,3303
1532,1532,0,2047,3070
1533,1533,0,2047,2817
1534,1534,0,2047,2551
1535,1535,0,2047,2275
1536,1536,0,2047,1996
1537,1537,0,2047,1716
1538,1538,0,2046,1443
1539,1539,0,2047,1180
1540,1540,0,2046,933
1541,1541,0,2046,705
1542,1542,0,2046,502
1543,1543,0,2047,325
1544,1544,0,2047,181
1545,1545,0,2047,71
1546,1546,0,2047,0
1547,1547,0,2046,0
1548,1548,0,2047,0
1549,1549,0,2047,0
1550,1550,0,2046,70
1551,1551,0,2047,180
1552,1552,0,2046,324
1553,1553,0,2047,499
1554,1554,0,2046,702
1555,1555,0,2047,929
1556,1556,0,2046,1176
1557,1557,0,2046,1439
1558,1558,0,2047,1710
1559,1559,0,2046,1990
1560,1560,0,2046,2270
1561,1561,0,2046,2545
1562,1562,0,2047,2811
1563,1563,0,2046,3063
1564,1564,0,2047,3297
1565,1565,0,2047,3508
1566,1566,0,2046,3691
1567,1567,0,2046,3847
1568,1568,0,2046,3968
1569,1569,0,2046,4055
1570,1570,0,2047,4095
1571,1571,0,2047,4095
1572,1572,0,2047,4095
1573,1573,0,2047,4034
1574,1574,0,2047,3937
1575,1575,0,2047,3805
1576,1576,0,2047,3642
1577,1577,0,2046,3450
1578,1578,0,2047,3231
1579,1579,0,2046,2992
1580,1580,0,2047,2735
1581,1581,0,2046,2466
1582,1582,0,2046,2187
1583,1583,0,2047,1908
1584,1584,0,2047,1629
1585,1585,0,2047,1359
1586,1586,0,2046,1100
1587,1587,0,2046,858
1588,1588,0,2047,638
1589,1589,0,2047,443
1590,1590,0,2047,276
1591,1591,0,2047,142
1592,1592,0,2046,43
1593,1593,0,2047,0
1594,1594,0,2047,0
1595,1595,0,2046,0
1596,1596,0,2046,14
1597,1597,0,2047,101
1598,1598,0,2046,222
1599,1599,0,2046,376
1600,1600,0,2046,560
1601,1601,0,2047,771
1602,1602,0,2047,1004
1603,1603,0,2047,1257
1604,1604,0,2046,1523
1605,1605,0,2046,1798
1606,1606,0,2047,2078
1607,1607,0,2046,2356
1608,1608,0,2047,2630
1609,1609,0,2047,2892
1610,1610,0,2047,3139
1611,1611,0,2047,3366
1612,1612,0,2046,3569
1613,1613,0,2047,3743
1614,1614,0,2047,3889
1615,1615,0,2048,3999
1616,1616,0,2047,4075
1617,1617,0,2047,4095
1618,1618,0,2046,4095
1619,1619,0,2047,4079
1620,1620,0,2047,4007
1621,1621,0,2046,3899
1622,1622,0,2047,3757
1623,1623,0,2046,3584
1624,1624,0,2046,3383
1625,1625,0,2047,3158
1626,1626,0,2047,2912
1627,1627,0,2046,2651
1628,1628,0,2047,2378
1629,1629,0,2046,2100
1630,1630,0,2046,1819
1631,1631,0,2046,1543
1632,1632,0,2047,1275
1633,1633,0,2046,1022
1634,1634,0,2046,787
1635,1635,0,2047,574
1636,1636,0,2046,387
1637,1637,0,2046,231
1638,1638,0,2047,107
1639,1639,0,2046,19
1640,1640,0,2045,0
1641,1641,0,2047,0
1642,1642,0,2046,0
1643,1643,0,2045,38
1644,1644,0,2047,135
1645,1645,0,2046,267
1646,1646,0,2047,431
1647,1647,0,2046,623
1648,1648,0,2047,842
1649,1649,0,2046,1081
1650,1650,0,2047,1339
1651,1651,0,2047,1608
1652,1652,0,2046,1886
1653,1653,0,2046,2166
1654,1654,0,2046,2443
1655,1655,0,2046,2713
1656,1656,0,2046,2971
1657,1657,0,2047,3213
1658,1658,0,2047,3432
1659,1659,0,2047,3627
1660,1660,0,2047,3793
1661,1661,0,2046,3927
1662,1662,0,2046,4027
1663,1663,0,2046,4091
1664,1664,0,2046,4095
1665,1665,0,2046,4095
1666,1666,0,2047,4061
1667,1667,0,2047,3976
1668,1668,0,2046,3858
1669,1669,0,2047,3706
1670,1670,0,2047,3523
1671,1671,0,2047,3315
1672,1672,0,2046,3084
1673,1673,0,2046,2832
1674,1674,0,2046,2567
1675,1675,0,2047,2291
1676,1676,0,2047,2012
1677,1677,0,2046,1732
1678,1678,0,2046,1458
1679,1679,0,2046,1194
1680,1680,0,2046,945
1681,1681,0,2047,717
1682,1682,0,2047,512
1683,1683,0,2047,335
1684,1684,0,2047,188
1685,1685,0,2047,76
1686,1686,0,2046,0
1687,1687,0,2046,0
1688,1688,0,2047,0
1689,1689,0,2047,0
1690,1690,0,2046,64
1691,1691,0,2047,173
1692,1692,0,2046,315
1693,1693,0,2047,488
1694,1694,0,2046,689
1695,1695,0,2046,916
1696,1696,0,2046,1162
1697,1697,0,2046,1423
1698,1698,0,2046,1695
1699,1699,0,2046,1974
1700,1700,0,2046,2254
1701,1701,0,2046,2529
1702,1702,0,2046,2796
1703,1703,0,2046,3050
1704,1704,0,2046,3284
1705,1705,0,2047,3496
1706,1706,0,2046,3683
1707,1707,0,2047,3838
1708,1708,0,2046,3962
1709,1709,0,2046,4051
1710,1710,0,2047,4095
1711,1711,0,2046,4095
1712,1712,0,2046,4095
1713,1713,0,2046,4038
1714,1714,0,2047,3943
1715,1715,0,2047,3814
1716,1716,0,2046,3652
1717,1717,0,2047,3462
1718,1718,0,2046,3245
1719,1719,0,2047,3006
1720,1720,0,2047,2750
1721,1721,0,2046,2481
1722,1722,0,2046,2204
1723,1723,0,2047,1924
1724,1724,0,2047,1645
1725,1725,0,2047,1374
1726,1726,0,2047,1114
1727,1727,0,2047,871
1728,1728,0,2046,649
1729,1729,0,2046,453
1730,1730,0,2046,286
1731,1731,0,2046,149
1732,1732,0,2046,47
1733,1733,0,2047,0
1734,1734,0,2047,0
1735,1735,0,2047,0
1736,1736,0,2047,11
1737,1737,0,2046,95
1738,1738,0,2046,214
1739,1739,0,2047,367
1740,1740,0,2047,549
1741,1741,0,2046,758
1742,1742,0,2046,991
1743,1743,0,2046,1243
1744,1744,0,2047,1508
1745,1745,0,2046,1783
1746,1746,0,2046,2062
1747,1747,0,2046,2341
1748,1748,0,2047,2615
1749,1749,0,2047,2877
1750,1750,0,2046,3126
1751,1751,0,2046,3353
1752,1752,0,2046,3559
1753,1753,0,2046,3735
1754,1754,0,2046,3881
1755,1755,0,2047,3993
1756,1756,0,2046,4071
1757,1757,0,2047,4095
1758,1758,0,2046,4095
1759,1759,0,2047,4083
1760,1760,0,2046,4011
1761,1761,0,2046,3906
1762,1762,0,2046,3766
1763,1763,0,2047,3595
1764,1764,0,2046,3396
1765,1765,0,2047,3171
1766,1766,0,2046,2927
1767,1767,0,2046,2667
1768,1768,0,2047,2394
1769,1769,0,2047,2115
1770,1770,0,2046,1835
1771,1771,0,2046,1559
1772,1772,0,2047,1290
1773,1773,0,2046,1036
1774,1774,0,2046,799
1775,1775,0,2046,585
1776,1776,0,2046,397
1777,1777,0,2047,239
1778,1778,0,2046,113
1779,1779,0,2046,23
1780,1780,0,2046,0
1781,1781,0,2046,0
1782,1782,0,2046,0
1783,1783,0,2047,33
1784,1784,0,2046,130
1785,1785,0,2046,259
1786,1786,0,2047,421
1787,1787,0,2046,612
1788,1788,0,2047,829
1789,1789,0,2046,1068
1790,1790,0,2046,1324
1791,1791,0,2047,1593
1792,1792,0,2047,1871
1793,1793,0,2046,2150
1794,1794,0,2047,2427
1795,1795,0,2047,2699
1796,1796,0,2046,2957
1797,1797,0,2047,3199
1798,1798,0,2046,3421
1799,1799,0,2046,3617
1800,1800,0,2047,3784
1801,1801,0,2046,3921
1802,1802,0,2047,4022
1803,1803,0,2046,4089
1804,1804,0,2047,4095
1805,1805,0,2047,4095
1806,1806,0,2046,4065
1807,1807,0,2046,3982
1808,1808,0,2046,3865
1809,1809,0,2046,3716
1810,1810,0,2047,3535
1811,1811,0,2047,3327
1812,1812,0,2046,3097
1813,1813,0,2046,2847
1814,1814,0,2046,2582
1815,1815,0,2047,2308
1816,1816,0,2046,2028
1817,1817,0,2046,1748
1818,1818,0,2047,1473
1819,1819,0,2047,1209
1820,1820,0,2046,960
1821,1821,0,2046,729
1822,1822,0,2046,522
1823,1823,0,2046,344
1824,1824,0,2046,195
1825,1825,0,2047,82
1826,1826,0,2047,2
1827,1827,0,2046,0
1828,1828,0,2047,0
1829,1829,0,2046,0
1830,1830,0,2047,60
1831,1831,0,2046,166
1832,1832,0,2046,307
1833,1833,0,2046,478
1834,1834,0,2047,677
1835,1835,0,2046,902
1836,1836,0,2047,1147
1837,1837,0,2047,1407
1838,1838,0,2047,1680
1839,1839,0,2046,1959
1840,1840,0,2046,2238
1841,1841,0,2046,2514
1842,1842,0,2047,2781
1843,1843,0,2046,3036
1844,1844,0,2047,3271
1845,1845,0,2046,3485
1846,1846,0,2046,3672
1847,1847,0,2047,3830
1848,1848,0,2047,3955
1849,1849,0,2046,4047
1850,1850,0,2046,4095
1851,1851,0,2047,4095
1852,1852,0,2046,4095
1853,1853,0,2047,4043
1854,1854,0,2046,3949
1855,1855,0,2047,3822
1856,1856,0,2047,3662
1857,1857,0,2046,3472
1858,1858,0,2046,3257
1859,1859,0,2046,3020
1860,1860,0,2046,2765
1861,1861,0,2047,2496
1862,1862,0,2046,2220
1863,1863,0,2046,1939
1864,1864,0,2046,1661
1865,1865,0,2046,1389
1866,1866,0,2046,1128
1867,1867,0,2047,884
1868,1868,0,2046,662
1869,1869,0,2046,463
1870,1870,0,2046,294
1871,1871,0,2047,155
1872,1872,0,2046,52
1873,1873,0,2046,0
1874,1874,0,2046,0
1875,1875,0,2047,0
1876,1876,0,2046,7
1877,1877,0,2046,90
1878,1878,0,2046,206
1879,1879,0,2046,357
1880,1880,0,2046,538
1881,1881,0,2046,746
1882,1882,0,2047,977
1883,1883,0,2047,1227
1884,1884,0,2047,1492
1885,1885,0,2046,1767
1886,1886,0,2046,2046
1887,1887,0,2046,2325
1888,1888,0,2047,2599
1889,1889,0,2046,2863
1890,1890,0,2046,3112
1891,1891,0,2047,3342
1892,1892,0,2047,3546
1893,1893,0,2046,3725
1894,1894,0,2046,3874
1895,1895,0,2046,3988
1896,1896,0,2047,4068
1897,1897,0,2046,4095
1898,1898,0,2046,4095
1899,1899,0,2046,4086
1900,1900,0,2046,4017
1901,1901,0,2046,3913
1902,1902,0,2046,3775
1903,1903,0,2047,3606
1904,1904,0,2047,3408
1905,1905,0,2046,3185
1906,1906,0,2046,2941
1907,1907,0,2047,2681
1908,1908,0,2046,2410
1909,1909,0,2046,2131
1910,1910,0,2047,1851
1911,1911,0,2046,1574
1912,1912,0,2046,1305
1913,1913,0,2047,1050
1914,1914,0,2047,812
1915,1915,0,2047,596
1916,1916,0,2047,406
1917,1917,0,2046,247
1918,1918,0,2046,120
1919,1919,0,2047,28
1920,1920,0,2047,0
1921,1921,0,2047,0
1922,1922,0,2046,0
1923,1923,0,2047,28
1924,1924,0,2047,122
1925,1925,0,2046,251
1926,1926,0,2047,410
1927,1927,0,2046,601
1928,1928,0,2046,816
1929,1929,0,2047,1054
1930,1930,0,2045,1309
1931,1931,0,2046,1578
1932,1932,0,2046,1854
1933,1933,0,2046,2134
1934,1934,0,2046,2412
1935,1935,0,2047,2683
1936,1936,0,2046,2942
1937,1937,0,2046,3186
1938,1938,0,2046,3408
1939,1939,0,2046,3606
1940,1940,0,2046,3775
1941,1941,0,2046,3914
1942,1942,0,2046,4018
1943,1943,0,2046,4086
1944,1944,0,2046,4095
1945,1945,0,2046,4095
1946,1946,0,2046,4068
1947,1947,0,2046,3988
1948,1948,0,2046,3873
1949,1949,0,2047,3725
1950,1950,0,2046,3546
1951,1951,0,2047,3340
1952,1952,0,2046,3111
1953,1953,0,2047,2862
1954,1954,0,2047,2597
1955,1955,0,2046,2323
1956,1956,0,2046,2043
1957,1957,0,2046,1763
1958,1958,0,2046,1488
1959,1959,0,2046,1224
1960,1960,0,2046,973
1961,1961,0,2047,742
1962,1962,0,2046,534
1963,1963,0,2046,353
1964,1964,0,2047,203
1965,1965,0,2047,87
1966,1966,0,2046,5
1967,1967,0,2046,0
1968,1968,0,2046,0
1969,1969,0,2046,0
1970,1970,0,2046,54
1971,1971,0,2046,159
1972,1972,0,2047,297
1973,1973,0,2047,467
1974,1974,0,2047,665
1975,1975,0,2046,889
1976,1976,0,2046,1134
1977,1977,0,2047,1393
1978,1978,0,2047,1665
1979,1979,0,2047,1942
1980,1980,0,2046,2222
1981,1981,0,2046,2499
1982,1982,0,2047,2766
1983,1983,0,2047,3021
1984,1984,0,2046,3258
1985,1985,0,2046,3474
1986,1986,0,2046,3663
1987,1987,0,2047,3822
1988,1988,0,2046,3949
1989,1989,0,2046,4043
1990,1990,0,2047,4095
1991,1991,0,2046,4095
1992,1992,0,2047,4095
1993,1993,0,2047,4047
1994,1994,0,2046,3956
1995,1995,0,2046,3829
1996,1996,0,2047,3672
1997,1997,0,2046,3484
1998,1998,0,2047,3270
1999,1999,0,2047,3034
2000,2000,0,2046,2780
2001,2001,0,2046,2512
2002,2002,0,2046,2235
2003,2003,0,2047,1955
2004,2004,0,2046,1676
2005,2005,0,2047,1404
2006,2006,0,2046,1143
2007,2007,0,2047,897
2008,2008,0,2046,673
2009,2009,0,2046,474
2010,2010,0,2046,303
2011,2011,0,2046,163
2012,2012,0,2046,57
2013,2013,0,2047,0
2014,2014,0,2047,0
2015,2015,0,2047,0
2016,2016,0,2047,4
2017,2017,0,2046,84
2018,2018,0,2047,199
2019,2019,0,2047,348
2020,2020,0,2047,528
2021,2021,0,2047,734
2022,2022,0,2047,963
2023,2023,0,2047,1213
2024,2024,0,2046,1476
2025,2025,0,2047,1751
2026,2026,0,2046,2031
2027,2027,0,2046,2310
2028,2028,0,2047,2584
2029,2029,0,2047,2848
2030,2030,0,2047,3099
2031,2031,0,2046,3328
2032,2032,0,2047,3535
2033,2033,0,2046,3716
2034,2034,0,2047,3866
2035,2035,0,2047,3983
2036,2036,0,2047,4064
2037,2037,0,2046,4095
2038,2038,0,2046,4095
2039,2039,0,2046,4088
2040,2040,0,2047,4021
2041,2041,0,2046,3919
2042,2042,0,2046,3783
2043,2043,0,2046,3616
2044,2044,0,2047,3420
2045,2045,0,2046,3198
2046,2046,0,2047,2955
2047,2047,0,2046,2696
2048,2048,0,2047,2425
2049,2049,0,2047,2147
2050,2050,0,2046,1868
2051,2051,0,2046,1590
2052,2052,0,2047,1320
2053,2053,0,2046,1064
2054,2054,0,2047,824
2055,2055,0,2046,608
2056,2056,0,2046,417
2057,2057,0,2046,256
2058,2058,0,2046,126
2059,2059,0,2048,32
2060,2060,0,2046,0
2061,2061,0,2046,0
2062,2062,0,2046,0
2063,2063,0,2046,24
2064,2064,0,2047,116
2065,2065,0,2047,242
2066,2066,0,2047,401
2067,2067,0,2047,589
2068,2068,0,2047,803
2069,2069,0,2046,1040
2070,2070,0,2047,1295
2071,2071,0,2046,1562
2072,2072,0,2047,1839
2073,2073,0,2047,2118
2074,2074,0,2046,2397
2075,2075,0,2046,2668
2076,2076,0,2047,2928
2077,2077,0,2047,3173
2078,2078,0,2047,3397
2079,2079,0,2046,3596
2080,2080,0,2046,3767
2081,2081,0,2047,3907
2082,2082,0,2046,4012
2083,2083,0,2046,4084
2084,2084,0,2046,4095
2085,2085,0,2047,4095
2086,2086,0,2047,4071
2087,2087,0,2047,3993
2088,2088,0,2046,3881
2089,2089,0,2046,3734
2090,2090,0,2047,3557
2091,2091,0,2047,3352
2092,2092,0,2046,3124
2093,2093,0,2046,2875
2094,2094,0,2046,2613
2095,2095,0,2046,2340
2096,2096,0,2046,2059
2097,2097,0,2047,1779
2098,2098,0,2046,1503
2099,2099,0,2047,1238
2100,2100,0,2046,986
2101,2101,0,2046,754
2102,2102,0,2047,545
2103,2103,0,2046,363
2104,2104,0,2046,210
2105,2105,0,2046,92
2106,2106,0,2046,9
2107,2107,0,2046,0
2108,2108,0,2047,0
2109,2109,0,2047,0
2110,2110,0,2046,49
2111,2111,0,2046,152
2112,2112,0,2047,289
2113,2113,0,2047,458
2114,2114,0,2046,654
2115,2115,0,2046,876
2116,2116,0,2046,1119
2117,2117,0,2047,1377
2118,2118,0,2046,1648
2119,2119,0,2047,1927
2120,2120,0,2047,2206
2121,2121,0,2046,2483
2122,2122,0,2046,2752
2123,2123,0,2046,3008
2124,2124,0,2047,3246
2125,2125,0,2047,3462
2126,2126,0,2046,3652
2127,2127,0,2047,3815
2128,2128,0,2046,3944
2129,2129,0,2046,4039
2130,2130,0,2047,4095
2131,2131,0,2046,4095
2132,2132,0,2046,4095
2133,2133,0,2046,4050
2134,2134,0,2046,3962
2135,2135,0,2046,3838
2136,2136,0,2046,3682
2137,2137,0,2046,3495
2138,2138,0,2046,3283
2139,2139,0,2046,3047
2140,2140,0,2046,2794
2141,2141,0,2047,2527
2142,2142,0,2047,2251
2143,2143,0,2047,1971
2144,2144,0,2046,1691
2145,2145,0,2047,1419
2146,2146,0,2047,1158
2147,2147,0,2047,912
2148,2148,0,2047,686
2149,2149,0,2046,484
2150,2150,0,2047,312
2151,2151,0,2047,170
2152,2152,0,2047,62
2153,2153,0,2047,0
2154,2154,0,2046,0
2155,2155,0,2046,0
2156,2156,0,2046,1
2157,2157,0,2047,79
2158,2158,0,2047,191
2159,2159,0,2046,338
2160,2160,0,2047,516
2161,2161,0,2046,721
2162,2162,0,2046,950
2163,2163,0,2046,1198
2164,2164,0,2046,1462
2165,2165,0,2046,1735
2166,2166,0,2047,2014
2167,2167,0,2046,2295
2168,2168,0,2046,2568
2169,2169,0,2046,2833
2170,2170,0,2047,3085
2171,2171,0,2046,3317
2172,2172,0,2047,3525
2173,2173,0,2047,3707
2174,2174,0,2047,3859
2175,2175,0,2047,3978
2176,2176,0,2046,4062
2177,2177,0,2046,4095
2178,2178,0,2046,4095
2179,2179,0,2047,4091
2180,2180,0,2046,4027
2181,2181,0,2046,3926
2182,2182,0,2047,3792
2183,2183,0,2047,3626
2184,2184,0,2046,3431
2185,2185,0,2046,3211
2186,2186,0,2046,2970
2187,2187,0,2046,2712
2188,2188,0,2047,2441
2189,2189,0,2047,2164
2190,2190,0,2046,1883
2191,2191,0,2046,1604
2192,2192,0,2046,1335
2193,2193,0,2047,1078
2194,2194,0,2046,837
2195,2195,0,2047,619
2196,2196,0,2046,427
2197,2197,0,2046,263
2198,2198,0,2046,132
2199,2199,0,2046,35
2200,2200,0,2046,0
2201,2201,0,2047,0
2202,2202,0,2046,0
2203,2203,0,2047,21
2204,2204,0,2046,110
2205,2205,0,2046,234
2206,2206,0,2046,391
2207,2207,0,2046,578
2208,2208,0,2047,790
2209,2209,0,2046,1026
2210,2210,0,2046,1280
2211,2211,0,2046,1546
2212,2212,0,2047,1823
2213,2213,0,2047,2102
2214,2214,0,2047,2381
2215,2215,0,2046,2653
2216,2216,0,2047,2915
2217,2217,0,2046,3159
2218,2218,0,2047,3385
2219,2219,0,2046,3585
2220,2220,0,2047,3758
2221,2221,0,2047,3900
2222,2222,0,2046,4008
2223,2223,0,2047,4080
2224,2224,0,2046,4095
2225,2225,0,2047,4095
2226,2226,0,2047,4075
2227,2227,0,2047,3999
2228,2228,0,2046,3887
2229,2229,0,2046,3743
2230,2230,0,2046,3568
2231,2231,0,2046,3365
2232,2232,0,2046,3137
2233,2233,0,2046,2891
2234,2234,0,2046,2628
2235,2235,0,2046,2355
2236,2236,0,2046,2075
2237,2237,0,2047,1795
2238,2238,0,2046,1519
2239,2239,0,2047,1252
2240,2240,0,2047,1000
2241,2241,0,2047,766
2242,2242,0,2046,556
2243,2243,0,2046,372
2244,2244,0,2046,219
2245,2245,0,2047,98
2246,2246,0,2047,13
2247,2247,0,2046,0
2248,2248,0,2046,0
2249,2249,0,2046,0
2250,2250,0,2047,45
2251,2251,0,2047,146
2252,2252,0,2046,280
2253,2253,0,2047,446
2254,2254,0,2046,642
2255,2255,0,2046,862
2256,2256,0,2046,1103
2257,2257,0,2047,1362
2258,2258,0,2047,1633
2259,2259,0,2047,1911
2260,2260,0,2046,2190
2261,2261,0,2047,2467
2262,2262,0,2046,2737
2263,2263,0,2047,2993
2264,2264,0,2047,3233
2265,2265,0,2047,3450
2266,2266,0,2046,3643
2267,2267,0,2046,3806
2268,2268,0,2046,3937
2269,2269,0,2046,4033
2270,2270,0,2046,4095
2271,2271,0,2047,4095
2272,2272,0,2047,4095
2273,2273,0,2046,4055
2274,2274,0,2047,3967
2275,2275,0,2046,3845
2276,2276,0,2046,3691
2277,2277,0,2046,3506
2278,2278,0,2046,3296
2279,2279,0,2047,3061
2280,2280,0,2046,2809
2281,2281,0,2046,2543
2282,2282,0,2047,2267
2283,2283,0,2046,1987
2284,2284,0,2047,1707
2285,2285,0,2046,1434
2286,2286,0,2047,1172
2287,2287,0,2046,924
2288,2288,0,2047,698
2289,2289,0,2046,495
2290,2290,0,2046,321
2291,2291,0,2047,176
2292,2292,0,2046,67
2293,2293,0,2046,0
2294,2294,0,2047,0
2295,2295,0,2046,0
2296,2296,0,2046,0
2297,2297,0,2046,72
2298,2298,0,2047,184
2299,2299,0,2047,330
2300,2300,0,2046,505
2301,2301,0,2046,709
2302,2302,0,2046,937
2303,2303,0,2046,1184
2304,2304,0,2046,1447
2305,2305,0,2046,1719
2306,2306,0,2046,1998
2307,2307,0,2047,2278
2308,2308,0,2047,2553
2309,2309,0,2046,2818
2310,2310,0,2047,3070
2311,2311,0,2047,3303
2312,2312,0,2047,3514
2313,2313,0,2046,3697
2314,2314,0,2047,3851
2315,2315,0,2047,3972
2316,2316,0,2047,4057
2317,2317,0,2047,4095
2318,2318,0,2047,4095
2319,2319,0,2046,4094
2320,2320,0,2046,4032
2321,2321,0,2047,3933
2322,2322,0,2047,3800
2323,2323,0,2047,3636
2324,2324,0,2046,3443
2325,2325,0,2046,3224
2326,2326,0,2046,2984
2327,2327,0,2047,2727
2328,2328,0,2047,2457
2329,2329,0,2047,2179
2330,2330,0,2047,1898
2331,2331,0,2046,1620
2332,2332,0,2046,1350
2333,2333,0,2047,1092
2334,2334,0,2047,851
2335,2335,0,2046,631
2336,2336,0,2046,437
2337,2337,0,2047,272
2338,2338,0,2046,138
2339,2339,0,2046,40
2340,2340,0,2046,0
2341,2341,0,2046,0
2342,2342,0,2046,0
2343,2343,0,2046,17
2344,2344,0,2046,104
2345,2345,0,2046,226
2346,2346,0,2047,381
2347,2347,0,2046,567
2348,2348,0,2046,777
2349,2349,0,2046,1011
2350,2350,0,2046,1265
2351,2351,0,2047,1531
2352,2352,0,2046,1807
2353,2353,0,2046,2087
2354,2354,0,2047,2365
2355,2355,0,2046,2638
2356,2356,0,2046,2900
2357,2357,0,2046,3146
2358,2358,0,2046,3372
2359,2359,0,2046,3575
2360,2360,0,2047,3749
2361,2361,0,2046,3893
2362,2362,0,2046,4002
2363,2363,0,2047,4078
2364,2364,0,2046,4095
2365,2365,0,2046,4095
2366,2366,0,2047,4078
2367,2367,0,2047,4005
2368,2368,0,2047,3895
2369,2369,0,2046,3751
2370,2370,0,2047,3579
2371,2371,0,2046,3377
2372,2372,0,2047,3151
2373,2373,0,2047,2904
2374,2374,0,2047,2643
2375,2375,0,2046,2370
2376,2376,0,2047,2091
2377,2377,0,2047,1811
2378,2378,0,2046,1535
2379,2379,0,2046,1267
2380,2380,0,2046,1014
2381,2381,0,2046,779
2382,2382,0,2046,567
2383,2383,0,2047,382
2384,2384,0,2047,226
2385,2385,0,2045,104
2386,2386,0,2047,17
2387,2387,0,2046,0
2388,2388,0,2047,0
2389,2389,0,2047,0
2390,2390,0,2047,40
2391,2391,0,2046,139
2392,2392,0,2046,271
2393,2393,0,2046,437
2394,2394,0,2047,630
2395,2395,0,2047,849
2396,2396,0,2047,1089
2397,2397,0,2046,1347
2398,2398,0,2046,1617
2399,2399,0,2046,1895
2400,2400,0,2047,2174
2401,2401,0,2046,2452
2402,2402,0,2047,2722
2403,2403,0,2046,2978
2404,2404,0,2046,3220
2405,2405,0,2047,3439
2406,2406,0,2046,3633
2407,2407,0,2046,3797
2408,2408,0,2047,3931
2409,2409,0,2047,4030
2410,2410,0,2046,4093
2411,2411,0,2046,4095
2412,2412,0,2047,4095
2413,2413,0,2046,4058
2414,2414,0,2047,3973
2415,2415,0,2046,3853
2416,2416,0,2047,3701
2417,2417,0,2047,3517
2418,2418,0,2047,3308
2419,2419,0,2047,3075
2420,2420,0,2046,2824
2421,2421,0,2047,2558
2422,2422,0,2046,2283
2423,2423,0,2047,2003
2424,2424,0,2046,1723
2425,2425,0,2046,1449
2426,2426,0,2047,1186
2427,2427,0,2046,938
2428,2428,0,2047,709
2429,2429,0,2047,505
2430,2430,0,2046,329
2431,2431,0,2047,184
2432,2432,0,2046,73
2433,2433,0,2046,0
2434,2434,0,2047,0
2435,2435,0,2047,0
2436,2436,0,2047,0
2437,2437,0,2047,67
2438,2438,0,2046,177
2439,2439,0,2047,320
2440,2440,0,2046,494
2441,2441,0,2047,696
2442,2442,0,2046,923
2443,2443,0,2046,1170
2444,2444,0,2047,1431
2445,2445,0,2046,1704
2446,2446,0,2047,1983
2447,2447,0,2046,2263
2448,2448,0,2046,2539
2449,2449,0,2047,2804
2450,2450,0,2047,3057
2451,2451,0,2046,3291
2452,2452,0,2046,3503
2453,2453,0,2046,3688
2454,2454,0,2046,3843
2455,2455,0,2046,3966
2456,2456,0,2047,4053
2457,2457,0,2046,4095
2458,2458,0,2047,4095
2459,2459,0,2046,4095
2460,2460,0,2046,4036
2461,2461,0,2047,3940
2462,2462,0,2046,3809
2463,2463,0,2047,3647
2464,2464,0,2047,3455
2465,2465,0,2046,3237
2466,2466,0,2046,2998
2467,2467,0,2046,2742
2468,2468,0,2047,2472
2469,2469,0,2046,2194
2470,2470,0,2046,1915
2471,2471,0,2047,1636
2472,2472,0,2047,1365
2473,2473,0,2047,1106
2474,2474,0,2047,863
2475,2475,0,2047,643
2476,2476,0,2046,447
2477,2477,0,2046,281
2478,2478,0,2047,145
2479,2479,0,2046,45
2480,2480,0,2046,0
2481,2481,0,2046,0
2482,2482,0,2046,0
2483,2483,0,2047,13
2484,2484,0,2047,98
2485,2485,0,2046,218
2486,2486,0,2046,371
2487,2487,0,2046,555
2488,2488,0,2046,765
2489,2489,0,2046,998
2490,2490,0,2047,1251
2491,2491,0,2047,1515
2492,2492,0,2046,1792
2493,2493,0,2046,2071
2494,2494,0,2046,2349
2495,2495,0,2047,2623
2496,2496,0,2046,2885
2497,2497,0,2046,3132
2498,2498,0,2046,3360
2499,2499,0,2047,3564
2500,2500,0,2047,3740
2501,2501,0,2047,3885
2502,2502,0,2046,3996
2503,2503,0,2046,4074
2504,2504,0,2047,4095
2505,2505,0,2046,4095
2506,2506,0,2046,4081
2507,2507,0,2047,4009
2508,2508,0,2046,3903
2509,2509,0,2046,3761
2510,2510,0,2047,3589
2511,2511,0,2046,3389
2512,2512,0,2047,3165
2513,2513,0,2046,2919
2514,2514,0,2047,2658
2515,2515,0,2046,2386
2516,2516,0,2047,2107
2517,2517,0,2046,1826
2518,2518,0,2047,1550
2519,2519,0,2046,1282
2520,2520,0,2047,1028
2521,2521,0,2046,792
2522,2522,0,2047,578
2523,2523,0,2046,391
2524,2524,0,2047,234
2525,2525,0,2046,110
2526,2526,0,2047,20
2527,2527,0,2046,0
2528,2528,0,2046,0
2529,2529,0,2047,0
2530,2530,0,2046,36
2531,2531,0,2047,133
2532,2532,0,2046,264
2533,2533,0,2047,427
2534,2534,0,2046,618
2535,2535,0,2047,837
2536,2536,0,2046,1076
2537,2537,0,2046,1332
2538,2538,0,2047,1602
2539,2539,0,2047,1879
2540,2540,0,2046,2159
2541,2541,0,2046,2436
2542,2542,0,2047,2707
2543,2543,0,2046,2964
2544,2544,0,2047,3207
2545,2545,0,2045,3427
2546,2546,0,2046,3622
2547,2547,0,2046,3788
2548,2548,0,2046,3924
2549,2549,0,2047,4025
2550,2550,0,2046,4090
2551,2551,0,2046,4095
2552,2552,0,2047,4095
2553,2553,0,2047,4062
2554,2554,0,2047,3979
2555,2555,0,2047,3861
2556,2556,0,2047,3710
2557,2557,0,2046,3529
2558,2558,0,2046,3321
2559,2559,0,2047,3089
2560,2560,0,2047,2838
2561,2561,0,2046,2574
2562,2562,0,2047,2298
2563,2563,0,2046,2019
2564,2564,0,2046,1739
2565,2565,0,2047,1465
2566,2566,0,2046,1200
2567,2567,0,2047,952
2568,2568,0,2046,722
2569,2569,0,2046,516
2570,2570,0,2047,339
2571,2571,0,2046,191
2572,2572,0,2046,77
2573,2573,0,2046,0
2574,2574,0,2046,0
2575,2575,0,2047,0
2576,2576,0,2047,0
2577,2577,0,2046,62
2578,2578,0,2046,170
2579,2579,0,2047,312
2580,2580,0,2047,484
2581,2581,0,2047,684
2582,2582,0,2047,910
2583,2583,0,2047,1155
2584,2584,0,2047,1416
2585,2585,0,2047,1689
2586,2586,0,2046,1967
2587,2587,0,2047,2247
2588,2588,0,2046,2522
2589,2589,0,2047,2790
2590,2590,0,2046,3043
2591,2591,0,2047,3278
2592,2592,0,2046,3492
2593,2593,0,2046,3678
2594,2594,0,2046,3835
2595,2595,0,2046,3960
2596,2596,0,2047,4049
2597,2597,0,2047,4095
2598,2598,0,2047,4095
2599,2599,0,2046,4095
2600,2600,0,2047,4040
2601,2601,0,2046,3947
2602,2602,0,2046,3816
2603,2603,0,2047,3657
2604,2604,0,2047,3466
2605,2605,0,2046,3250
2606,2606,0,2047,3013
2607,2607,0,2046,2757
2608,2608,0,2047,2488
2609,2609,0,2047,2211
2610,2610,0,2047,1931
2611,2611,0,2046,1652
2612,2612,0,2047,1380
2613,2613,0,2047,1120
2614,2614,0,2047,877
2615,2615,0,2047,655
2616,2616,0,2046,458
2617,2617,0,2046,289
2618,2618,0,2047,152
2619,2619,0,2046,50
2620,2620,0,2046,0
2621,2621,0,2047,0
2622,2622,0,2047,0
2623,2623,0,2047,10
2624,2624,0,2046,93
2625,2625,0,2046,211
2626,2626,0,2046,363
2627,2627,0,2047,544
2628,2628,0,2046,753
2629,2629,0,2047,985
2630,2630,0,2046,1236
2631,2631,0,2047,1501
2632,2632,0,2046,1776
2633,2633,0,2047,2055
2634,2634,0,2047,2334
2635,2635,0,2046,2608
2636,2636,0,2047,2871
2637,2637,0,2047,3120
2638,2638,0,2047,3348
2639,2639,0,2046,3554
2640,2640,0,2047,3731
2641,2641,0,2046,3878
2642,2642,0,2046,3992
2643,2643,0,2047,4070
2644,2644,0,2047,4095
2645,2645,0,2047,4095
2646,2646,0,2047,4084
2647,2647,0,2046,4014
2648,2648,0,2046,3910
2649,2649,0,2046,3770
2650,2650,0,2046,3599
2651,2651,0,2047,3400
2652,2652,0,2047,3178
2653,2653,0,2047,2934
2654,2654,0,2046,2674
2655,2655,0,2046,2401
2656,2656,0,2047,2123
2657,2657,0,2046,1842
2658,2658,0,2046,1566
2659,2659,0,2046,1297
2660,2660,0,2046,1042
2661,2661,0,2047,804
2662,2662,0,2047,590
2663,2663,0,2047,402
2664,2664,0,2046,242
2665,2665,0,2047,116
2666,2666,0,2047,25
2667,2667,0,2046,0
2668,2668,0,2047,0
2669,2669,0,2046,0
2670,2670,0,2046,31
2671,2671,0,2047,126
2672,2672,0,2047,255
2673,2673,0,2047,417
2674,2674,0,2046,607
2675,2675,0,2047,824
2676,2676,0,2047,1062
2677,2677,0,2046,1318
2678,2678,0,2046,1587
2679,2679,0,2047,1863
2680,2680,0,2046,2143
2681,2681,0,2047,2421
2682,2682,0,2047,2691
2683,2683,0,2046,2950
2684,2684,0,2047,3194
2685,2685,0,2047,3415
2686,2686,0,2047,3612
2687,2687,0,2046,3781
2688,2688,0,2046,3918
2689,2689,0,2047,4021
2690,2690,0,2046,4088
2691,2691,0,2047,4095
2692,2692,0,2046,4095
2693,2693,0,2046,4066
2694,2694,0,2047,3985
2695,2695,0,2047,3869
2696,2696,0,2047,3720
2697,2697,0,2047,3540
2698,2698,0,2047,3333
2699,2699,0,2046,3103
2700,2700,0,2046,2853
2701,2701,0,2047,2588
2702,2702,0,2046,2314
2703,2703,0,2047,2035
2704,2704,0,2047,1754
2705,2705,0,2047,1480
2706,2706,0,2046,1215
2707,2707,0,2046,965
2708,2708,0,2047,735
2709,2709,0,2046,527
2710,2710,0,2047,348
2711,2711,0,2047,199
2712,2712,0,2047,83
2713,2713,0,2047,3
2714,2714,0,2047,0
2715,2715,0,2046,0
2716,2716,0,2047,0
2717,2717,0,2047,58
2718,2718,0,2046,162
2719,2719,0,2047,303
2720,2720,0,2046,473
2721,2721,0,2046,672
2722,2722,0,2047,896
2723,2723,0,2047,1141
2724,2724,0,2046,1401
2725,2725,0,2046,1673
2726,2726,0,2047,1951
2727,2727,0,2047,2231
2728,2728,0,2046,2508
2729,2729,0,2047,2775
2730,2730,0,2047,3030
2731,2731,0,2046,3267
2732,2732,0,2047,3480
2733,2733,0,2046,3668
2734,2734,0,2047,3827
2735,2735,0,2046,3953
2736,2736,0,2047,4045
2737,2737,0,2046,4095
2738,2738,0,2047,4095
2739,2739,0,2047,4095
2740,2740,0,2047,4045
2741,2741,0,2046,3952
2742,2742,0,2046,3825
2743,2743,0,2046,3666
2744,2744,0,2047,3478
2745,2745,0,2046,3263
2746,2746,0,2047,3026
2747,2747,0,2046,2772
2748,2748,0,2046,2503
2749,2749,0,2046,2227
2750,2750,0,2047,1947
2751,2751,0,2046,1667
2752,2752,0,2046,1396
2753,2753,0,2046,1135
2754,2754,0,2046,890
2755,2755,0,2046,667
2756,2756,0,2047,468
2757,2757,0,2046,298
2758,2758,0,2046,159
2759,2759,0,2047,55
2760,2760,0,2045,0
2761,2761,0,2046,0
2762,2762,0,2047,0
2763,2763,0,2046,5
2764,2764,0,2046,86
2765,2765,0,2046,203
2766,2766,0,2046,354
2767,2767,0,2047,533
2768,2768,0,2047,740
2769,2769,0,2047,971
2770,2770,0,2046,1221
2771,2771,0,2046,1486
2772,2772,0,2047,1760
2773,2773,0,2047,2040
2774,2774,0,2046,2318
2775,2775,0,2046,2593
2776,2776,0,2047,2857
2777,2777,0,2047,3107
2778,2778,0,2046,3336
2779,2779,0,2046,3542
2780,2780,0,2046,3721
2781,2781,0,2046,3871
2782,2782,0,2046,3986
2783,2783,0,2046,4068
2784,2784,0,2046,4095
2785,2785,0,2046,4095
2786,2786,0,2046,4088
2787,2787,0,2046,4019
2788,2788,0,2046,3916
2789,2789,0,2046,3779
2790,2790,0,2046,3610
2791,2791,0,2045,3413
2792,2792,0,2046,3191
2793,2793,0,2046,2947
2794,2794,0,2046,2688
2795,2795,0,2046,2417
2796,2796,0,2047,2138
2797,2797,0,2046,1858
2798,2798,0,2047,1581
2799,2799,0,2046,1312
2800,2800,0,2046,1055
2801,2801,0,2047,818
2802,2802,0,2046,602
2803,2803,0,2047,411
2804,2804,0,2046,251
2805,2805,0,2046,122
2806,2806,0,2046,29
2807,2807,0,2046,0
2808,2808,0,2046,0
2809,2809,0,2047,0
2810,2810,0,2046,27
2811,2811,0,2046,120
2812,2812,0,2046,248
2813,2813,0,2046,407
2814,2814,0,2047,596
2815,2815,0,2046,810
2816,2816,0,2046,1048
2817,2817,0,2046,1303
2818,2818,0,2046,1572
2819,2819,0,2046,1848
2820,2820,0,2046,2128
2821,2821,0,2047,2406
2822,2822,0,2046,2676
2823,2823,0,2047,2936
2824,2824,0,2046,3180
2825,2825,0,2047,3403
2826,2826,0,2046,3602
2827,2827,0,2047,3772
2828,2828,0,2046,3911
2829,2829,0,2046,4015
2830,2830,0,2046,4085
2831,2831,0,2046,4095
2832,2832,0,2046,4095
2833,2833,0,2046,4070
2834,2834,0,2047,3991
2835,2835,0,2047,3876
2836,2836,0,2047,3729
2837,2837,0,2046,3550
2838,2838,0,2046,3346
2839,2839,0,2047,3117
2840,2840,0,2046,2867
2841,2841,0,2046,2604
2842,2842,0,2046,2330
2843,2843,0,2046,2050
2844,2844,0,2047,1770
2845,2845,0,2046,1495
2846,2846,0,2046,1230
2847,2847,0,2046,979
2848,2848,0,2046,747
2849,2849,0,2047,539
2850,2850,0,2046,357
2851,2851,0,2046,207
2852,2852,0,2047,89
2853,2853,0,2046,7
2854,2854,0,2047,0
2855,2855,0,2047,0
2856,2856,0,2046,0
2857,2857,0,2046,53
2858,2858,0,2047,157
2859,2859,0,2047,294
2860,2860,0,2047,462
2861,2861,0,2046,661
2862,2862,0,2046,884
2863,2863,0,2046,1126
2864,2864,0,2047,1387
2865,2865,0,2047,1657
2866,2866,0,2046,1935
2867,2867,0,2047,2216
2868,2868,0,2046,2492
2869,2869,0,2046,2760
2870,2870,0,2047,3016
2871,2871,0,2046,3253
2872,2872,0,2047,3469
2873,2873,0,2047,3659
2874,2874,0,2047,3819
2875,2875,0,2047,3948
2876,2876,0,2046,4041
2877,2877,0,2047,4095
2878,2878,0,2046,4095
2879,2879,0,2046,4095
2880,2880,0,2046,4049
2881,2881,0,2046,3958
2882,2882,0,2047,3833
2883,2883,0,2046,3676
2884,2884,0,2047,3489
2885,2885,0,2046,3276
2886,2886,0,2046,3040
2887,2887,0,2046,2786
2888,2888,0,2047,2519
2889,2889,0,2047,2242
2890,2890,0,2046,1962
2891,2891,0,2046,1683
2892,2892,0,2047,1411
2893,2893,0,2046,1149
2894,2894,0,2046,904
2895,2895,0,2046,678
2896,2896,0,2047,478
2897,2897,0,2047,307
2898,2898,0,2047,166
2899,2899,0,2046,60
2900,2900,0,2047,0
2901,2901,0,2047,0
2902,2902,0,2047,0
2903,2903,0,2046,2
2904,2904,0,2046,81
2905,2905,0,2046,196
2906,2906,0,2046,344
2907,2907,0,2046,522
2908,2908,0,2047,728
2909,2909,0,2047,957
2910,2910,0,2046,1206
2911,2911,0,2046,1470
2912,2912,0,2046,1744
2913,2913,0,2046,2024
2914,2914,0,2046,2303
2915,2915,0,2047,2577
2916,2916,0,2047,2842
2917,2917,0,2046,3093
2918,2918,0,2046,3323
2919,2919,0,2047,3531
2920,2920,0,2046,3712
2921,2921,0,2046,3863
2922,2922,0,2046,3981
2923,2923,0,2046,4063
2924,2924,0,2047,4095
2925,2925,0,2047,4095
2926,2926,0,2047,4089
2927,2927,0,2046,4024
2928,2928,0,2047,3923
2929,2929,0,2046,3787
2930,2930,0,2046,3621
2931,2931,0,2047,3424
2932,2932,0,2046,3204
2933,2933,0,2046,2962
2934,2934,0,2046,2704
2935,2935,0,2046,2432
2936,2936,0,2046,2154
2937,2937,0,2046,1874
2938,2938,0,2046,1596
2939,2939,0,2047,1327
2940,2940,0,2047,1070
2941,2941,0,2046,830
2942,2942,0,2046,613
2943,2943,0,2047,421
2944,2944,0,2046,258
2945,2945,0,2047,130
2946,2946,0,2046,33
2947,2947,0,2046,0
2948,2948,0,2046,0
2949,2949,0,2046,0
2950,2950,0,2046,22
2951,2951,0,2046,113
2952,2952,0,2047,239
2953,2953,0,2046,397
2954,2954,0,2046,585
2955,2955,0,2046,799
2956,2956,0,2047,1033
2957,2957,0,2047,1289
2958,2958,0,2047,1556
2959,2959,0,2047,1832
2960,2960,0,2046,2111
2961,2961,0,2046,2389
2962,2962,0,2047,2661
2963,2963,0,2046,2923
2964,2964,0,2047,3167
2965,2965,0,2047,3391
2966,2966,0,2046,3591
2967,2967,0,2046,3763
2968,2968,0,2047,3904
2969,2969,0,2046,4010
2970,2970,0,2046,4082
2971,2971,0,2047,4095
2972,2972,0,2047,4095
2973,2973,0,2047,4073
2974,2974,0,2047,3996
2975,2975,0,2047,3883
2976,2976,0,2046,3738
2977,2977,0,2046,3561
2978,2978,0,2046,3358
2979,2979,0,2046,3130
2980,2980,0,2046,2882
2981,2981,0,2046,2619
2982,2982,0,2046,2345
2983,2983,0,2046,2066
2984,2984,0,2046,1786
2985,2985,0,2046,1510
2986,2986,0,2047,1245
2987,2987,0,2046,993
2988,2988,0,2047,759
2989,2989,0,2047,550
2990,2990,0,2046,367
2991,2991,0,2047,215
2992,2992,0,2047,96
2993,2993,0,2046,11
2994,2994,0,2047,0
2995,2995,0,2047,0
2996,2996,0,2046,0
2997,2997,0,2046,48
2998,2998,0,2046,149
2999,2999,0,2046,285
3000,3000,0,2046,453
3001,3001,0,2046,648
3002,3002,0,2047,870
3003,3003,0,2047,1113
3004,3004,0,2047,1371
3005,3005,0,2046,1642
3006,3006,0,2047,1919
3007,3007,0,2046,2200
3008,3008,0,2046,2476
3009,3009,0,2046,2746
3010,3010,0,2047,3002
3011,3011,0,2046,3240
3012,3012,0,2046,3458
3013,3013,0,2046,3649
3014,3014,0,2047,3811
3015,3015,0,2046,3941
3016,3016,0,2046,4037
3017,3017,0,2047,4095
3018,3018,0,2046,4095
3019,3019,0,2047,4095
3020,3020,0,2046,4052
3021,3021,0,2047,3964
3022,3022,0,2046,3842
3023,3023,0,2047,3686
3024,3024,0,2047,3500
3025,3025,0,2046,3288
3026,3026,0,2047,3054
3027,3027,0,2047,2801
3028,3028,0,2045,2534
3029,3029,0,2046,2258
3030,3030,0,2047,1978
3031,3031,0,2046,1699
3032,3032,0,2046,1426
3033,3033,0,2047,1163
3034,3034,0,2046,917
3035,3035,0,2046,691
3036,3036,0,2046,489
3037,3037,0,2046,315
3038,3038,0,2047,173
3039,3039,0,2047,64
3040,3040,0,2046,0
3041,3041,0,2047,0
3042,3042,0,2046,0
3043,3043,0,2046,0
3044,3044,0,2046,76
3045,3045,0,2046,189
3046,3046,0,2047,335
3047,3047,0,2046,511
3048,3048,0,2046,716
3049,3049,0,2047,944
3050,3050,0,2046,1192
3051,3051,0,2047,1455
3052,3052,0,2047,1729
3053,3053,0,2047,2008
3054,3054,0,2046,2287
3055,3055,0,2046,2562
3056,3056,0,2046,2827
3057,3057,0,2046,3079
3058,3058,0,2047,3311
3059,3059,0,2047,3520
3060,3060,0,2047,3703
3061,3061,0,2046,3855
3062,3062,0,2046,3975
3063,3063,0,2046,4060
3064,3064,0,2047,4095
3065,3065,0,2047,4095
3066,3066,0,2047,4092
3067,3067,0,2047,4029
3068,3068,0,2046,3929
3069,3069,0,2046,3796
3070,3070,0,2046,3631
3071,3071,0,2046,3437
3072,3072,0,2046,3217
3073,3073,0,2046,2976
3074,3074,0,2047,2718
3075,3075,0,2046,2448
3076,3076,0,2046,2170
3077,3077,0,2046,1889
3078,3078,0,2047,1612
3079,3079,0,2046,1342
3080,3080,0,2047,1084
3081,3081,0,2046,843
3082,3082,0,2046,624
3083,3083,0,2047,431
3084,3084,0,2047,267
3085,3085,0,2046,135
3086,3086,0,2047,38
3087,3087,0,2046,0
3088,3088,0,2046,0
3089,3089,0,2047,0
3090,3090,0,2046,19
3091,3091,0,2047,108
3092,3092,0,2046,232
3093,3093,0,2047,387
3094,3094,0,2046,573
3095,3095,0,2047,785
3096,3096,0,2047,1020
3097,3097,0,2046,1274
3098,3098,0,2047,1540
3099,3099,0,2046,1816
3100,3100,0,2046,2096
3101,3101,0,2047,2374
3102,3102,0,2046,2647
3103,3103,0,2046,2908
3104,3104,0,2046,3154
3105,3105,0,2047,3379
3106,3106,0,2046,3581
3107,3107,0,2046,3753
3108,3108,0,2046,3897
3109,3109,0,2047,4005
3110,3110,0,2046,4079
3111,3111,0,2046,4095
3112,3112,0,2046,4095
3113,3113,0,2046,4077
3114,3114,0,2047,4001
3115,3115,0,2047,3890
3116,3116,0,2046,3747
3117,3117,0,2046,3573
3118,3118,0,2047,3370
3119,3119,0,2046,3143
3120,3120,0,2047,2896
3121,3121,0,2046,2634
3122,3122,0,2046,2361
3123,3123,0,2046,2082
3124,3124,0,2046,1802
3125,3125,0,2047,1526
3126,3126,0,2046,1259
3127,3127,0,2046,1007
3128,3128,0,2046,772
3129,3129,0,2046,561
3130,3130,0,2046,377
3131,3131,0,2047,221
3132,3132,0,2046,101
3133,3133,0,2046,15
3134,3134,0,2046,0
3135,3135,0,2046,0
3136,3136,0,2046,0
3137,3137,0,2046,43
3138,3138,0,2047,143
3139,3139,0,2047,276
3140,3140,0,2047,443
3141,3141,0,2046,637
3142,3142,0,2046,857
3143,3143,0,2046,1098
3144,3144,0,2046,1356
3145,3145,0,2046,1626
3146,3146,0,2047,1904
3147,3147,0,2046,2184
3148,3148,0,2046,2462
3149,3149,0,2046,2730
3150,3150,0,2046,2988
3151,3151,0,2046,3227
3152,3152,0,2047,3446
3153,3153,0,2047,3638
3154,3154,0,2046,3802
3155,3155,0,2046,3935
3156,3156,0,2046,4032
3157,3157,0,2046,4095
3158,3158,0,2046,4095
3159,3159,0,2046,4095
3160,3160,0,2047,4056
3161,3161,0,2047,3970
3162,3162,0,2046,3849
3163,3163,0,2046,3694
3164,3164,0,2047,3511
3165,3165,0,2046,3302
3166,3166,0,2047,3068
3167,3167,0,2046,2816
3168,3168,0,2046,2550
3169,3169,0,2047,2274
3170,3170,0,2046,1994
3171,3171,0,2046,1714
3172,3172,0,2046,1441
3173,3173,0,2047,1178
3174,3174,0,2046,930
3175,3175,0,2046,703
3176,3176,0,2046,499
3177,3177,0,2046,324
3178,3178,0,2047,180
3179,3179,0,2046,69
3180,3180,0,2046,0
3181,3181,0,2047,0
3182,3182,0,2046,0
3183,3183,0,2046,0
3184,3184,0,2047,71
3185,3185,0,2046,181
3186,3186,0,2047,325
3187,3187,0,2047,500
3188,3188,0,2046,704
3189,3189,0,2046,931
3190,3190,0,2046,1177
3191,3191,0,2047,1440
3192,3192,0,2046,1713
3193,3193,0,2047,1992
3194,3194,0,2046,2272
3195,3195,0,2046,2546
3196,3196,0,2047,2812
3197,3197,0,2046,3065
3198,3198,0,2047,3298
3199,3199,0,2046,3509
3200,3200,0,2046,3694
3201,3201,0,2046,3848
3202,3202,0,2047,3969
3203,3203,0,2046,4056
3204,3204,0,2046,4095
3205,3205,0,2046,4095
3206,3206,0,2046,4094
3207,3207,0,2047,4034
3208,3208,0,2047,3936
3209,3209,0,2047,3804
3210,3210,0,2047,3640
3211,3211,0,2047,3448
3212,3212,0,2047,3230
3213,3213,0,2047,2990
3214,3214,0,2046,2733
3215,3215,0,2046,2464
3216,3216,0,2047,2186
3217,3217,0,2046,1906
3218,3218,0,2047,1627
3219,3219,0,2047,1356
3220,3220,0,2046,1098
3221,3221,0,2046,856
3222,3222,0,2046,636
3223,3223,0,2047,441
3224,3224,0,2046,276
3225,3225,0,2046,142
3226,3226,0,2046,42
3227,3227,0,2047,0
3228,3228,0,2047,0
3229,3229,0,2046,0
3230,3230,0,2046,15
3231,3231,0,2047,101
3232,3232,0,2046,223
3233,3233,0,2046,377
3234,3234,0,2047,561
3235,3235,0,2046,772
3236,3236,0,2046,1006
3237,3237,0,2046,1258
3238,3238,0,2047,1525
3239,3239,0,2047,1801
3240,3240,0,2047,2081
3241,3241,0,2047,2359
3242,3242,0,2047,2632
3243,3243,0,2046,2894
3244,3244,0,2046,3140
3245,3245,0,2046,3368
3246,3246,0,2046,3570
3247,3247,0,2046,3746
3248,3248,0,2046,3890
3249,3249,0,2046,4001
3250,3250,0,2046,4076
3251,3251,0,2047,4095
3252,3252,0,2046,4095
3253,3253,0,2046,4080
3254,3254,0,2047,4006
3255,3255,0,2047,3899
3256,3256,0,2047,3756
3257,3257,0,2047,3583
3258,3258,0,2046,3382
3259,3259,0,2047,3157
3260,3260,0,2046,2911
3261,3261,0,2046,2650
3262,3262,0,2047,2376
3263,3263,0,2047,2098
3264,3264,0,2046,1818
3265,3265,0,2046,1541
3266,3266,0,2047,1274
3267,3267,0,2047,1020
3268,3268,0,2046,784
3269,3269,0,2047,572
3270,3270,0,2046,386
3271,3271,0,2047,230
3272,3272,0,2046,106
3273,3273,0,2047,18
3274,3274,0,2047,0
3275,3275,0,2046,0
3276,3276,0,2046,0
3277,3277,0,2047,38
3278,3278,0,2046,136
3279,3279,0,2046,268
3280,3280,0,2047,432
3281,3281,0,2046,625
3282,3282,0,2047,844
3283,3283,0,2047,1084
3284,3284,0,2046,1341
3285,3285,0,2047,1611
3286,3286,0,2047,1888
3287,3287,0,2046,2168
3288,3288,0,2047,2445
3289,3289,0,2046,2716
3290,3290,0,2046,2974
3291,3291,0,2046,3215
3292,3292,0,2046,3434
3293,3293,0,2047,3628
3294,3294,0,2046,3793
3295,3295,0,2046,3928
3296,3296,0,2047,4028
3297,3297,0,2046,4091
3298,3298,0,2046,4095
3299,3299,0,2046,4095
3300,3300,0,2046,4060
3301,3301,0,2046,3976
3302,3302,0,2047,3857
3303,3303,0,2046,3704
3304,3304,0,2047,3523
3305,3305,0,2047,3314
3306,3306,0,2047,3081
3307,3307,0,2047,2830
3308,3308,0,2046,2565
3309,3309,0,2047,2289
3310,3310,0,2047,2009
3311,3311,0,2046,1730
3312,3312,0,2046,1456
3313,3313,0,2047,1192
3314,3314,0,2047,944
3315,3315,0,2046,715
3316,3316,0,2047,511
3317,3317,0,2046,333
3318,3318,0,2046,187
3319,3319,0,2046,75
3320,3320,0,2047,0
3321,3321,0,2046,0
3322,3322,0,2047,0
3323,3323,0,2047,0
3324,3324,0,2046,65
3325,3325,0,2046,174
3326,3326,0,2046,316
3327,3327,0,2047,490
3328,3328,0,2046,691
3329,3329,0,2047,917
3330,3330,0,2046,1163
3331,3331,0,2047,1426
3332,3332,0,2046,1697
3333,3333,0,2046,1977
3334,3334,0,2046,2256
3335,3335,0,2046,2532
3336,3336,0,2046,2798
3337,3337,0,2046,3050
3338,3338,0,2046,3285
3339,3339,0,2046,3498
3340,3340,0,2046,3684
3341,3341,0,2046,3840
3342,3342,0,2047,3963
3343,3343,0,2046,4051
3344,3344,0,2046,4095
3345,3345,0,2047,4095
3346,3346,0,2046,4095
3347,3347,0,2047,4037
3348,3348,0,2047,3942
3349,3349,0,2046,3812
3350,3350,0,2047,3650
3351,3351,0,2046,3460
3352,3352,0,2046,3243
3353,3353,0,2046,3004
3354,3354,0,2047,2749
3355,3355,0,2046,2479
3356,3356,0,2046,2202
3357,3357,0,2046,1921
3358,3358,0,2046,1643
3359,3359,0,2047,1371
3360,3360,0,2047,1113
3361,3361,0,2046,869
3362,3362,0,2047,648
3363,3363,0,2047,452
3364,3364,0,2047,284
3365,3365,0,2047,148
3366,3366,0,2046,47
3367,3367,0,2047,0
3368,3368,0,2046,0
3369,3369,0,2047,0
3370,3370,0,2046,11
3371,3371,0,2046,96
3372,3372,0,2046,215
3373,3373,0,2047,368
3374,3374,0,2046,550
3375,3375,0,2046,760
3376,3376,0,2046,993
3377,3377,0,2046,1244
3378,3378,0,2047,1509
3379,3379,0,2046,1784
3380,3380,0,2047,2064
3381,3381,0,2046,2343
3382,3382,0,2046,2616
3383,3383,0,2047,2879
3384,3384,0,2046,3127
3385,3385,0,2046,3355
3386,3386,0,2046,3559
3387,3387,0,2046,3736
3388,3388,0,2047,3882
3389,3389,0,2046,3994
3390,3390,0,2047,4073
3391,3391,0,2046,4095
3392,3392,0,2046,4095
3393,3393,0,2047,4082
3394,3394,0,2046,4012
3395,3395,0,2046,3905
3396,3396,0,2046,3765
3397,3397,0,2047,3593
3398,3398,0,2046,3394
3399,3399,0,2047,3169
3400,3400,0,2047,2925
3401,3401,0,2047,2664
3402,3402,0,2046,2392
3403,3403,0,2046,2114
3404,3404,0,2047,1833
3405,3405,0,2047,1557
3406,3406,0,2047,1289
3407,3407,0,2046,1034
3408,3408,0,2046,797
3409,3409,0,2046,583
3410,3410,0,2047,395
3411,3411,0,2046,238
3412,3412,0,2046,113
3413,3413,0,2046,23
3414,3414,0,2046,0
3415,3415,0,2047,0
3416,3416,0,2047,0
3417,3417,0,2046,34
3418,3418,0,2047,130
3419,3419,0,2046,259
3420,3420,0,2047,422
3421,3421,0,2047,614
3422,3422,0,2046,832
3423,3423,0,2047,1070
3424,3424,0,2046,1326
3425,3425,0,2046,1595
3426,3426,0,2046,1873
3427,3427,0,2046,2152
3428,3428,0,2046,2429
3429,3429,0,2047,2701
3430,3430,0,2047,2959
3431,3431,0,2046,3201
3432,3432,0,2046,3422
3433,3433,0,2047,3618
3434,3434,0,2047,3785
3435,3435,0,2047,3922
3436,3436,0,2047,4023
3437,3437,0,2047,4090
3438,3438,0,2047,4095
3439,3439,0,2046,4095
3440,3440,0,2047,4064
3441,3441,0,2046,3982
3442,3442,0,2047,3864
3443,3443,0,2046,3714
3444,3444,0,2046,3533
3445,3445,0,2047,3326
3446,3446,0,2047,3095
3447,3447,0,2046,2845
3448,3448,0,2046,2580
3449,3449,0,2047,2306
3450,3450,0,2047,2025
3451,3451,0,2046,1746
3452,3452,0,2046,1471
3453,3453,0,2046,1206
3454,3454,0,2047,957
3455,3455,0,2046,727
3456,3456,0,2046,521
3457,3457,0,2047,343
3458,3458,0,2046,195
3459,3459,0,2047,80
3460,3460,0,2046,1
3461,3461,0,2046,0
3462,3462,0,2046,0
3463,3463,0,2046,0
3464,3464,0,2045,60
3465,3465,0,2047,167
3466,3466,0,2046,308
3467,3467,0,2047,480
3468,3468,0,2046,680
3469,3469,0,2046,904
3470,3470,0,2046,1149
3471,3471,0,2046,1409
3472,3472,0,2046,1683
3473,3473,0,2047,1961
3474,3474,0,2046,2240
3475,3475,0,2047,2516
3476,3476,0,2046,2783
3477,3477,0,2046,3038
3478,3478,0,2047,3274
3479,3479,0,2047,3487
3480,3480,0,2047,3674
3481,3481,0,2046,3831
3482,3482,0,2046,3957
3483,3483,0,2046,4048
3484,3484,0,2046,4095
3485,3485,0,2046,4095
3486,3486,0,2046,4095
3487,3487,0,2047,4042
3488,3488,0,2046,3948
3489,3489,0,2046,3820
3490,3490,0,2046,3660
3491,3491,0,2046,3471
3492,3492,0,2046,3256
3493,3493,0,2046,3019
3494,3494,0,2047,2763
3495,3495,0,2047,2495
3496,3496,0,2046,2218
3497,3497,0,2046,1937
3498,3498,0,2047,1659
3499,3499,0,2046,1386
3500,3500,0,2046,1126
3501,3501,0,2047,882
3502,3502,0,2046,660
3503,3503,0,2046,462
3504,3504,0,2047,293
3505,3505,0,2047,155
3506,3506,0,2047,52
3507,3507,0,2046,0
3508,3508,0,2047,0
3509,3509,0,2046,0
3510,3510,0,2046,8
3511,3511,0,2047,90
3512,3512,0,2046,208
3513,3513,0,2047,358
3514,3514,0,2046,539
3515,3515,0,2046,748
3516,3516,0,2046,978
3517,3517,0,2046,1229
3518,3518,0,2046,1494
3519,3519,0,2047,1768
3520,3520,0,2046,2048
3521,3521,0,2047,2328
3522,3522,0,2046,2601
3523,3523,0,2047,2865
3524,3524,0,2047,3114
3525,3525,0,2046,3342
3526,3526,0,2046,3548
3527,3527,0,2046,3727
3528,3528,0,2046,3875
3529,3529,0,2046,3989
3530,3530,0,2047,4069
3531,3531,0,2046,4095
3532,3532,0,2046,4095
3533,3533,0,2046,4085
3534,3534,0,2047,4016
3535,3535,0,2046,3912
3536,3536,0,2047,3774
3537,3537,0,2047,3604
3538,3538,0,2046,3406
3539,3539,0,2046,3183
3540,3540,0,2046,2939
3541,3541,0,2047,2679
3542,3542,0,2046,2408
3543,3543,0,2047,2129
3544,3544,0,2046,1849
3545,3545,0,2046,1572
3546,3546,0,2046,1303
3547,3547,0,2046,1048
3548,3548,0,2046,810
3549,3549,0,2046,595
3550,3550,0,2046,405
3551,3551,0,2046,246
3552,3552,0,2047,119
3553,3553,0,2046,26
3554,3554,0,2046,0
3555,3555,0,2046,0
3556,3556,0,2046,0
3557,3557,0,2047,30
3558,3558,0,2047,123
3559,3559,0,2046,251
3560,3560,0,2047,413
3561,3561,0,2046,602
3562,3562,0,2046,819
3563,3563,0,2046,1056
3564,3564,0,2046,1312
3565,3565,0,2047,1579
3566,3566,0,2047,1856
3567,3567,0,2047,2136
3568,3568,0,2046,2414
3569,3569,0,2046,2686
3570,3570,0,2046,2945
3571,3571,0,2047,3188
3572,3572,0,2046,3411
3573,3573,0,2046,3607
3574,3574,0,2046,3777
3575,3575,0,2046,3914
3576,3576,0,2046,4018
3577,3577,0,2047,4086
3578,3578,0,2046,4095
3579,3579,0,2046,4095
3580,3580,0,2046,4068
3581,3581,0,2047,3987
3582,3582,0,2047,3871
3583,3583,0,2047,3723
3584,3584,0,2046,3545
3585,3585,0,2046,3339
3586,3586,0,2046,3108
3587,3587,0,2047,2859
3588,3588,0,2047,2595
3589,3589,0,2046,2320
3590,3590,0,2046,2041
3591,3591,0,2047,1761
3592,3592,0,2047,1486
3593,3593,0,2046,1222
3594,3594,0,2046,970
3595,3595,0,2047,740
3596,3596,0,2046,532
3597,3597,0,2046,352
3598,3598,0,2047,202
3599,3599,0,2047,86
3600,3600,0,2047,5
3601,3601,0,2046,0
3602,3602,0,2047,0
3603,3603,0,2046,0
3604,3604,0,2046,55
3605,3605,0,2047,160
3606,3606,0,2046,299
3607,3607,0,2047,469
3608,3608,0,2047,667
3609,3609,0,2046,891
3610,3610,0,2047,1134
3611,3611,0,2047,1395
3612,3612,0,2047,1666
3613,3613,0,2046,1945
3614,3614,0,2046,2225
3615,3615,0,2047,2501
3616,3616,0,2046,2769
3617,3617,0,2047,3024
3618,3618,0,2046,3261
3619,3619,0,2046,3476
3620,3620,0,2046,3664
3621,3621,0,2046,3824
3622,3622,0,2046,3950
3623,3623,0,2046,4044
3624,3624,0,2046,4095
3625,3625,0,2046,4095
3626,3626,0,2046,4095
3627,3627,0,2046,4046
3628,3628,0,2046,3954
3629,3629,0,2047,3829
3630,3630,0,2047,3670
3631,3631,0,2046,3482
3632,3632,0,2046,3269
3633,3633,0,2046,3032
3634,3634,0,2046,2778
3635,3635,0,2047,2510
3636,3636,0,2047,2233
3637,3637,0,2046,1954
3638,3638,0,2046,1674
3639,3639,0,2046,1402
3640,3640,0,2046,1141
3641,3641,0,2047,896
3642,3642,0,2047,672
3643,3643,0,2047,472
3644,3644,0,2047,301
3645,3645,0,2046,161
3646,3646,0,2047,57
3647,3647,0,2046,0
3648,3648,0,2046,0
3649,3649,0,2046,0
3650,3650,0,2046,4
3651,3651,0,2047,84
3652,3652,0,2046,200
3653,3653,0,2046,349
3654,3654,0,2047,528
3655,3655,0,2046,735
3656,3656,0,2047,965
3657,3657,0,2047,1215
3658,3658,0,2046,1479
3659,3659,0,2046,1754
3660,3660,0,2046,2033
3661,3661,0,2046,2311
3662,3662,0,2047,2586
3663,3663,0,2047,2850
3664,3664,0,2047,3100
3665,3665,0,2046,3330
3666,3666,0,2046,3538
3667,3667,0,2046,3717
3668,3668,0,2047,3867
3669,3669,0,2046,3984
3670,3670,0,2046,4065
3671,3671,0,2047,4095
3672,3672,0,2046,4095
3673,3673,0,2047,4088
3674,3674,0,2047,4021
3675,3675,0,2047,3919
3676,3676,0,2046,3782
3677,3677,0,2047,3614
3678,3678,0,2046,3418
3679,3679,0,2046,3196
3680,3680,0,2046,2954
3681,3681,0,2047,2694
3682,3682,0,2046,2424
3683,3683,0,2047,2145
3684,3684,0,2046,1865
3685,3685,0,2047,1587
3686,3686,0,2046,1318
3687,3687,0,2047,1062
3688,3688,0,2046,823
3689,3689,0,2046,606
3690,3690,0,2046,415
3691,3691,0,2047,255
3692,3692,0,2047,125
3693,3693,0,2047,30
3694,3694,0,2047,0
3695,3695,0,2046,0
3696,3696,0,2046,0
3697,3697,0,2046,26
3698,3698,0,2047,117
3699,3699,0,2047,243
3700,3700,0,2047,402
3701,3701,0,2047,592
3702,3702,0,2046,805
3703,3703,0,2046,1042
3704,3704,0,2046,1297
3705,3705,0,2047,1564
3706,3706,0,2047,1841
3707,3707,0,2047,2121
3708,3708,0,2046,2399
3709,3709,0,2047,2670
3710,3710,0,2047,2931
3711,3711,0,2046,3175
3712,3712,0,2046,3399
3713,3713,0,2046,3598
3714,3714,0,2047,3768
3715,3715,0,2047,3908
3716,3716,0,2047,4013
3717,3717,0,2046,4084
3718,3718,0,2046,4095
3719,3719,0,2046,4095
3720,3720,0,2047,4071
3721,3721,0,2047,3993
3722,3722,0,2046,3880
3723,3723,0,2047,3733
3724,3724,0,2047,3555
3725,3725,0,2047,3351
3726,3726,0,2047,3122
3727,3727,0,2046,2873
3728,3728,0,2046,2610
3729,3729,0,2046,2337
3730,3730,0,2047,2057
3731,3731,0,2047,1777
3732,3732,0,2047,1501
3733,3733,0,2046,1236
3734,3734,0,2046,984
3735,3735,0,2047,753
3736,3736,0,2046,543
3737,3737,0,2047,361
3738,3738,0,2046,209
3739,3739,0,2047,92
3740,3740,0,2046,9
3741,3741,0,2046,0
3742,3742,0,2046,0
3743,3743,0,2046,0
3744,3744,0,2046,50
3745,3745,0,2046,153
3746,3746,0,2046,290
3747,3747,0,2046,458
3748,3748,0,2047,655
3749,3749,0,2046,878
3750,3750,0,2046,1121
3751,3751,0,2046,1380
3752,3752,0,2046,1651
3753,3753,0,2046,1929
3754,3754,0,2046,2209
3755,3755,0,2047,2485
3756,3756,0,2046,2754
3757,3757,0,2046,3010
3758,3758,0,2046,3248
3759,3759,0,2046,3464
3760,3760,0,2046,3654
3761,3761,0,2047,3815
3762,3762,0,2046,3945
3763,3763,0,2047,4039
3764,3764,0,2047,4095
3765,3765,0,2047,4095
3766,3766,0,2046,4095
3767,3767,0,2046,4050
3768,3768,0,2047,3960
3769,3769,0,2046,3837
3770,3770,0,2047,3680
3771,3771,0,2046,3494
3772,3772,0,2046,3281
3773,3773,0,2046,3046
3774,3774,0,2046,2792
3775,3775,0,2047,2524
3776,3776,0,2046,2249
3777,3777,0,2047,1968
3778,3778,0,2047,1689
3779,3779,0,2046,1417
3780,3780,0,2046,1155
3781,3781,0,2046,909
3782,3782,0,2046,684
3783,3783,0,2046,483
3784,3784,0,2046,310
3785,3785,0,2046,169
3786,3786,0,2047,61
3787,3787,0,2047,0
3788,3788,0,2046,0
3789,3789,0,2047,0
3790,3790,0,2046,1
3791,3791,0,2047,79
3792,3792,0,2046,193
3793,3793,0,2046,340
3794,3794,0,2047,517
3795,3795,0,2047,722
3796,3796,0,2047,952
3797,3797,0,2046,1200
3798,3798,0,2046,1464
3799,3799,0,2046,1737
3800,3800,0,2047,2017
3801,3801,0,2047,2296
3802,3802,0,2046,2571
3803,3803,0,2046,2836
3804,3804,0,2046,3087
3805,3805,0,2047,3318
3806,3806,0,2047,3527
3807,3807,0,2047,3708
3808,3808,0,2047,3859
3809,3809,0,2046,3978
3810,3810,0,2046,4062
3811,3811,0,2047,4095
3812,3812,0,2046,4095
3813,3813,0,2047,4091
3814,3814,0,2047,4026
3815,3815,0,2046,3926
3816,3816,0,2047,3790
3817,3817,0,2046,3624
3818,3818,0,2046,3429
3819,3819,0,2047,3209
3820,3820,0,2046,2968
3821,3821,0,2046,2710
3822,3822,0,2047,2439
3823,3823,0,2047,2161
3824,3824,0,2046,1880
3825,3825,0,2047,1603
3826,3826,0,2046,1333
3827,3827,0,2046,1075
3828,3828,0,2047,836
3829,3829,0,2046,617
3830,3830,0,2046,426
3831,3831,0,2046,262
3832,3832,0,2046,131
3833,3833,0,2046,35
3834,3834,0,2046,0
3835,3835,0,2047,0
3836,3836,0,2047,0
3837,3837,0,2046,22
3838,3838,0,2046,110
3839,3839,0,2046,236
3840,3840,0,2046,393
3841,3841,0,2047,579
3842,3842,0,2047,793
3843,3843,0,2047,1028
3844,3844,0,2046,1282
3845,3845,0,2047,1549
3846,3846,0,2047,1825
3847,3847,0,2046,2105
3848,3848,0,2046,2384
3849,3849,0,2047,2656
3850,3850,0,2046,2916
3851,3851,0,2046,3162
3852,3852,0,2047,3387
3853,3853,0,2046,3587
3854,3854,0,2046,3759
3855,3855,0,2046,3902
3856,3856,0,2046,4008
3857,3857,0,2047,4082
3858,3858,0,2046,4095
3859,3859,0,2046,4095
3860,3860,0,2046,4074
3861,3861,0,2047,3998
3862,3862,0,2046,3887
3863,3863,0,2046,3742
3864,3864,0,2046,3566
3865,3865,0,2046,3363
3866,3866,0,2046,3135
3867,3867,0,2046,2888
3868,3868,0,2046,2626
3869,3869,0,2046,2352
3870,3870,0,2046,2072
3871,3871,0,2046,1793
3872,3872,0,2046,1517
3873,3873,0,2047,1251
3874,3874,0,2047,999
3875,3875,0,2047,764
3876,3876,0,2047,554
3877,3877,0,2046,371
3878,3878,0,2046,217
3879,3879,0,2046,98
3880,3880,0,2046,12
3881,3881,0,2046,0
3882,3882,0,2046,0
3883,3883,0,2046,0
3884,3884,0,2047,46
3885,3885,0,2047,146
3886,3886,0,2047,282
3887,3887,0,2045,448
3888,3888,0,2047,643
3889,3889,0,2046,864
3890,3890,0,2046,1105
3891,3891,0,2046,1364
3892,3892,0,2046,1635
3893,3893,0,2046,1913
3894,3894,0,2046,2193
3895,3895,0,2046,2470
3896,3896,0,2047,2739
3897,3897,0,2046,2995
3898,3898,0,2046,3235
3899,3899,0,2047,3453
3900,3900,0,2046,3644
3901,3901,0,2046,3808
3902,3902,0,2046,3938
3903,3903,0,2047,4034
3904,3904,0,2046,4095
3905,3905,0,2046,4095
3906,3906,0,2046,4095
3907,3907,0,2046,4055
3908,3908,0,2046,3967
3909,3909,0,2046,3845
3910,3910,0,2046,3689
3911,3911,0,2046,3505
3912,3912,0,2046,3293
3913,3913,0,2046,3060
3914,3914,0,2046,2807
3915,3915,0,2046,2542
3916,3916,0,2046,2265
3917,3917,0,2047,1985
3918,3918,0,2047,1705
3919,3919,0,2045,1432
3920,3920,0,2047,1170
3921,3921,0,2046,923
3922,3922,0,2046,696
3923,3923,0,2046,494
3924,3924,0,2046,319
3925,3925,0,2046,176
3926,3926,0,2047,67
3927,3927,0,2047,0
3928,3928,0,2047,0
3929,3929,0,2046,0
3930,3930,0,2047,0
3931,3931,0,2046,73
3932,3932,0,2046,185
3933,3933,0,2046,330
3934,3934,0,2046,506
3935,3935,0,2047,710
3936,3936,0,2046,938
3937,3937,0,2046,1186
3938,3938,0,2046,1449
3939,3939,0,2046,1722
3940,3940,0,2046,2001
3941,3941,0,2046,2281
3942,3942,0,2046,2556
3943,3943,0,2047,2821
3944,3944,0,2046,3073
3945,3945,0,2046,3306
3946,3946,0,2046,3516
3947,3947,0,2046,3699
3948,3948,0,2047,3852
3949,3949,0,2046,3972
3950,3950,0,2046,4058
3951,3951,0,2046,4095
3952,3952,0,2046,4095
3953,3953,0,2046,4094
3954,3954,0,2046,4030
3955,3955,0,2046,3932
3956,3956,0,2046,3800
3957,3957,0,2046,3635
3958,3958,0,2045,3441
3959,3959,0,2046,3223
3960,3960,0,2046,2983
3961,3961,0,2046,2725
3962,3962,0,2046,2455
3963,3963,0,2047,2177
3964,3964,0,2046,1896
3965,3965,0,2046,1619
3966,3966,0,2047,1348
3967,3967,0,2047,1090
3968,3968,0,2047,849
3969,3969,0,2047,629
3970,3970,0,2046,436
3971,3971,0,2047,271
3972,3972,0,2047,138
3973,3973,0,2046,39
3974,3974,0,2046,0
3975,3975,0,2046,0
3976,3976,0,2046,0
3977,3977,0,2047,17
3978,3978,0,2046,105
3979,3979,0,2047,228
3980,3980,0,2046,383
3981,3981,0,2046,568
3982,3982,0,2047,780
3983,3983,0,2047,1014
3984,3984,0,2046,1268
3985,3985,0,2046,1534
3986,3986,0,2046,1810
3987,3987,0,2047,2089
3988,3988,0,2046,2368
3989,3989,0,2046,2640
3990,3990,0,2047,2901
3991,3991,0,2046,3149
3992,3992,0,2046,3375
3993,3993,0,2046,3576
3994,3994,0,2046,3751
3995,3995,0,2046,3894
3996,3996,0,2047,4004
3997,3997,0,2046,4078
3998,3998,0,2046,4095
3999,3999,0,2046,4095
4000,4000,0,2047,4078
4001,4001,0,2046,4003
4002,4002,0,2046,3894
4003,4003,0,2046,3752
4004,4004,0,2046,3577
4005,4005,0,2046,3376
4006,4006,0,2046,3149
4007,4007,0,2047,2903
4008,4008,0,2046,2641
4009,4009,0,2046,2368
4010,4010,0,2046,2089
4011,4011,0,2046,1808
4012,4012,0,2046,1532
4013,4013,0,2046,1265
4014,4014,0,2047,1012
4015,4015,0,2046,777
4016,4016,0,2047,565
4017,4017,0,2046,380
4018,4018,0,2046,225
4019,4019,0,2046,103
4020,4020,0,2046,15
4021,4021,0,2046,0
4022,4022,0,2047,0
4023,4023,0,2046,0
4024,4024,0,2046,41
4025,4025,0,2046,140
4026,4026,0,2047,273
4027,4027,0,2046,438
4028,4028,0,2046,632
4029,4029,0,2047,851
4030,4030,0,2046,1092
4031,4031,0,2046,1350
4032,4032,0,2046,1620
4033,4033,0,2046,1897
4034,4034,0,2046,2176
4035,4035,0,2046,2454
4036,4036,0,2046,2725
4037,4037,0,2046,2981
4038,4038,0,2046,3222
4039,4039,0,2046,3440
4040,4040,0,2046,3634
4041,4041,0,2046,3799
4042,4042,0,2046,3932
4043,4043,0,2046,4030
4044,4044,0,2047,4093
4045,4045,0,2046,4095
4046,4046,0,2046,4095
4047,4047,0,2046,4058
4048,4048,0,2047,3973
4049,4049,0,2047,3852
4050,4050,0,2046,3699
4051,4051,0,2046,3516
4052,4052,0,2046,3306
4053,4053,0,2046,3073
4054,4054,0,2046,2822
4055,4055,0,2046,2556
4056,4056,0,2047,2281
4057,4057,0,2046,2000
4058,4058,0,2047,1721
4059,4059,0,2047,1448
4060,4060,0,2046,1185
4061,4061,0,2046,936
4062,4062,0,2047,708
4063,4063,0,2047,503
4064,4064,0,2046,328
4065,4065,0,2047,183
4066,4066,0,2046,71
4067,4067,0,2047,0
4068,4068,0,2046,0
4069,4069,0,2046,0
4070,4070,0,2046,0
4071,4071,0,2046,68
4072,4072,0,2046,178
4073,4073,0,2046,322
4074,4074,0,2046,496
4075,4075,0,2046,699
4076,4076,0,2047,925
4077,4077,0,2046,1172
4078,4078,0,2047,1434
4079,4079,0,2047,1706
4080,4080,0,2046,1986
4081,4081,0,2046,2265
4082,4082,0,2047,2541
4083,4083,0,2047,2807
4084,4084,0,2046,3059
4085,4085,0,2047,3294
4086,4086,0,2046,3505
4087,4087,0,2046,3689
4088,4088,0,2046,3844
4089,4089,0,2046,3967
4090,4090,0,2046,4054
4091,4091,0,2046,4095
4092,4092,0,2046,4095
4093,4093,0,2047,4095
4094,4094,0,2046,4035
4095,4095,0,2047,3938
4096,4096,0,2047,3807
4097,4097,0,2047,3645
4098,4098,0,2046,3452
4099,4099,0,2046,3235
4100,4100,0,2046,2996
4101,4101,0,2046,2739
4102,4102,0,2046,2470
4103,4103,0,2046,2193
4104,4104,0,2047,1913
4105,4105,0,2046,1635
4106,4106,0,2046,1363
4107,4107,0,2046,1104
4108,4108,0,2046,862
4109,4109,0,2047,641
4110,4110,0,2046,446
4111,4111,0,2047,279
4112,4112,0,2046,145
4113,4113,0,2046,44
4114,4114,0,2046,0
4115,4115,0,2047,0
4116,4116,0,2046,0
4117,4117,0,2047,14
4118,4118,0,2046,99
4119,4119,0,2046,220
4120,4120,0,2047,373
4121,4121,0,2046,556
4122,4122,0,2047,768
4123,4123,0,2047,1001
4124,4124,0,2047,1253
4125,4125,0,2046,1518
4126,4126,0,2047,1794
4127,4127,0,2047,2074
4128,4128,0,2047,2352
4129,4129,0,2047,2626
4130,4130,0,2047,2888
4131,4131,0,2047,3135
4132,4132,0,2047,3362
4133,4133,0,2046,3566
4134,4134,0,2046,3741
4135,4135,0,2047,3887
4136,4136,0,2047,3998
4137,4137,0,2047,4075
4138,4138,0,2046,4095
4139,4139,0,2046,4095
4140,4140,0,2047,4080
4141,4141,0,2047,4008
4142,4142,0,2047,3901
4143,4143,0,2046,3759
4144,4144,0,2046,3588
4145,4145,0,2047,3387
4146,4146,0,2047,3162
4147,4147,0,2046,2917
4148,4148,0,2046,2656
4149,4149,0,2046,2384
4150,4150,0,2047,2105
4151,4151,0,2047,1824
4152,4152,0,2046,1548
4153,4153,0,2046,1280
4154,4154,0,2046,1026
4155,4155,0,2046,790
4156,4156,0,2046,577
4157,4157,0,2047,390
4158,4158,0,2047,233
4159,4159,0,2047,109
4160,4160,0,2047,20
4161,4161,0,2046,0
4162,4162,0,2046,0
4163,4163,0,2047,0
4164,4164,0,2046,37
4165,4165,0,2047,133
4166,4166,0,2046,265
4167,4167,0,2047,428
4168,4168,0,2046,620
4169,4169,0,2046,838
4170,4170,0,2047,1078
4171,4171,0,2046,1334
4172,4172,0,2046,1604
4173,4173,0,2046,1881
4174,4174,0,2047,2161
4175,4175,0,2047,2439
4176,4176,0,2047,2709
4177,4177,0,2046,2968
4178,4178,0,2046,3208
4179,4179,0,2046,3429
4180,4180,0,2047,3624
4181,4181,0,2047,3791
4182,4182,0,2047,3925
4183,4183,0,2047,4025
4184,4184,0,2047,4091
4185,4185,0,2047,4095
4186,4186,0,2046,4095
4187,4187,0,2046,4062
4188,4188,0,2046,3978
4189,4189,0,2047,3860
4190,4190,0,2046,3709
4191,4191,0,2046,3527
4192,4192,0,2047,3319
4193,4193,0,2047,3087
4194,4194,0,2047,2837
4195,4195,0,2047,2571
4196,4196,0,2046,2296
4197,4197,0,2047,2016
4198,4198,0,2047,1737
4199,4199,0,2047,1463
4200,4200,0,2046,1198
4201,4201,0,2046,949
4202,4202,0,2046,720
4203,4203,0,2046,514
4204,4204,0,2047,337
4205,4205,0,2046,190
4206,4206,0,2047,77
4207,4207,0,2047,0
4208,4208,0,2046,0
4209,4209,0,2046,0
4210,4210,0,2047,0
4211,4211,0,2047,63
4212,4212,0,2046,171
4213,4213,0,2047,313
4214,4214,0,2046,486
4215,4215,0,2046,685
4216,4216,0,2046,912
4217,4217,0,2047,1157
4218,4218,0,2046,1419
4219,4219,0,2047,1691
4220,4220,0,2047,1970
4221,4221,0,2046,2250
4222,4222,0,2047,2525
4223,4223,0,2046,2792
4224,4224,0,2047,3046
4225,4225,0,2046,3280
4226,4226,0,2047,3493
4227,4227,0,2046,3680
4228,4228,0,2046,3836
4229,4229,0,2047,3960
4230,4230,0,2047,4051
4231,4231,0,2047,4095
4232,4232,0,2046,4095
4233,4233,0,2047,4095
4234,4234,0,2047,4040
4235,4235,0,2047,3945
4236,4236,0,2047,3816
4237,4237,0,2047,3655
4238,4238,0,2047,3464
4239,4239,0,2047,3249
4240,4240,0,2047,3010
4241,4241,0,2047,2754
4242,4242,0,2047,2485
4243,4243,0,2046,2208
4244,4244,0,2046,1928
4245,4245,0,2046,1650
4246,4246,0,2047,1378
4247,4247,0,2047,1118
4248,4248,0,2047,875
4249,4249,0,2046,654
4250,4250,0,2046,456
4251,4251,0,2047,288
4252,4252,0,2047,151
4253,4253,0,2046,50
4254,4254,0,2047,0
4255,4255,0,2047,0
4256,4256,0,2046,0
4257,4257,0,2047,10
4258,4258,0,2047,93
4259,4259,0,2046,212
4260,4260,0,2047,363
4261,4261,0,2047,546
4262,4262,0,2047,754
4263,4263,0,2046,986
4264,4264,0,2047,1239
4265,4265,0,2047,1503
4266,4266,0,2046,1778
4267,4267,0,2046,2058
4268,4268,0,2046,2336
4269,4269,0,2046,2610
4270,4270,0,2047,2874
4271,4271,0,2047,3121
4272,4272,0,2047,3350
4273,4273,0,2046,3555
4274,4274,0,2047,3732
4275,4275,0,2046,3879
4276,4276,0,2046,3992
4277,4277,0,2047,4072
4278,4278,0,2046,4095
4279,4279,0,2047,4095
4280,4280,0,2046,4084
4281,4281,0,2047,4014
4282,4282,0,2047,3908
4283,4283,0,2046,3768
4284,4284,0,2047,3598
4285,4285,0,2047,3399
4286,4286,0,2047,3176
4287,4287,0,2047,2931
4288,4288,0,2047,2671
4289,4289,0,2047,2399
4290,4290,0,2046,2120
4291,4291,0,2047,1840
4292,4292,0,2047,1563
4293,4293,0,2046,1295
4294,4294,0,2047,1040
4295,4295,0,2047,803
4296,4296,0,2047,587
4297,4297,0,2047,400
4298,4298,0,2047,241
4299,4299,0,2047,115
4300,4300,0,2047,24
4301,4301,0,2047,0
4302,4302,0,2046,0
4303,4303,0,2046,0
4304,4304,0,2046,32
4305,4305,0,2046,127
4306,4306,0,2046,257
4307,4307,0,2046,418
4308,4308,0,2047,609
4309,4309,0,2046,826
4310,4310,0,2047,1064
4311,4311,0,2046,1320
4312,4312,0,2046,1588
4313,4313,0,2045,1866
4314,4314,0,2046,2145
4315,4315,0,2046,2423
4316,4316,0,2046,2694
4317,4317,0,2046,2953
4318,4318,0,2047,3196
4319,4319,0,2047,3417
4320,4320,0,2046,3614
4321,4321,0,2046,3782
4322,4322,0,2046,3919
4323,4323,0,2047,4021
4324,4324,0,2046,4088
4325,4325,0,2046,4095
4326,4326,0,2046,4095
4327,4327,0,2047,4066
4328,4328,0,2046,3984
4329,4329,0,2047,3867
4330,4330,0,2047,3718
4331,4331,0,2047,3538
4332,4332,0,2046,3331
4333,4333,0,2046,3101
4334,4334,0,2047,2851
4335,4335,0,2047,2586
4336,4336,0,2047,2312
4337,4337,0,2047,2032
4338,4338,0,2046,1753
4339,4339,0,2047,1477
4340,4340,0,2046,1213
4341,4341,0,2047,964
4342,4342,0,2046,732
4343,4343,0,2046,526
4344,4344,0,2046,347
4345,4345,0,2047,198
4346,4346,0,2046,83
4347,4347,0,2046,3
4348,4348,0,2046,0
4349,4349,0,2046,0
4350,4350,0,2046,0
4351,4351,0,2046,58
4352,4352,0,2046,164
4353,4353,0,2046,304
4354,4354,0,2046,475
4355,4355,0,2047,674
4356,4356,0,2046,898
4357,4357,0,2046,1143
4358,4358,0,2046,1403
4359,4359,0,2047,1675
4360,4360,0,2046,1954
4361,4361,0,2047,2233
4362,4362,0,2046,2509
4363,4363,0,2046,2777
4364,4364,0,2046,3031
4365,4365,0,2047,3268
4366,4366,0,2047,3483
4367,4367,0,2047,3670
4368,4368,0,2046,3828
4369,4369,0,2047,3954
4370,4370,0,2046,4045
4371,4371,0,2046,4095
4372,4372,0,2046,4095
4373,4373,0,2046,4095
4374,4374,0,2047,4044
4375,4375,0,2046,3951
4376,4376,0,2047,3824
4377,4377,0,2046,3665
4378,4378,0,2046,3476
4379,4379,0,2047,3261
4380,4380,0,2046,3024
4381,4381,0,2047,2769
4382,4382,0,2046,2501
4383,4383,0,2046,2225
4384,4384,0,2046,1944
4385,4385,0,2046,1665
4386,4386,0,2046,1393
4387,4387,0,2046,1132
4388,4388,0,2046,889
4389,4389,0,2047,665
4390,4390,0,2047,466
4391,4391,0,2047,296
4392,4392,0,2047,158
4393,4393,0,2047,54
4394,4394,0,2047,0
4395,4395,0,2046,0
4396,4396,0,2047,0
4397,4397,0,2046,6
4398,4398,0,2046,88
4399,4399,0,2046,204
4400,4400,0,2047,354
4401,4401,0,2046,535
4402,4402,0,2047,742
4403,4403,0,2046,973
4404,4404,0,2047,1223
4405,4405,0,2047,1488
4406,4406,0,2047,1762
4407,4407,0,2046,2042
4408,4408,0,2046,2321
4409,4409,0,2047,2595
4410,4410,0,2047,2859
4411,4411,0,2047,3108
4412,4412,0,2047,3338
4413,4413,0,2047,3544
4414,4414,0,2046,3723
4415,4415,0,2046,3872
4416,4416,0,2046,3987
4417,4417,0,2047,4068
4418,4418,0,2047,4095
4419,4419,0,2046,4095
4420,4420,0,2046,4087
4421,4421,0,2047,4018
4422,4422,0,2047,3915
4423,4423,0,2047,3777
4424,4424,0,2047,3609
4425,4425,0,2046,3411
4426,4426,0,2047,3188
4427,4427,0,2046,2946
4428,4428,0,2047,2686
4429,4429,0,2047,2415
4430,4430,0,2047,2136
4431,4431,0,2046,1856
4432,4432,0,2046,1579
4433,4433,0,2047,1310
4434,4434,0,2046,1054
4435,4435,0,2046,816
4436,4436,0,2047,599
4437,4437,0,2047,409
4438,4438,0,2046,249
4439,4439,0,2046,121
4440,4440,0,2046,28
4441,4441,0,2046,0
4442,4442,0,2047,0
4443,4443,0,2046,0
4444,4444,0,2046,28
4445,4445,0,2047,120
4446,4446,0,2046,249
4447,4447,0,2047,408
4448,4448,0,2046,597
4449,4449,0,2047,812
4450,4450,0,2046,1050
4451,4451,0,2047,1305
4452,4452,0,2046,1574
4453,4453,0,2046,1850
4454,4454,0,2046,2130
4455,4455,0,2046,2408
4456,4456,0,2046,2679
4457,4457,0,2046,2939
4458,4458,0,2047,3183
4459,4459,0,2046,3406
4460,4460,0,2047,3603
4461,4461,0,2046,3773
4462,4462,0,2047,3912
4463,4463,0,2046,4016
4464,4464,0,2047,4085
4465,4465,0,2047,4095
4466,4466,0,2046,4095
4467,4467,0,2046,4068
4468,4468,0,2046,3990
4469,4469,0,2045,3875
4470,4470,0,2047,3728
4471,4471,0,2047,3548
4472,4472,0,2046,3343
4473,4473,0,2047,3114
4474,4474,0,2046,2865
4475,4475,0,2047,2602
4476,4476,0,2046,2327
4477,4477,0,2046,2048
4478,4478,0,2047,1768
4479,4479,0,2047,1492
4480,4480,0,2047,1227
4481,4481,0,2046,976
4482,4482,0,2046,745
4483,4483,0,2046,536
4484,4484,0,2047,355
4485,4485,0,2046,205
4486,4486,0,2046,88
4487,4487,0,2046,6
4488,4488,0,2046,0
4489,4489,0,2046,0
4490,4490,0,2047,0
4491,4491,0,2046,53
4492,4492,0,2047,157
4493,4493,0,2046,295
4494,4494,0,2046,464
4495,4495,0,2046,662
4496,4496,0,2047,885
4497,4497,0,2046,1129
4498,4498,0,2046,1388
4499,4499,0,2047,1660
4500,4500,0,2047,1938
4501,4501,0,2047,2218
4502,4502,0,2047,2495
4503,4503,0,2046,2763
4504,4504,0,2046,3018
4505,4505,0,2046,3255
4506,4506,0,2047,3470
4507,4507,0,2046,3660
4508,4508,0,2047,3820
4509,4509,0,2047,3948
4510,4510,0,2047,4042
4511,4511,0,2046,4095
4512,4512,0,2047,4095
4513,4513,0,2047,4095
4514,4514,0,2046,4048
4515,4515,0,2046,3958
4516,4516,0,2046,3832
4517,4517,0,2046,3675
4518,4518,0,2046,3487
4519,4519,0,2047,3274
4520,4520,0,2047,3038
4521,4521,0,2046,2785
4522,4522,0,2047,2517
4523,4523,0,2046,2240
4524,4524,0,2047,1960
4525,4525,0,2047,1681
4526,4526,0,2046,1408
4527,4527,0,2046,1147
4528,4528,0,2046,902
4529,4529,0,2046,677
4530,4530,0,2046,477
4531,4531,0,2046,305
4532,4532,0,2046,164
4533,4533,0,2046,59
4534,4534,0,2046,0
4535,4535,0,2046,0
4536,4536,0,2047,0
4537,4537,0,2047,3
4538,4538,0,2047,82
4539,4539,0,2047,197
4540,4540,0,2047,345
4541,4541,0,2047,524
4542,4542,0,2047,730
4543,4543,0,2047,960
4544,4544,0,2047,1209
4545,4545,0,2046,1473
4546,4546,0,2047,1747
4547,4547,0,2046,2026
4548,4548,0,2046,2305
4549,4549,0,2047,2579
4550,4550,0,2047,2845
4551,4551,0,2047,3094
4552,4552,0,2046,3326
4553,4553,0,2047,3533
4554,4554,0,2047,3714
4555,4555,0,2047,3864
4556,4556,0,2046,3982
4557,4557,0,2047,4064
4558,4558,0,2046,4095
4559,4559,0,2046,4095
4560,4560,0,2047,4089
4561,4561,0,2047,4023
4562,4562,0,2047,3922
4563,4563,0,2046,3786
4564,4564,0,2046,3618
4565,4565,0,2047,3423
4566,4566,0,2047,3202
4567,4567,0,2046,2960
4568,4568,0,2046,2701
4569,4569,0,2046,2430
4570,4570,0,2047,2152
4571,4571,0,2047,1872
4572,4572,0,2046,1594
4573,4573,0,2047,1324
4574,4574,0,2047,1068
4575,4575,0,2046,828
4576,4576,0,2047,611
4577,4577,0,2046,420
4578,4578,0,2047,257
4579,4579,0,2046,128
4580,4580,0,2047,32
4581,4581,0,2047,0
4582,4582,0,2046,0
4583,4583,0,2047,0
4584,4584,0,2047,24
4585,4585,0,2046,114
4586,4586,0,2046,240
4587,4587,0,2046,399
4588,4588,0,2046,586
4589,4589,0,2047,799
4590,4590,0,2046,1036
4591,4591,0,2046,1290
4592,4592,0,2047,1558
4593,4593,0,2046,1833
4594,4594,0,2047,2114
4595,4595,0,2046,2392
4596,4596,0,2046,2664
4597,4597,0,2046,2924
4598,4598,0,2046,3169
4599,4599,0,2046,3394
4600,4600,0,2046,3593
4601,4601,0,2046,3764
4602,4602,0,2046,3904
4603,4603,0,2046,4011
4604,4604,0,2047,4083
4605,4605,0,2046,4095
4606,4606,0,2047,4095
4607,4607,0,2048,4073
4608,4608,0,2046,3996
4609,4609,0,2046,3882
4610,4610,0,2047,3737
4611,4611,0,2047,3561
4612,4612,0,2046,3356
4613,4613,0,2046,3128
4614,4614,0,2046,2881
4615,4615,0,2046,2618
4616,4616,0,2046,2344
4617,4617,0,2047,2064
4618,4618,0,2046,1784
4619,4619,0,2047,1508
4620,4620,0,2047,1242
4621,4621,0,2046,991
4622,4622,0,2047,758
4623,4623,0,2046,548
4624,4624,0,2046,365
4625,4625,0,2045,213
4626,4626,0,2046,94
4627,4627,0,2046,10
4628,4628,0,2046,0
4629,4629,0,2047,0
4630,4630,0,2047,0
4631,4631,0,2046,48
4632,4632,0,2046,151
4633,4633,0,2046,287
4634,4634,0,2047,454
4635,4635,0,2047,650
4636,4636,0,2047,872
4637,4637,0,2046,1114
4638,4638,0,2046,1374
4639,4639,0,2046,1644
4640,4640,0,2046,1922
4641,4641,0,2046,2202
4642,4642,0,2047,2479
4643,4643,0,2046,2748
4644,4644,0,2046,3004
4645,4645,0,2047,3242
4646,4646,0,2046,3459
4647,4647,0,2046,3649
4648,4648,0,2046,3812
4649,4649,0,2046,3942
4650,4650,0,2047,4037
4651,4651,0,2047,4095
4652,4652,0,2047,4095
4653,4653,0,2046,4095
4654,4654,0,2046,4051
4655,4655,0,2046,3964
4656,4656,0,2046,3840
4657,4657,0,2047,3685
4658,4658,0,2047,3499
4659,4659,0,2046,3288
4660,4660,0,2046,3052
4661,4661,0,2046,2799
4662,4662,0,2047,2532
4663,4663,0,2047,2256
4664,4664,0,2046,1975
4665,4665,0,2046,1696
4666,4666,0,2046,1424
4667,4667,0,2047,1162
4668,4668,0,2046,915
4669,4669,0,2046,689
4670,4670,0,2047,488
4671,4671,0,2046,314
4672,4672,0,2046,172
4673,4673,0,2046,63
4674,4674,0,2047,0
4675,4675,0,2047,0
4676,4676,0,2046,0
4677,4677,0,2046,0
4678,4678,0,2047,76
4679,4679,0,2047,190
4680,4680,0,2046,336
4681,4681,0,2047,513
4682,4682,0,2046,717
4683,4683,0,2046,946
4684,4684,0,2046,1195
4685,4685,0,2046,1458
4686,4686,0,2046,1731
4687,4687,0,2046,2010
4688,4688,0,2047,2289
4689,4689,0,2046,2564
4690,4690,0,2046,2830
4691,4691,0,2046,3081
4692,4692,0,2047,3312
4693,4693,0,2047,3522
4694,4694,0,2046,3704
4695,4695,0,2046,3857
4696,4696,0,2046,3976
4697,4697,0,2046,4060
4698,4698,0,2047,4095
4699,4699,0,2047,4095
4700,4700,0,2047,4091
4701,4701,0,2047,4028
4702,4702,0,2046,3928
4703,4703,0,2047,3794
4704,4704,0,2046,3629
4705,4705,0,2046,3435
4706,4706,0,2047,3215
4707,4707,0,2046,2974
4708,4708,0,2046,2717
4709,4709,0,2047,2446
4710,4710,0,2046,2168
4711,4711,0,2047,1887
4712,4712,0,2046,1609
4713,4713,0,2046,1339
4714,4714,0,2046,1082
4715,4715,0,2047,841
4716,4716,0,2046,623
4717,4717,0,2047,430
4718,4718,0,2047,266
4719,4719,0,2046,134
4720,4720,0,2047,37
4721,4721,0,2046,0
4722,4722,0,2046,0
4723,4723,0,2046,0
4724,4724,0,2046,19
4725,4725,0,2047,109
4726,4726,0,2046,232
4727,4727,0,2047,388
4728,4728,0,2046,575
4729,4729,0,2047,787
4730,4730,0,2047,1022
4731,4731,0,2046,1276
4732,4732,0,2047,1543
4733,4733,0,2047,1819
4734,4734,0,2046,2098
4735,4735,0,2047,2376
4736,4736,0,2046,2648
4737,4737,0,2047,2911
4738,4738,0,2047,3156
4739,4739,0,2046,3381
4740,4740,0,2046,3582
4741,4741,0,2046,3756
4742,4742,0,2046,3898
4743,4743,0,2047,4006
4744,4744,0,2047,4079
4745,4745,0,2046,4095
4746,4746,0,2047,4095
4747,4747,0,2046,4076
4748,4748,0,2047,4000
4749,4749,0,2046,3890
4750,4750,0,2047,3745
4751,4751,0,2046,3571
4752,4752,0,2047,3368
4753,4753,0,2046,3141
4754,4754,0,2047,2894
4755,4755,0,2047,2632
4756,4756,0,2046,2359
4757,4757,0,2046,2079
4758,4758,0,2047,1800
4759,4759,0,2047,1524
4760,4760,0,2047,1256
4761,4761,0,2047,1004
4762,4762,0,2047,770
4763,4763,0,2046,559
4764,4764,0,2046,374
4765,4765,0,2046,221
4766,4766,0,2046,99
4767,4767,0,2047,14
4768,4768,0,2046,0
4769,4769,0,2046,0
4770,4770,0,2047,0
4771,4771,0,2047,44
4772,4772,0,2047,143
4773,4773,0,2047,278
4774,4774,0,2046,443
4775,4775,0,2046,639
4776,4776,0,2046,858
4777,4777,0,2046,1100
4778,4778,0,2047,1357
4779,4779,0,2046,1628
4780,4780,0,2047,1906
4781,4781,0,2046,2185
4782,4782,0,2046,2463
4783,4783,0,2046,2733
4784,4784,0,2046,2990
4785,4785,0,2047,3229
4786,4786,0,2046,3448
4787,4787,0,2047,3640
4788,4788,0,2047,3803
4789,4789,0,2047,3937
4790,4790,0,2046,4033
4791,4791,0,2047,4095
4792,4792,0,2046,4095
4793,4793,0,2047,4095
4794,4794,0,2046,4056
4795,4795,0,2046,3969
4796,4796,0,2047,3848
4797,4797,0,2046,3694
4798,4798,0,2047,3509
4799,4799,0,2047,3299
4800,4800,0,2047,3066
4801,4801,0,2047,2814
4802,4802,0,2046,2547
4803,4803,0,2047,2271
4804,4804,0,2047,1992
4805,4805,0,2046,1712
4806,4806,0,2047,1438
4807,4807,0,2046,1176
4808,4808,0,2046,928
4809,4809,0,2046,701
4810,4810,0,2046,499
4811,4811,0,2046,323
4812,4812,0,2047,179
4813,4813,0,2046,69
4814,4814,0,2047,0
4815,4815,0,2046,0
4816,4816,0,2046,0
4817,4817,0,2046,0
4818,4818,0,2046,71
4819,4819,0,2047,182
4820,4820,0,2047,327
4821,4821,0,2046,503
4822,4822,0,2046,705
4823,4823,0,2046,933
4824,4824,0,2046,1180
4825,4825,0,2047,1442
4826,4826,0,2046,1716
4827,4827,0,2046,1994
4828,4828,0,2046,2274
4829,4829,0,2046,2549
4830,4830,0,2047,2815
4831,4831,0,2047,3067
4832,4832,0,2047,3301
4833,4833,0,2046,3512
4834,4834,0,2046,3695
4835,4835,0,2046,3848
4836,4836,0,2047,3970
4837,4837,0,2046,4057
4838,4838,0,2047,4095
4839,4839,0,2047,4095
4840,4840,0,2047,4094
4841,4841,0,2047,4033
4842,4842,0,2046,3935
4843,4843,0,2046,3803
4844,4844,0,2047,3639
4845,4845,0,2046,3447
4846,4846,0,2046,3228
4847,4847,0,2046,2989
4848,4848,0,2046,2732
4849,4849,0,2047,2462
4850,4850,0,2046,2184
4851,4851,0,2047,1903
4852,4852,0,2047,1625
4853,4853,0,2047,1354
4854,4854,0,2047,1096
4855,4855,0,2047,855
4856,4856,0,2047,634
4857,4857,0,2047,440
4858,4858,0,2047,274
4859,4859,0,2046,140
4860,4860,0,2047,42
4861,4861,0,2046,0
4862,4862,0,2046,0
4863,4863,0,2047,0
4864,4864,0,2047,16
4865,4865,0,2047,102
4866,4866,0,2047,224
4867,4867,0,2046,378
4868,4868,0,2046,563
4869,4869,0,2047,774
4870,4870,0,2047,1009
4871,4871,0,2046,1261
4872,4872,0,2046,1527
4873,4873,0,2047,1803
4874,4874,0,2047,2082
4875,4875,0,2046,2361
4876,4876,0,2047,2634
4877,4877,0,2046,2895
4878,4878,0,2047,3143
4879,4879,0,2047,3369
4880,4880,0,2047,3572
4881,4881,0,2046,3746
4882,4882,0,2047,3891
4883,4883,0,2047,4001
4884,4884,0,2046,4077
4885,4885,0,2047,4095
4886,4886,0,2046,4095
4887,4887,0,2047,4079
4888,4888,0,2046,4006
4889,4889,0,2046,3897
4890,4890,0,2046,3754
4891,4891,0,2046,3582
4892,4892,0,2047,3380
4893,4893,0,2047,3156
4894,4894,0,2046,2909
4895,4895,0,2047,2647
4896,4896,0,2047,2375
4897,4897,0,2046,2095
4898,4898,0,2046,1815
4899,4899,0,2047,1539
4900,4900,0,2047,1272
4901,4901,0,2046,1018
4902,4902,0,2047,783
4903,4903,0,2047,571
4904,4904,0,2047,385
4905,4905,0,2047,229
4906,4906,0,2046,106
4907,4907,0,2046,18
4908,4908,0,2046,0
4909,4909,0,2047,0
4910,4910,0,2046,0
4911,4911,0,2046,39
4912,4912,0,2046,137
4913,4913,0,2046,269
4914,4914,0,2046,434
4915,4915,0,2046,627
4916,4916,0,2047,846
4917,4917,0,2046,1085
4918,4918,0,2046,1344
4919,4919,0,2047,1613
4920,4920,0,2047,1890
4921,4921,0,2047,2170
4922,4922,0,2047,2447
4923,4923,0,2047,2718
4924,4924,0,2046,2976
4925,4925,0,2047,3216
4926,4926,0,2046,3435
4927,4927,0,2046,3630
4928,4928,0,2046,3795
4929,4929,0,2046,3929
4930,4930,0,2047,4028
4931,4931,0,2047,4092
4932,4932,0,2047,4095
4933,4933,0,2047,4095
4934,4934,0,2047,4060
4935,4935,0,2047,3976
4936,4936,0,2046,3855
4937,4937,0,2047,3703
4938,4938,0,2046,3520
4939,4939,0,2046,3312
4940,4940,0,2046,3080
4941,4941,0,2047,2828
4942,4942,0,2046,2563
4943,4943,0,2046,2287
4944,4944,0,2047,2007
4945,4945,0,2046,1728
4946,4946,0,2047,1454
4947,4947,0,2046,1190
4948,4948,0,2046,942
4949,4949,0,2046,714
4950,4950,0,2046,509
4951,4951,0,2046,332
4952,4952,0,2047,186
4953,4953,0,2046,75
4954,4954,0,2047,0
4955,4955,0,2047,0
4956,4956,0,2046,0
4957,4957,0,2047,0
4958,4958,0,2047,66
4959,4959,0,2046,175
4960,4960,0,2047,318
4961,4961,0,2047,492
4962,4962,0,2047,693
4963,4963,0,2046,919
4964,4964,0,2046,1165
4965,4965,0,2046,1427
4966,4966,0,2046,1700
4967,4967,0,2046,1978
4968,4968,0,2047,2258
4969,4969,0,2047,2534
4970,4970,0,2046,2800
4971,4971,0,2046,3053
4972,4972,0,2047,3288
4973,4973,0,2046,3500
4974,4974,0,2047,3685
4975,4975,0,2047,3840
4976,4976,0,2047,3964
4977,4977,0,2047,4051
4978,4978,0,2047,4095
4979,4979,0,2047,4095
4980,4980,0,2046,4095
4981,4981,0,2046,4037
4982,4982,0,2046,3942
4983,4983,0,2046,3811
4984,4984,0,2047,3649
4985,4985,0,2046,3458
4986,4986,0,2046,3242
4987,4987,0,2047,3002
4988,4988,0,2046,2747
4989,4989,0,2046,2477
4990,4990,0,2047,2200
4991,4991,0,2046,1919
4992,4992,0,2046,1641
4993,4993,0,2046,1370
4994,4994,0,2047,1110
4995,4995,0,2047,867
4996,4996,0,2046,646
4997,4997,0,2046,451
4998,4998,0,2046,282
4999,4999,0,2046,147
5000,5000,0,2047,46
5001,5001,0,2047,0
5002,5002,0,2046,0
5003,5003,0,2046,0
5004,5004,0,2046,13
5005,5005,0,2046,97
5006,5006,0,2047,217
5007,5007,0,2046,369
5008,5008,0,2046,552
5009,5009,0,2046,761
5010,5010,0,2047,995
5011,5011,0,2046,1247
5012,5012,0,2046,1512
5013,5013,0,2046,1787
5014,5014,0,2046,2066
5015,5015,0,2046,2345
5016,5016,0,2046,2618
5017,5017,0,2046,2881
5018,5018,0,2047,3129
5019,5019,0,2046,3357
5020,5020,0,2047,3561
5021,5021,0,2047,3737
5022,5022,0,2046,3884
5023,5023,0,2046,3995
5024,5024,0,2046,4072
5025,5025,0,2047,4095
5026,5026,0,2046,4095
5027,5027,0,2046,4082
5028,5028,0,2047,4011
5029,5029,0,2046,3904
5030,5030,0,2046,3764
5031,5031,0,2045,3592
5032,5032,0,2047,3392
5033,5033,0,2046,3168
5034,5034,0,2046,2923
5035,5035,0,2046,2663
5036,5036,0,2047,2390
5037,5037,0,2047,2111
5038,5038,0,2047,1831
5039,5039,0,2046,1554
5040,5040,0,2047,1286
5041,5041,0,2046,1032
5042,5042,0,2047,795
5043,5043,0,2047,581
5044,5044,0,2048,394
5045,5045,0,2046,236
5046,5046,0,2047,111
5047,5047,0,2047,22
5048,5048,0,2046,0
5049,5049,0,2046,0
5050,5050,0,2047,0
5051,5051,0,2047,34
5052,5052,0,2046,130
5053,5053,0,2046,261
5054,5054,0,2047,423
5055,5055,0,2046,616
5056,5056,0,2047,833
5057,5057,0,2047,1071
5058,5058,0,2047,1328
5059,5059,0,2047,1598
5060,5060,0,2046,1874
5061,5061,0,2047,2154
5062,5062,0,2046,2432
5063,5063,0,2047,2703
5064,5064,0,2047,2961
5065,5065,0,2046,3203
5066,5066,0,2046,3423
5067,5067,0,2046,3619
5068,5068,0,2046,3787
5069,5069,0,2046,3923
5070,5070,0,2046,4023
5071,5071,0,2046,4089
5072,5072,0,2046,4095
5073,5073,0,2046,4095
5074,5074,0,2046,4064
5075,5075,0,2047,3981
5076,5076,0,2046,3864
5077,5077,0,2047,3712
5078,5078,0,2047,3532
5079,5079,0,2047,3324
5080,5080,0,2047,3093
5081,5081,0,2046,2842
5082,5082,0,2046,2578
5083,5083,0,2046,2303
5084,5084,0,2047,2023
5085,5085,0,2046,1743
5086,5086,0,2047,1469
5087,5087,0,2046,1205
5088,5088,0,2046,955
5089,5089,0,2046,725
5090,5090,0,2046,519
5091,5091,0,2047,341
5092,5092,0,2046,194
5093,5093,0,2046,79
5094,5094,0,2046,1
5095,5095,0,2046,0
5096,5096,0,2046,0
5097,5097,0,2046,0
5098,5098,0,2046,61
5099,5099,0,2047,168
5100,5100,0,2046,309
5101,5101,0,2046,481
5102,5102,0,2046,680
5103,5103,0,2046,905
5104,5104,0,2047,1151
5105,5105,0,2046,1412
5106,5106,0,2046,1684
5107,5107,0,2047,1962
5108,5108,0,2046,2242
5109,5109,0,2047,2518
5110,5110,0,2047,2785
5111,5111,0,2047,3039
5112,5112,0,2047,3275
5113,5113,0,2047,3489
5114,5114,0,2046,3675
5115,5115,0,2046,3832
5116,5116,0,2046,3958
5117,5117,0,2047,4047
5118,5118,0,2046,4095
5119,5119,0,2047,4095
5120,5120,0,2046,4095
5121,5121,0,2046,4041
5122,5122,0,2046,3947
5123,5123,0,2046,3820
5124,5124,0,2047,3659
5125,5125,0,2047,3470
5126,5126,0,2047,3254
5127,5127,0,2046,3016
5128,5128,0,2046,2761
5129,5129,0,2047,2492
5130,5130,0,2047,2215
5131,5131,0,2046,1934
5132,5132,0,2046,1657
5133,5133,0,2047,1385
5134,5134,0,2046,1125
5135,5135,0,2047,880
5136,5136,0,2046,659
5137,5137,0,2046,460
5138,5138,0,2047,291
5139,5139,0,2046,153
5140,5140,0,2046,51
5141,5141,0,2047,0
5142,5142,0,2047,0
5143,5143,0,2047,0
5144,5144,0,2046,8
5145,5145,0,2046,91
5146,5146,0,2047,208
5147,5147,0,2047,360
5148,5148,0,2047,540
5149,5149,0,2047,749
5150,5150,0,2046,981
5151,5151,0,2047,1231
5152,5152,0,2047,1497
5153,5153,0,2047,1771
5154,5154,0,2046,2050
5155,5155,0,2046,2329
5156,5156,0,2047,2604
5157,5157,0,2046,2867
5158,5158,0,2046,3116
5159,5159,0,2046,3345
5160,5160,0,2046,3550
5161,5161,0,2047,3728
5162,5162,0,2047,3876
5163,5163,0,2046,3990
5164,5164,0,2047,4069
5165,5165,0,2047,4095
5166,5166,0,2047,4095
5167,5167,0,2046,4085
5168,5168,0,2046,4016
5169,5169,0,2047,3911
5170,5170,0,2047,3773
5171,5171,0,2047,3602
5172,5172,0,2046,3404
5173,5173,0,2047,3181
5174,5174,0,2046,2937
5175,5175,0,2047,2677
5176,5176,0,2047,2405
5177,5177,0,2046,2127
5178,5178,0,2046,1846
5179,5179,0,2047,1570
5180,5180,0,2046,1300
5181,5181,0,2046,1046
5182,5182,0,2046,808
5183,5183,0,2047,593
5184,5184,0,2045,404
5185,5185,0,2047,245
5186,5186,0,2047,118
5187,5187,0,2047,26
5188,5188,0,2047,0
5189,5189,0,2047,0
5190,5190,0,2046,0
5191,5191,0,2047,30
5192,5192,0,2046,124
5193,5193,0,2046,253
5194,5194,0,2046,413
5195,5195,0,2046,604
5196,5196,0,2046,820
5197,5197,0,2046,1057
5198,5198,0,2047,1314
5199,5199,0,2046,1582
5200,5200,0,2047,1859
5201,5201,0,2046,2139
5202,5202,0,2047,2416
5203,5203,0,2046,2687
5204,5204,0,2046,2947
5205,5205,0,2046,3190
5206,5206,0,2047,3411
5207,5207,0,2046,3609
5208,5208,0,2047,3778
5209,5209,0,2045,3915
5210,5210,0,2046,4019
5211,5211,0,2047,4087
5212,5212,0,2046,4095
5213,5213,0,2046,4095
5214,5214,0,2047,4067
5215,5215,0,2046,3986
5216,5216,0,2047,3871
5217,5217,0,2046,3722
5218,5218,0,2046,3543
5219,5219,0,2046,3337
5220,5220,0,2047,3107
5221,5221,0,2046,2858
5222,5222,0,2047,2594
5223,5223,0,2046,2318
5224,5224,0,2047,2039
5225,5225,0,2046,1759
5226,5226,0,2046,1485
5227,5227,0,2046,1220
5228,5228,0,2047,968
5229,5229,0,2046,738
5230,5230,0,2046,530
5231,5231,0,2046,350
5232,5232,0,2047,201
5233,5233,0,2047,85
5234,5234,0,2047,4
5235,5235,0,2047,0
5236,5236,0,2047,0
5237,5237,0,2047,0
5238,5238,0,2046,56
5239,5239,0,2045,161
5240,5240,0,2047,300
5241,5241,0,2046,470
5242,5242,0,2047,669
5243,5243,0,2046,892
5244,5244,0,2047,1137
5245,5245,0,2046,1397
5246,5246,0,2046,1669
5247,5247,0,2046,1947
5248,5248,0,2047,2227
5249,5249,0,2046,2503
5250,5250,0,2047,2771
5251,5251,0,2046,3025
5252,5252,0,2046,3263
5253,5253,0,2046,3477
5254,5254,0,2046,3665
5255,5255,0,2047,3824
5256,5256,0,2046,3952
5257,5257,0,2046,4043
5258,5258,0,2046,4095
5259,5259,0,2047,4095
5260,5260,0,2047,4095
5261,5261,0,2046,4045
5262,5262,0,2047,3954
5263,5263,0,2047,3827
5264,5264,0,2047,3669
5265,5265,0,2047,3481
5266,5266,0,2046,3266
5267,5267,0,2046,3031
5268,5268,0,2047,2775
5269,5269,0,2047,2508
5270,5270,0,2046,2231
5271,5271,0,2046,1951
5272,5272,0,2046,1672
5273,5273,0,2046,1400
5274,5274,0,2046,1139
5275,5275,0,2046,894
5276,5276,0,2046,670
5277,5277,0,2046,471
5278,5278,0,2047,300
5279,5279,0,2047,161
5280,5280,0,2046,56
5281,5281,0,2047,0
5282,5282,0,2046,0
5283,5283,0,2046,0
5284,5284,0,2047,5
5285,5285,0,2046,85
5286,5286,0,2047,201
5287,5287,0,2047,350
5288,5288,0,2047,530
5289,5289,0,2047,737
5290,5290,0,2047,967
5291,5291,0,2047,1217
5292,5292,0,2047,1481
5293,5293,0,2047,1755
5294,5294,0,2046,2035
5295,5295,0,2046,2314
5296,5296,0,2046,2588
5297,5297,0,2047,2852
5298,5298,0,2047,3103
5299,5299,0,2046,3332
5300,5300,0,2047,3539
5301,5301,0,2047,3719
5302,5302,0,2046,3868
5303,5303,0,2046,3984
5304,5304,0,2046,4066
5305,5305,0,2046,4095
5306,5306,0,2047,4095
5307,5307,0,2047,4088
5308,5308,0,2046,4020
5309,5309,0,2047,3918
5310,5310,0,2046,3781
5311,5311,0,2047,3613
5312,5312,0,2046,3415
5313,5313,0,2046,3194
5314,5314,0,2046,2951
5315,5315,0,2047,2692
5316,5316,0,2046,2422
5317,5317,0,2047,2143
5318,5318,0,2046,1862
5319,5319,0,2046,1585
5320,5320,0,2047,1317
5321,5321,0,2047,1060
5322,5322,0,2046,822
5323,5323,0,2047,605
5324,5324,0,2046,414
5325,5325,0,2047,253
5326,5326,0,2046,125
5327,5327,0,2047,30
5328,5328,0,2047,0
5329,5329,0,2047,0
5330,5330,0,2047,0
5331,5331,0,2046,26
5332,5332,0,2046,118
5333,5333,0,2046,245
5334,5334,0,2047,403
5335,5335,0,2046,592
5336,5336,0,2046,807
5337,5337,0,2046,1044
5338,5338,0,2046,1299
5339,5339,0,2046,1566
5340,5340,0,2046,1843
5341,5341,0,2046,2123
5342,5342,0,2046,2400
5343,5343,0,2046,2672
5344,5344,0,2046,2932
5345,5345,0,2046,3177
5346,5346,0,2047,3400
5347,5347,0,2047,3599
5348,5348,0,2046,3770
5349,5349,0,2046,3909
5350,5350,0,2047,4013
5351,5351,0,2046,4084
5352,5352,0,2047,4095
5353,5353,0,2047,4095
5354,5354,0,2047,4071
5355,5355,0,2046,3992
5356,5356,0,2047,3878
5357,5357,0,2046,3731
5358,5358,0,2046,3554
5359,5359,0,2046,3349
5360,5360,0,2047,3120
5361,5361,0,2046,2871
5362,5362,0,2046,2608
5363,5363,0,2046,2335
5364,5364,0,2046,2055
5365,5365,0,2047,1775
5366,5366,0,2047,1499
5367,5367,0,2046,1234
5368,5368,0,2047,982
5369,5369,0,2046,751
5370,5370,0,2046,542
5371,5371,0,2047,360
5372,5372,0,2046,209
5373,5373,0,2047,91
5374,5374,0,2047,8
5375,5375,0,2047,0
5376,5376,0,2046,0
5377,5377,0,2046,0
5378,5378,0,2047,51
5379,5379,0,2046,154
5380,5380,0,2046,291
5381,5381,0,2046,461
5382,5382,0,2046,657
5383,5383,0,2046,879
5384,5384,0,2046,1122
5385,5385,0,2047,1381
5386,5386,0,2046,1653
5387,5387,0,2047,1931
5388,5388,0,2046,2211
5389,5389,0,2046,2488
5390,5390,0,2046,2756
5391,5391,0,2046,3012
5392,5392,0,2047,3250
5393,5393,0,2047,3466
5394,5394,0,2046,3656
5395,5395,0,2046,3817
5396,5396,0,2046,3946
5397,5397,0,2046,4039
5398,5398,0,2046,4095
5399,5399,0,2047,4095
5400,5400,0,2046,4095
5401,5401,0,2046,4049
5402,5402,0,2047,3960
5403,5403,0,2047,3836
5404,5404,0,2046,3679
5405,5405,0,2046,3492
5406,5406,0,2047,3280
5407,5407,0,2047,3044
5408,5408,0,2047,2791
5409,5409,0,2047,2523
5410,5410,0,2046,2247
5411,5411,0,2047,1967
5412,5412,0,2046,1687
5413,5413,0,2046,1415
5414,5414,0,2046,1153
5415,5415,0,2047,908
5416,5416,0,2046,682
5417,5417,0,2046,482
5418,5418,0,2047,309
5419,5419,0,2047,167
5420,5420,0,2046,62
5421,5421,0,2046,0
5422,5422,0,2046,0
5423,5423,0,2047,0
5424,5424,0,2047,1
5425,5425,0,2047,80
5426,5426,0,2046,193
5427,5427,0,2046,341
5428,5428,0,2046,519
5429,5429,0,2047,724
5430,5430,0,2047,954
5431,5431,0,2046,1202
5432,5432,0,2047,1465
5433,5433,0,2046,1740
5434,5434,0,2046,2019
5435,5435,0,2047,2298
5436,5436,0,2046,2573
5437,5437,0,2046,2837
5438,5438,0,2047,3089
5439,5439,0,2047,3320
5440,5440,0,2046,3528
5441,5441,0,2047,3710
5442,5442,0,2046,3861
5443,5443,0,2046,3979
5444,5444,0,2047,4062
5445,5445,0,2046,4095
5446,5446,0,2047,4095
5447,5447,0,2047,4090
5448,5448,0,2046,4025
5449,5449,0,2047,3925
5450,5450,0,2046,3790
5451,5451,0,2047,3623
5452,5452,0,2047,3428
5453,5453,0,2046,3208
5454,5454,0,2046,2966
5455,5455,0,2047,2707
5456,5456,0,2046,2437
5457,5457,0,2046,2159
5458,5458,0,2047,1878
5459,5459,0,2047,1601
5460,5460,0,2047,1331
5461,5461,0,2047,1074
5462,5462,0,2046,834
5463,5463,0,2046,616
5464,5464,0,2047,424
5465,5465,0,2047,262
5466,5466,0,2046,130
5467,5467,0,2046,35
5468,5468,0,2046,0
5469,5469,0,2047,0
5470,5470,0,2047,0
5471,5471,0,2046,22
5472,5472,0,2046,111
5473,5473,0,2046,236
5474,5474,0,2046,394
5475,5475,0,2046,581
5476,5476,0,2046,794
5477,5477,0,2046,1030
5478,5478,0,2047,1283
5479,5479,0,2047,1550
5480,5480,0,2046,1827
5481,5481,0,2046,2107
5482,5482,0,2046,2386
5483,5483,0,2047,2657
5484,5484,0,2046,2917
5485,5485,0,2047,3163
5486,5486,0,2046,3388
5487,5487,0,2046,3589
5488,5488,0,2047,3760
5489,5489,0,2046,3902
5490,5490,0,2047,4009
5491,5491,0,2046,4081
5492,5492,0,2046,4095
5493,5493,0,2046,4095
5494,5494,0,2047,4073
5495,5495,0,2047,3997
5496,5496,0,2047,3886
5497,5497,0,2047,3740
5498,5498,0,2047,3565
5499,5499,0,2046,3361
5500,5500,0,2047,3134
5501,5501,0,2046,2886
5502,5502,0,2047,2624
5503,5503,0,2047,2350
5504,5504,0,2046,2070
5505,5505,0,2046,1790
5506,5506,0,2046,1515
5507,5507,0,2046,1249
5508,5508,0,2046,996
5509,5509,0,2046,763
5510,5510,0,2046,552
5511,5511,0,2047,369
5512,5512,0,2046,216
5513,5513,0,2046,96
5514,5514,0,2046,11
5515,5515,0,2046,0
5516,5516,0,2047,0
5517,5517,0,2047,0
5518,5518,0,2046,46
5519,5519,0,2047,147
5520,5520,0,2046,282
5521,5521,0,2046,450
5522,5522,0,2046,645
5523,5523,0,2046,866
5524,5524,0,2046,1108
5525,5525,0,2046,1367
5526,5526,0,2047,1637
5527,5527,0,2046,1914
5528,5528,0,2046,2195
5529,5529,0,2047,2472
5530,5530,0,2046,2740
5531,5531,0,2047,2997
5532,5532,0,2046,3237
5533,5533,0,2046,3454
5534,5534,0,2047,3645
5535,5535,0,2046,3809
5536,5536,0,2047,3940
5537,5537,0,2046,4036
5538,5538,0,2045,4095
5539,5539,0,2047,4095
5540,5540,0,2046,4095
5541,5541,0,2047,4054
5542,5542,0,2046,3966
5543,5543,0,2046,3844
5544,5544,0,2046,3688
5545,5545,0,2046,3504
5546,5546,0,2046,3292
5547,5547,0,2046,3058
5548,5548,0,2047,2805
5549,5549,0,2047,2539
5550,5550,0,2047,2263
5551,5551,0,2046,1982
5552,5552,0,2047,1703
5553,5553,0,2046,1430
5554,5554,0,2046,1168
5555,5555,0,2047,921
5556,5556,0,2047,695
5557,5557,0,2046,492
5558,5558,0,2047,317
5559,5559,0,2046,175
5560,5560,0,2047,66
5561,5561,0,2047,0
5562,5562,0,2047,0
5563,5563,0,2047,0
5564,5564,0,2047,0
5565,5565,0,2046,74
5566,5566,0,2047,186
5567,5567,0,2047,332
5568,5568,0,2047,507
5569,5569,0,2046,712
5570,5570,0,2047,940
5571,5571,0,2047,1188
5572,5572,0,2046,1451
5573,5573,0,2047,1725
5574,5574,0,2046,2003
5575,5575,0,2046,2283
5576,5576,0,2046,2558
5577,5577,0,2047,2823
5578,5578,0,2046,3075
5579,5579,0,2046,3307
5580,5580,0,2046,3517
5581,5581,0,2046,3700
5582,5582,0,2047,3854
5583,5583,0,2046,3973
5584,5584,0,2046,4059
5585,5585,0,2046,4095
5586,5586,0,2046,4095
5587,5587,0,2046,4094
5588,5588,0,2046,4029
5589,5589,0,2046,3931
5590,5590,0,2046,3798
5591,5591,0,2047,3634
5592,5592,0,2047,3440
5593,5593,0,2047,3221
5594,5594,0,2046,2980
5595,5595,0,2046,2723
5596,5596,0,2046,2453
5597,5597,0,2046,2175
5598,5598,0,2046,1895
5599,5599,0,2046,1616
5600,5600,0,2046,1346
5601,5601,0,2046,1087
5602,5602,0,2047,847
5603,5603,0,2047,628
5604,5604,0,2047,434
5605,5605,0,2046,270
5606,5606,0,2047,137
5607,5607,0,2047,39
5608,5608,0,2046,0
5609,5609,0,2046,0
5610,5610,0,2046,0
5611,5611,0,2047,18
5612,5612,0,2046,106
5613,5613,0,2046,228
5614,5614,0,2047,384
5615,5615,0,2046,570
5616,5616,0,2046,782
5617,5617,0,2046,1017
5618,5618,0,2047,1269
5619,5619,0,2047,1536
5620,5620,0,2047,1811
5621,5621,0,2046,2092
5622,5622,0,2047,2370
5623,5623,0,2047,2643
5624,5624,0,2046,2905
5625,5625,0,2047,3151
5626,5626,0,2046,3377
5627,5627,0,2046,3577
5628,5628,0,2047,3751
5629,5629,0,2046,3895
5630,5630,0,2047,4004
5631,5631,0,2046,4078
5632,5632,0,2046,4095
5633,5633,0,2046,4095
5634,5634,0,2047,4077
5635,5635,0,2046,4002
5636,5636,0,2047,3892
5637,5637,0,2046,3750
5638,5638,0,2047,3575
5639,5639,0,2046,3373
5640,5640,0,2046,3147
5641,5641,0,2046,2900
5642,5642,0,2046,2639
5643,5643,0,2046,2365
5644,5644,0,2046,2086
5645,5645,0,2046,1806
5646,5646,0,2047,1530
5647,5647,0,2047,1263
5648,5648,0,2047,1011
5649,5649,0,2046,776
5650,5650,0,2046,564
5651,5651,0,2046,380
5652,5652,0,2047,224
5653,5653,0,2046,102
5654,5654,0,2046,15
5655,5655,0,2046,0
5656,5656,0,2047,0
5657,5657,0,2046,0
5658,5658,0,2046,42
5659,5659,0,2046,140
5660,5660,0,2047,274
5661,5661,0,2046,439
5662,5662,0,2047,634
5663,5663,0,2046,853
5664,5664,0,2047,1094
5665,5665,0,2046,1353
5666,5666,0,2046,1622
5667,5667,0,2046,1899
5668,5668,0,2046,2178
5669,5669,0,2046,2457
5670,5670,0,2047,2726
5671,5671,0,2046,2984
5672,5672,0,2047,3224
5673,5673,0,2046,3442
5674,5674,0,2046,3635
5675,5675,0,2046,3800
5676,5676,0,2047,3933
5677,5677,0,2046,4031
5678,5678,0,2047,4093
5679,5679,0,2047,4095
5680,5680,0,2047,4095
5681,5681,0,2046,4057
5682,5682,0,2046,3972
5683,5683,0,2047,3851
5684,5684,0,2046,3698
5685,5685,0,2046,3514
5686,5686,0,2046,3305
5687,5687,0,2047,3071
5688,5688,0,2046,2819
5689,5689,0,2046,2554
5690,5690,0,2047,2278
5691,5691,0,2046,1997
5692,5692,0,2047,1718
5693,5693,0,2047,1445
5694,5694,0,2046,1182
5695,5695,0,2047,934
5696,5696,0,2047,706
5697,5697,0,2047,502
5698,5698,0,2046,327
5699,5699,0,2047,182
5700,5700,0,2047,71
5701,5701,0,2046,0
5702,5702,0,2046,0
5703,5703,0,2046,0
5704,5704,0,2047,0
5705,5705,0,2047,69
5706,5706,0,2046,179
5707,5707,0,2047,323
5708,5708,0,2046,498
5709,5709,0,2047,700
5710,5710,0,2046,927
5711,5711,0,2047,1173
5712,5712,0,2047,1435
5713,5713,0,2046,1709
5714,5714,0,2046,1988
5715,5715,0,2046,2267
5716,5716,0,2046,2543
5717,5717,0,2047,2808
5718,5718,0,2047,3061
5719,5719,0,2047,3295
5720,5720,0,2046,3506
5721,5721,0,2046,3691
5722,5722,0,2047,3845
5723,5723,0,2046,3968
5724,5724,0,2046,4054
5725,5725,0,2047,4095
5726,5726,0,2047,4095
5727,5727,0,2047,4095
5728,5728,0,2046,4034
5729,5729,0,2046,3938
5730,5730,0,2047,3806
5731,5731,0,2046,3644
5732,5732,0,2046,3451
5733,5733,0,2047,3233
5734,5734,0,2046,2994
5735,5735,0,2047,2738
5736,5736,0,2046,2468
5737,5737,0,2047,2190
5738,5738,0,2046,1910
5739,5739,0,2046,1632
5740,5740,0,2046,1361
5741,5741,0,2046,1101
5742,5742,0,2047,860
5743,5743,0,2047,639
5744,5744,0,2046,444
5745,5745,0,2046,277
5746,5746,0,2046,143
5747,5747,0,2047,44
5748,5748,0,2046,0
5749,5749,0,2047,0
5750,5750,0,2046,0
5751,5751,0,2047,15
5752,5752,0,2046,100
5753,5753,0,2046,221
5754,5754,0,2047,375
5755,5755,0,2047,559
5756,5756,0,2047,770
5757,5757,0,2046,1002
5758,5758,0,2047,1255
5759,5759,0,2046,1521
5760,5760,0,2047,1796
5761,5761,0,2046,2075
5762,5762,0,2046,2354
5763,5763,0,2046,2627
5764,5764,0,2047,2890
5765,5765,0,2046,3136
5766,5766,0,2046,3364
5767,5767,0,2047,3567
5768,5768,0,2046,3743
5769,5769,0,2046,3888
5770,5770,0,2046,3999
5771,5771,0,2046,4074
5772,5772,0,2047,4095
5773,5773,0,2046,4095
5774,5774,0,2046,4080
5775,5775,0,2047,4008
5776,5776,0,2047,3900
5777,5777,0,2046,3758
5778,5778,0,2047,3586
5779,5779,0,2047,3386
5780,5780,0,2047,3160
5781,5781,0,2047,2915
5782,5782,0,2047,2654
5783,5783,0,2047,2380
5784,5784,0,2046,2102
5785,5785,0,2047,1822
5786,5786,0,2046,1545
5787,5787,0,2047,1278
5788,5788,0,2046,1024
5789,5789,0,2047,789
5790,5790,0,2047,575
5791,5791,0,2047,388
5792,5792,0,2046,232
5793,5793,0,2046,108
5794,5794,0,2046,19
5795,5795,0,2046,0
5796,5796,0,2047,0
5797,5797,0,2046,0
5798,5798,0,2046,37
5799,5799,0,2046,134
5800,5800,0,2047,266
5801,5801,0,2046,430
5802,5802,0,2046,621
5803,5803,0,2046,841
5804,5804,0,2046,1080
5805,5805,0,2046,1337
5806,5806,0,2046,1607
5807,5807,0,2046,1883
5808,5808,0,2047,2163
5809,5809,0,2047,2441
5810,5810,0,2046,2712
5811,5811,0,2047,2970
5812,5812,0,2046,3211
5813,5813,0,2046,3430
5814,5814,0,2046,3626
5815,5815,0,2046,3791
5816,5816,0,2046,3926
5817,5817,0,2047,4027
5818,5818,0,2046,4091
5819,5819,0,2047,4095
5820,5820,0,2047,4095
5821,5821,0,2047,4062
5822,5822,0,2046,3978
5823,5823,0,2046,3858
5824,5824,0,2047,3707
5825,5825,0,2047,3526
5826,5826,0,2047,3317
5827,5827,0,2047,3085
5828,5828,0,2046,2834
5829,5829,0,2047,2568
5830,5830,0,2047,2294
5831,5831,0,2047,2014
5832,5832,0,2046,1735
5833,5833,0,2046,1460
5834,5834,0,2047,1196
5835,5835,0,2046,948
5836,5836,0,2046,718
5837,5837,0,2047,513
5838,5838,0,2047,336
5839,5839,0,2046,189
5840,5840,0,2046,77
5841,5841,0,2047,0
5842,5842,0,2046,0
5843,5843,0,2046,0
5844,5844,0,2046,0
5845,5845,0,2046,64
5846,5846,0,2047,172
5847,5847,0,2047,314
5848,5848,0,2046,487
5849,5849,0,2047,688
5850,5850,0,2046,913
5851,5851,0,2047,1160
5852,5852,0,2047,1420
5853,5853,0,2047,1693
5854,5854,0,2046,1972
5855,5855,0,2046,2252
5856,5856,0,2046,2528
5857,5857,0,2046,2794
5858,5858,0,2047,3047
5859,5859,0,2046,3283
5860,5860,0,2046,3495
5861,5861,0,2045,3681
5862,5862,0,2046,3838
5863,5863,0,2046,3962
5864,5864,0,2046,4051
5865,5865,0,2046,4095
5866,5866,0,2047,4095
5867,5867,0,2046,4095
5868,5868,0,2046,4039
5869,5869,0,2046,3944
5870,5870,0,2047,3814
5871,5871,0,2046,3653
5872,5872,0,2047,3463
5873,5873,0,2047,3246
5874,5874,0,2046,3008
5875,5875,0,2046,2752
5876,5876,0,2047,2482
5877,5877,0,2046,2206
5878,5878,0,2046,1926
5879,5879,0,2046,1648
5880,5880,0,2047,1375
5881,5881,0,2047,1116
5882,5882,0,2047,873
5883,5883,0,2046,652
5884,5884,0,2047,454
5885,5885,0,2046,286
5886,5886,0,2046,150
5887,5887,0,2046,48
5888,5888,0,2046,0
5889,5889,0,2046,0
5890,5890,0,2047,0
5891,5891,0,2046,11
5892,5892,0,2046,94
5893,5893,0,2046,213
5894,5894,0,2047,365
5895,5895,0,2046,548
5896,5896,0,2047,756
5897,5897,0,2046,989
5898,5898,0,2047,1240
5899,5899,0,2046,1505
5900,5900,0,2047,1781
5901,5901,0,2046,2060
5902,5902,0,2047,2339
5903,5903,0,2046,2612
5904,5904,0,2046,2875
5905,5905,0,2046,3123
5906,5906,0,2047,3352
5907,5907,0,2046,3556
5908,5908,0,2046,3733
5909,5909,0,2046,3880
5910,5910,0,2046,3993
5911,5911,0,2046,4072
5912,5912,0,2046,4095
5913,5913,0,2047,4095
5914,5914,0,2046,4084
5915,5915,0,2046,4013
5916,5916,0,2046,3907
5917,5917,0,2046,3767
5918,5918,0,2046,3597
5919,5919,0,2046,3398
5920,5920,0,2047,3174
5921,5921,0,2046,2930
5922,5922,0,2047,2669
5923,5923,0,2047,2397
5924,5924,0,2046,2117
5925,5925,0,2046,1837
5926,5926,0,2046,1561
5927,5927,0,2047,1293
5928,5928,0,2047,1038
5929,5929,0,2046,801
5930,5930,0,2046,586
5931,5931,0,2047,398
5932,5932,0,2046,240
5933,5933,0,2046,114
5934,5934,0,2047,24
5935,5935,0,2046,0
5936,5936,0,2047,0
5937,5937,0,2046,0
5938,5938,0,2047,33
5939,5939,0,2047,128
5940,5940,0,2046,258
5941,5941,0,2046,420
5942,5942,0,2047,610
5943,5943,0,2046,827
5944,5944,0,2046,1066
5945,5945,0,2046,1322
5946,5946,0,2046,1591
5947,5947,0,2047,1868
5948,5948,0,2047,2148
5949,5949,0,2046,2425
5950,5950,0,2046,2696
5951,5951,0,2046,2955
5952,5952,0,2046,3198
5953,5953,0,2046,3419
5954,5954,0,2047,3615
5955,5955,0,2047,3783
5956,5956,0,2047,3919
5957,5957,0,2047,4022
5958,5958,0,2046,4089
5959,5959,0,2046,4095
5960,5960,0,2047,4095
5961,5961,0,2046,4065
5962,5962,0,2046,3983
5963,5963,0,2046,3866
5964,5964,0,2046,3717
5965,5965,0,2046,3537
5966,5966,0,2047,3330
5967,5967,0,2047,3099
5968,5968,0,2047,2848
5969,5969,0,2046,2584
5970,5970,0,2047,2310
5971,5971,0,2047,2030
5972,5972,0,2046,1751
5973,5973,0,2047,1476
5974,5974,0,2046,1211
5975,5975,0,2047,961
5976,5976,0,2046,730
5977,5977,0,2047,524
5978,5978,0,2047,345
5979,5979,0,2047,197
5980,5980,0,2046,82
5981,5981,0,2046,2
5982,5982,0,2046,0
5983,5983,0,2047,0
5984,5984,0,2046,0
5985,5985,0,2046,59
5986,5986,0,2046,165
5987,5987,0,2047,305
5988,5988,0,2047,476
5989,5989,0,2047,676
5990,5990,0,2046,900
5991,5991,0,2046,1144
5992,5992,0,2046,1405
5993,5993,0,2048,1678
5994,5994,0,2046,1955
5995,5995,0,2047,2235
5996,5996,0,2047,2512
5997,5997,0,2047,2779
5998,5998,0,2046,3034
5999,5999,0,2047,3269
6000,6000,0,2046,3483
6001,6001,0,2047,3670
6002,6002,0,2047,3829
6003,6003,0,2047,3956
6004,6004,0,2047,4047
6005,6005,0,2047,4095
6006,6006,0,2046,4095
6007,6007,0,2046,4095
6008,6008,0,2046,4043
6009,6009,0,2047,3950
6010,6010,0,2046,3822
6011,6011,0,2046,3664
6012,6012,0,2046,3474
6013,6013,0,2047,3260
6014,6014,0,2046,3021
6015,6015,0,2046,2767
6016,6016,0,2046,2499
6017,6017,0,2047,2222
6018,6018,0,2046,1941
6019,6019,0,2047,1663
6020,6020,0,2046,1391
6021,6021,0,2046,1131
6022,6022,0,2046,886
6023,6023,0,2047,663
6024,6024,0,2047,466
6025,6025,0,2047,295
6026,6026,0,2046,157
6027,6027,0,2046,53
6028,6028,0,2047,0
6029,6029,0,2047,0
6030,6030,0,2046,0
6031,6031,0,2047,8
6032,6032,0,2046,89
6033,6033,0,2046,205
6034,6034,0,2047,355
6035,6035,0,2047,536
6036,6036,0,2046,744
6037,6037,0,2047,975
6038,6038,0,2047,1226
6039,6039,0,2047,1490
6040,6040,0,2047,1765
6041,6041,0,2046,2044
6042,6042,0,2046,2324
6043,6043,0,2047,2597
6044,6044,0,2046,2861
6045,6045,0,2046,3110
6046,6046,0,2046,3339
6047,6047,0,2046,3546
6048,6048,0,2046,3724
6049,6049,0,2046,3873
6050,6050,0,2046,3987
6051,6051,0,2046,4068
6052,6052,0,2046,4095
6053,6053,0,2047,4095
6054,6054,0,2046,4086
6055,6055,0,2046,4018
6056,6056,0,2046,3913
6057,6057,0,2046,3776
6058,6058,0,2046,3607
6059,6059,0,2046,3410
6060,6060,0,2046,3187
6061,6061,0,2046,2943
6062,6062,0,2046,2684
6063,6063,0,2047,2412
6064,6064,0,2046,2134
6065,6065,0,2046,1854
6066,6066,0,2046,1576
6067,6067,0,2047,1308
6068,6068,0,2046,1052
6069,6069,0,2047,814
6070,6070,0,2047,598
6071,6071,0,2047,408
6072,6072,0,2047,248
6073,6073,0,2047,121
6074,6074,0,2046,28
6075,6075,0,2047,0
6076,6076,0,2046,0
6077,6077,0,2047,0
6078,6078,0,2046,28
6079,6079,0,2046,121
6080,6080,0,2046,249
6081,6081,0,2046,410
6082,6082,0,2046,599
6083,6083,0,2047,814
6084,6084,0,2047,1052
6085,6085,0,2046,1307
6086,6086,0,2047,1576
6087,6087,0,2046,1852
6088,6088,0,2047,2132
6089,6089,0,2046,2410
6090,6090,0,2046,2682
6091,6091,0,2046,2940
6092,6092,0,2046,3185
6093,6093,0,2047,3408
6094,6094,0,2047,3605
6095,6095,0,2047,3775
6096,6096,0,2046,3913
6097,6097,0,2046,4018
6098,6098,0,2046,4086
6099,6099,0,2046,4095
6100,6100,0,2046,4095
6101,6101,0,2047,4069
6102,6102,0,2047,3988
6103,6103,0,2047,3874
6104,6104,0,2046,3726
6105,6105,0,2047,3547
6106,6106,0,2047,3342
6107,6107,0,2047,3113
6108,6108,0,2047,2864
6109,6109,0,2047,2600
6110,6110,0,2046,2325
6111,6111,0,2046,2045
6112,6112,0,2047,1765
6113,6113,0,2046,1491
6114,6114,0,2047,1226
6115,6115,0,2047,974
6116,6116,0,2046,743
6117,6117,0,2046,535
6118,6118,0,2047,354
6119,6119,0,2046,204
6120,6120,0,2047,87
6121,6121,0,2047,6
6122,6122,0,2046,0
6123,6123,0,2047,0
6124,6124,0,2046,0
6125,6125,0,2047,54
6126,6126,0,2047,158
6127,6127,0,2047,297
6128,6128,0,2046,466
6129,6129,0,2046,664
6130,6130,0,2047,888
6131,6131,0,2047,1130
6132,6132,0,2046,1390
6133,6133,0,2047,1662
6134,6134,0,2046,1940
6135,6135,0,2046,2220
6136,6136,0,2047,2496
6137,6137,0,2047,2765
6138,6138,0,2047,3020
6139,6139,0,2047,3257
6140,6140,0,2047,3473
6141,6141,0,2047,3662
6142,6142,0,2046,3822
6143,6143,0,2046,3949
6144,6144,0,2046,4042
6145,6145,0,2046,4095
6146,6146,0,2046,4095
6147,6147,0,2047,4095
6148,6148,0,2046,4047
6149,6149,0,2047,3956
6150,6150,0,2046,3830
6151,6151,0,2047,3673
6152,6152,0,2047,3486
6153,6153,0,2046,3273
6154,6154,0,2047,3036
6155,6155,0,2046,2782
6156,6156,0,2047,2514
6157,6157,0,2047,2238
6158,6158,0,2046,1957
6159,6159,0,2046,1679
6160,6160,0,2047,1407
6161,6161,0,2046,1146
6162,6162,0,2047,900
6163,6163,0,2046,675
6164,6164,0,2046,476
6165,6165,0,2046,304
6166,6166,0,2046,164
6167,6167,0,2047,58
6168,6168,0,2047,0
6169,6169,0,2046,0
6170,6170,0,2046,0
6171,6171,0,2046,3
6172,6172,0,2047,83
6173,6173,0,2047,198
6174,6174,0,2046,347
6175,6175,0,2046,526
6176,6176,0,2046,731
6177,6177,0,2047,961
6178,6178,0,2046,1211
6179,6179,0,2046,1475
6180,6180,0,2047,1749
6181,6181,0,2046,2028
6182,6182,0,2046,2308
6183,6183,0,2046,2582
6184,6184,0,2046,2847
6185,6185,0,2047,3096
6186,6186,0,2046,3327
6187,6187,0,2046,3534
6188,6188,0,2047,3715
6189,6189,0,2047,3866
6190,6190,0,2046,3982
6191,6191,0,2046,4065
6192,6192,0,2047,4095
6193,6193,0,2046,4095
6194,6194,0,2046,4089
6195,6195,0,2047,4023
6196,6196,0,2046,3921
6197,6197,0,2047,3784
6198,6198,0,2047,3617
6199,6199,0,2046,3421
6200,6200,0,2047,3200
6201,6201,0,2046,2958
6202,6202,0,2046,2698
6203,6203,0,2046,2429
6204,6204,0,2046,2149
6205,6205,0,2046,1869
6206,6206,0,2046,1592
6207,6207,0,2047,1323
6208,6208,0,2046,1066
6209,6209,0,2047,826
6210,6210,0,2046,609
6211,6211,0,2047,419
6212,6212,0,2046,256
6213,6213,0,2047,126
6214,6214,0,2046,31
6215,6215,0,2046,0
6216,6216,0,2046,0
6217,6217,0,2047,0
6218,6218,0,2047,25
6219,6219,0,2046,116
6220,6220,0,2046,241
6221,6221,0,2046,400
6222,6222,0,2046,588
6223,6223,0,2047,802
6224,6224,0,2046,1038
6225,6225,0,2046,1292
6226,6226,0,2047,1560
6227,6227,0,2047,1837
6228,6228,0,2046,2116
6229,6229,0,2046,2395
6230,6230,0,2046,2666
6231,6231,0,2046,2927
6232,6232,0,2046,3172
6233,6233,0,2046,3394
6234,6234,0,2046,3595
6235,6235,0,2047,3765
6236,6236,0,2046,3907
6237,6237,0,2047,4012
6238,6238,0,2046,4083
6239,6239,0,2047,4095
6240,6240,0,2046,4095
6241,6241,0,2046,4072
6242,6242,0,2046,3994
6243,6243,0,2046,3881
6244,6244,0,2047,3735
6245,6245,0,2046,3558
6246,6246,0,2047,3354
6247,6247,0,2046,3126
6248,6248,0,2047,2877
6249,6249,0,2046,2614
6250,6250,0,2047,2341
6251,6251,0,2047,2062
6252,6252,0,2046,1782
6253,6253,0,2047,1506
6254,6254,0,2046,1240
6255,6255,0,2047,988
6256,6256,0,2046,756
6257,6257,0,2047,547
6258,6258,0,2046,364
6259,6259,0,2046,212
6260,6260,0,2046,93
6261,6261,0,2046,11
6262,6262,0,2047,0
6263,6263,0,2046,0
6264,6264,0,2046,0
6265,6265,0,2046,50
6266,6266,0,2046,152
6267,6267,0,2046,288
6268,6268,0,2047,456
6269,6269,0,2047,652
6270,6270,0,2046,874
6271,6271,0,2046,1116
6272,6272,0,2046,1376
6273,6273,0,2047,1646
6274,6274,0,2046,1924
6275,6275,0,2047,2205
6276,6276,0,2046,2482
6277,6277,0,2046,2750
6278,6278,0,2046,3006
6279,6279,0,2047,3245
6280,6280,0,2047,3461
6281,6281,0,2047,3651
6282,6282,0,2046,3813
6283,6283,0,2046,3943
6284,6284,0,2046,4038
6285,6285,0,2047,4095
6286,6286,0,2046,4095
6287,6287,0,2046,4095
6288,6288,0,2046,4051
6289,6289,0,2047,3963
6290,6290,0,2046,3839
6291,6291,0,2046,3683
6292,6292,0,2046,3497
6293,6293,0,2046,3285
6294,6294,0,2046,3050
6295,6295,0,2047,2796
6296,6296,0,2047,2530
6297,6297,0,2046,2253
6298,6298,0,2046,1974
6299,6299,0,2047,1695
6300,6300,0,2047,1421
6301,6301,0,2047,1159
6302,6302,0,2046,913
6303,6303,0,2047,687
6304,6304,0,2047,486
6305,6305,0,2047,312
6306,6306,0,2046,171
6307,6307,0,2047,64
6308,6308,0,2046,0
6309,6309,0,2047,0
6310,6310,0,2047,0
6311,6311,0,2046,0
6312,6312,0,2046,77
6313,6313,0,2046,191
6314,6314,0,2046,337
6315,6315,0,2046,515
6316,6316,0,2047,719
6317,6317,0,2046,948
6318,6318,0,2047,1196
6319,6319,0,2047,1460
6320,6320,0,2047,1733
6321,6321,0,2046,2013
6322,6322,0,2046,2292
6323,6323,0,2046,2567
6324,6324,0,2046,2832
6325,6325,0,2046,3083
6326,6326,0,2047,3314
6327,6327,0,2047,3523
6328,6328,0,2047,3706
6329,6329,0,2047,3857
6330,6330,0,2046,3976
6331,6331,0,2046,4060
6332,6332,0,2046,4095
6333,6333,0,2046,4095
6334,6334,0,2046,4091
6335,6335,0,2046,4027
6336,6336,0,2047,3927
6337,6337,0,2047,3793
6338,6338,0,2046,3627
6339,6339,0,2046,3433
6340,6340,0,2047,3213
6341,6341,0,2047,2972
6342,6342,0,2046,2714
6343,6343,0,2047,2443
6344,6344,0,2046,2166
6345,6345,0,2046,1885
6346,6346,0,2046,1607
6347,6347,0,2046,1337
6348,6348,0,2046,1080
6349,6349,0,2047,839
6350,6350,0,2047,621
6351,6351,0,2046,428
6352,6352,0,2047,264
6353,6353,0,2046,133
6354,6354,0,2047,36
6355,6355,0,2046,0
6356,6356,0,2046,0
6357,6357,0,2046,0
6358,6358,0,2046,20
6359,6359,0,2047,110
6360,6360,0,2046,233
6361,6361,0,2046,390
6362,6362,0,2046,576
6363,6363,0,2046,789
6364,6364,0,2046,1025
6365,6365,0,2046,1278
6366,6366,0,2046,1545
6367,6367,0,2046,1821
6368,6368,0,2047,2101
6369,6369,0,2046,2379
6370,6370,0,2046,2652
6371,6371,0,2046,2912
6372,6372,0,2046,3158
6373,6373,0,2047,3383
6374,6374,0,2047,3584
6375,6375,0,2046,3757
6376,6376,0,2046,3900
6377,6377,0,2047,4007
6378,6378,0,2047,4081
6379,6379,0,2047,4095
6380,6380,0,2047,4095
6381,6381,0,2046,4076
6382,6382,0,2046,4000
6383,6383,0,2047,3889
6384,6384,0,2046,3744
6385,6385,0,2047,3570
6386,6386,0,2046,3366
6387,6387,0,2047,3140
6388,6388,0,2047,2892
6389,6389,0,2046,2630
6390,6390,0,2046,2357
6391,6391,0,2047,2077
6392,6392,0,2047,1797
6393,6393,0,2046,1521
6394,6394,0,2047,1255
6395,6395,0,2046,1002
6396,6396,0,2046,768
6397,6397,0,2046,558
6398,6398,0,2046,374
6399,6399,0,2046,220
6400,6400,0,2046,99
6401,6401,0,2047,13
6402,6402,0,2046,0
6403,6403,0,2046,0
6404,6404,0,2046,0
6405,6405,0,2047,44
6406,6406,0,2046,145
6407,6407,0,2047,279
6408,6408,0,2047,445
6409,6409,0,2046,640
6410,6410,0,2047,860
6411,6411,0,2046,1102
6412,6412,0,2047,1360
6413,6413,0,2046,1631
6414,6414,0,2047,1909
6415,6415,0,2047,2188
6416,6416,0,2047,2466
6417,6417,0,2046,2735
6418,6418,0,2046,2991
6419,6419,0,2047,3232
6420,6420,0,2046,3449
6421,6421,0,2046,3641
6422,6422,0,2047,3805
6423,6423,0,2047,3936
6424,6424,0,2046,4034
6425,6425,0,2046,4095
6426,6426,0,2047,4095
6427,6427,0,2046,4095
6428,6428,0,2046,4056
6429,6429,0,2047,3969
6430,6430,0,2046,3847
6431,6431,0,2047,3692
6432,6432,0,2047,3509
6433,6433,0,2047,3297
6434,6434,0,2046,3063
6435,6435,0,2047,2811
6436,6436,0,2047,2545
6437,6437,0,2047,2269
6438,6438,0,2047,1989
6439,6439,0,2046,1710
6440,6440,0,2046,1436
6441,6441,0,2047,1173
6442,6442,0,2047,926
6443,6443,0,2046,699
6444,6444,0,2047,497
6445,6445,0,2047,322
6446,6446,0,2047,178
6447,6447,0,2046,68
6448,6448,0,2046,0
6449,6449,0,2046,0
6450,6450,0,2047,0
6451,6451,0,2047,0
6452,6452,0,2046,72
6453,6453,0,2046,183
6454,6454,0,2046,328
6455,6455,0,2046,504
6456,6456,0,2046,707
6457,6457,0,2046,935
6458,6458,0,2047,1182
6459,6459,0,2046,1445
6460,6460,0,2046,1718
6461,6461,0,2046,1997
6462,6462,0,2047,2277
6463,6463,0,2047,2552
6464,6464,0,2046,2817
6465,6465,0,2046,3070
6466,6466,0,2046,3302
6467,6467,0,2047,3512
6468,6468,0,2046,3696
6469,6469,0,2046,3850
6470,6470,0,2047,3971
6471,6471,0,2046,4057
6472,6472,0,2046,4095
6473,6473,0,2047,4095
6474,6474,0,2047,4094
6475,6475,0,2046,4032
6476,6476,0,2047,3933
6477,6477,0,2047,3801
6478,6478,0,2046,3638
6479,6479,0,2046,3444
6480,6480,0,2046,3226
6481,6481,0,2047,2986
6482,6482,0,2046,2729
6483,6483,0,2047,2459
6484,6484,0,2046,2181
6485,6485,0,2046,1901
6486,6486,0,2047,1623
6487,6487,0,2046,1352
6488,6488,0,2046,1094
6489,6489,0,2046,853
6490,6490,0,2046,632
6491,6491,0,2046,439
6492,6492,0,2046,274
6493,6493,0,2046,139
6494,6494,0,2046,41
6495,6495,0,2046,0
6496,6496,0,2046,0
6497,6497,0,2046,0
6498,6498,0,2046,16
6499,6499,0,2047,103
6500,6500,0,2046,225
6501,6501,0,2046,380
6502,6502,0,2046,565
6503,6503,0,2046,776
6504,6504,0,2047,1010
6505,6505,0,2046,1263
6506,6506,0,2047,1530
6507,6507,0,2046,1805
6508,6508,0,2047,2085
6509,6509,0,2047,2363
6510,6510,0,2046,2636
6511,6511,0,2046,2898
6512,6512,0,2046,3144
6513,6513,0,2047,3371
6514,6514,0,2046,3573
6515,6515,0,2046,3748
6516,6516,0,2046,3892
6517,6517,0,2046,4002
6518,6518,0,2046,4076
6519,6519,0,2046,4095
6520,6520,0,2047,4095
6521,6521,0,2047,4078
6522,6522,0,2046,4005
6523,6523,0,2046,3896
6524,6524,0,2047,3753
6525,6525,0,2047,3580
6526,6526,0,2046,3378
6527,6527,0,2046,3153
6528,6528,0,2046,2907
6529,6529,0,2046,2644
6530,6530,0,2047,2372
6531,6531,0,2046,2092
6532,6532,0,2046,1813
6533,6533,0,2047,1537
6534,6534,0,2046,1269
6535,6535,0,2047,1016
6536,6536,0,2046,781
6537,6537,0,2047,569
6538,6538,0,2046,383
6539,6539,0,2047,228
6540,6540,0,2047,105
6541,6541,0,2046,17
6542,6542,0,2047,0
6543,6543,0,2047,0
6544,6544,0,2047,0
6545,6545,0,2047,40
6546,6546,0,2047,138
6547,6547,0,2047,271
6548,6548,0,2047,435
6549,6549,0,2047,628
6550,6550,0,2046,848
6551,6551,0,2047,1088
6552,6552,0,2047,1345
6553,6553,0,2046,1616
6554,6554,0,2046,1893
6555,6555,0,2046,2172
6556,6556,0,2046,2450
6557,6557,0,2047,2720
6558,6558,0,2047,2978
6559,6559,0,2047,3218
6560,6560,0,2047,3438
6561,6561,0,2047,3632
6562,6562,0,2046,3797
6563,6563,0,2047,3930
6564,6564,0,2046,4029
6565,6565,0,2047,4093
6566,6566,0,2046,4095
6567,6567,0,2047,4095
6568,6568,0,2047,4060
6569,6569,0,2047,3974
6570,6570,0,2047,3854
6571,6571,0,2047,3702
6572,6572,0,2047,3519
6573,6573,0,2046,3310
6574,6574,0,2046,3077
6575,6575,0,2046,2826
6576,6576,0,2046,2560
6577,6577,0,2046,2285
6578,6578,0,2046,2005
6579,6579,0,2047,1725
6580,6580,0,2046,1451
6581,6581,0,2046,1188
6582,6582,0,2047,940
6583,6583,0,2046,711
6584,6584,0,2047,507
6585,6585,0,2047,330
6586,6586,0,2046,185
6587,6587,0,2047,73
6588,6588,0,2047,0
6589,6589,0,2047,0
6590,6590,0,2046,0
6591,6591,0,2046,0
6592,6592,0,2047,67
6593,6593,0,2046,176
6594,6594,0,2046,319
6595,6595,0,2046,493
6596,6596,0,2047,695
6597,6597,0,2046,922
6598,6598,0,2046,1168
6599,6599,0,2046,1430
6600,6600,0,2046,1702
6601,6601,0,2046,1981
6602,6602,0,2047,2261
6603,6603,0,2046,2537
6604,6604,0,2047,2803
6605,6605,0,2047,3055
6606,6606,0,2047,3289
6607,6607,0,2047,3501
6608,6608,0,2046,3687
6609,6609,0,2046,3842
6610,6610,0,2046,3965
6611,6611,0,2046,4053
6612,6612,0,2047,4095
6613,6613,0,2046,4095
6614,6614,0,2046,4095
6615,6615,0,2046,4036
6616,6616,0,2047,3940
6617,6617,0,2047,3810
6618,6618,0,2047,3648
6619,6619,0,2046,3456
6620,6620,0,2046,3239
6621,6621,0,2046,3001
6622,6622,0,2047,2743
6623,6623,0,2046,2475
6624,6624,0,2046,2196
6625,6625,0,2047,1918
6626,6626,0,2047,1639
6627,6627,0,2046,1367
6628,6628,0,2046,1108
6629,6629,0,2047,865
6630,6630,0,2046,644
6631,6631,0,2046,448
6632,6632,0,2046,281
6633,6633,0,2047,146
6634,6634,0,2047,46
6635,6635,0,2046,0
6636,6636,0,2046,0
6637,6637,0,2046,0
6638,6638,0,2046,12
6639,6639,0,2047,97
6640,6640,0,2046,218
6641,6641,0,2046,371
6642,6642,0,2047,554
6643,6643,0,2046,763
6644,6644,0,2046,997
6645,6645,0,2047,1248
6646,6646,0,2046,1514
6647,6647,0,2047,1789
6648,6648,0,2047,2068
6649,6649,0,2046,2347
6650,6650,0,2047,2621
6651,6651,0,2046,2883
6652,6652,0,2046,3131
6653,6653,0,2047,3358
6654,6654,0,2046,3562
6655,6655,0,2046,3739
6656,6656,0,2046,3885
6657,6657,0,2046,3996
6658,6658,0,2047,4073
6659,6659,0,2046,4095
6660,6660,0,2047,4095
6661,6661,0,2046,4082
6662,6662,0,2047,4010
6663,6663,0,2046,3903
6664,6664,0,2047,3762
6665,6665,0,2047,3591
6666,6666,0,2046,3391
6667,6667,0,2046,3166
6668,6668,0,2047,2921
6669,6669,0,2046,2660
6670,6670,0,2047,2388
6671,6671,0,2047,2109
6672,6672,0,2047,1829
6673,6673,0,2047,1552
6674,6674,0,2046,1285
6675,6675,0,2047,1030
6676,6676,0,2046,794
6677,6677,0,2046,579
6678,6678,0,2046,393
6679,6679,0,2046,235
6680,6680,0,2047,110
6681,6681,0,2047,21
6682,6682,0,2046,0
6683,6683,0,2046,0
6684,6684,0,2046,0
6685,6685,0,2046,35
6686,6686,0,2047,131
6687,6687,0,2047,262
6688,6688,0,2047,425
6689,6689,0,2047,617
6690,6690,0,2046,835
6691,6691,0,2046,1074
6692,6692,0,2046,1331
6693,6693,0,2046,1600
6694,6694,0,2046,1877
6695,6695,0,2046,2157
6696,6696,0,2046,2434
6697,6697,0,2046,2705
6698,6698,0,2047,2964
6699,6699,0,2046,3205
6700,6700,0,2047,3425
6701,6701,0,2047,3621
6702,6702,0,2046,3788
6703,6703,0,2047,3924
6704,6704,0,2047,4024
6705,6705,0,2046,4091
6706,6706,0,2046,4095
6707,6707,0,2046,4095
6708,6708,0,2046,4063
6709,6709,0,2046,3980
6710,6710,0,2047,3862
6711,6711,0,2046,3712
6712,6712,0,2047,3530
6713,6713,0,2046,3322
6714,6714,0,2046,3091
6715,6715,0,2046,2840
6716,6716,0,2046,2575
6717,6717,0,2047,2300
6718,6718,0,2046,2021
6719,6719,0,2047,1741
6720,6720,0,2046,1466
6721,6721,0,2046,1202
6722,6722,0,2046,953
6723,6723,0,2046,724
6724,6724,0,2047,518
6725,6725,0,2046,340
6726,6726,0,2046,192
6727,6727,0,2046,79
6728,6728,0,2047,0
6729,6729,0,2047,0
6730,6730,0,2046,0
6731,6731,0,2047,0
6732,6732,0,2047,62
6733,6733,0,2046,169
6734,6734,0,2046,310
6735,6735,0,2046,482
6736,6736,0,2046,683
6737,6737,0,2046,908
6738,6738,0,2047,1153
6739,6739,0,2046,1414
6740,6740,0,2047,1687
6741,6741,0,2047,1965
6742,6742,0,2046,2244
6743,6743,0,2047,2521
6744,6744,0,2047,2788
6745,6745,0,2047,3041
6746,6746,0,2047,3276
6747,6747,0,2046,3490
6748,6748,0,2046,3677
6749,6749,0,2046,3834
6750,6750,0,2047,3959
6751,6751,0,2046,4048
6752,6752,0,2047,4095
6753,6753,0,2047,4095
6754,6754,0,2046,4095
6755,6755,0,2046,4041
6756,6756,0,2046,3946
6757,6757,0,2047,3818
6758,6758,0,2047,3658
6759,6759,0,2046,3468
6760,6760,0,2046,3252
6761,6761,0,2046,3014
6762,6762,0,2046,2759
6763,6763,0,2047,2490
6764,6764,0,2047,2213
6765,6765,0,2046,1933
6766,6766,0,2047,1654
6767,6767,0,2047,1382
6768,6768,0,2046,1122
6769,6769,0,2046,879
6770,6770,0,2047,657
6771,6771,0,2046,459
6772,6772,0,2046,290
6773,6773,0,2045,153
6774,6774,0,2047,50
6775,6775,0,2047,0
6776,6776,0,2046,0
6777,6777,0,2046,0
6778,6778,0,2046,9
6779,6779,0,2047,91
6780,6780,0,2047,209
6781,6781,0,2047,361
6782,6782,0,2047,543
6783,6783,0,2045,751
6784,6784,0,2046,983
6785,6785,0,2047,1234
6786,6786,0,2046,1499
6787,6787,0,2046,1774
6788,6788,0,2046,2053
6789,6789,0,2046,2332
6790,6790,0,2046,2606
6791,6791,0,2046,2869
6792,6792,0,2046,3117
6793,6793,0,2046,3347
6794,6794,0,2047,3552
6795,6795,0,2046,3729
6796,6796,0,2047,3877
6797,6797,0,2046,3990
6798,6798,0,2047,4070
6799,6799,0,2046,4095
6800,6800,0,2046,4095
6801,6801,0,2047,4084
6802,6802,0,2047,4015
6803,6803,0,2046,3910
6804,6804,0,2047,3771
6805,6805,0,2046,3601
6806,6806,0,2046,3402
6807,6807,0,2047,3179
6808,6808,0,2046,2935
6809,6809,0,2047,2675
6810,6810,0,2046,2402
6811,6811,0,2047,2124
6812,6812,0,2047,1845
6813,6813,0,2046,1568
6814,6814,0,2047,1299
6815,6815,0,2046,1044
6816,6816,0,2047,807
6817,6817,0,2047,591
6818,6818,0,2047,402
6819,6819,0,2046,244
6820,6820,0,2046,117
6821,6821,0,2047,25
6822,6822,0,2046,0
6823,6823,0,2047,0
6824,6824,0,2046,0
6825,6825,0,2046,32
6826,6826,0,2046,125
6827,6827,0,2046,255
6828,6828,0,2046,415
6829,6829,0,2046,605
6830,6830,0,2046,822
6831,6831,0,2046,1061
6832,6832,0,2046,1316
6833,6833,0,2046,1585
6834,6834,0,2047,1861
6835,6835,0,2046,2141
6836,6836,0,2047,2419
6837,6837,0,2047,2690
6838,6838,0,2046,2949
6839,6839,0,2047,3193
6840,6840,0,2046,3414
6841,6841,0,2046,3611
6842,6842,0,2046,3780
6843,6843,0,2046,3916
6844,6844,0,2047,4020
6845,6845,0,2047,4088
6846,6846,0,2046,4095
6847,6847,0,2047,4095
6848,6848,0,2047,4066
6849,6849,0,2046,3985
6850,6850,0,2046,3870
6851,6851,0,2046,3721
6852,6852,0,2046,3541
6853,6853,0,2046,3335
6854,6854,0,2046,3104
6855,6855,0,2047,2855
6856,6856,0,2047,2591
6857,6857,0,2047,2317
6858,6858,0,2046,2036
6859,6859,0,2046,1757
6860,6860,0,2046,1482
6861,6861,0,2046,1217
6862,6862,0,2046,967
6863,6863,0,2046,737
6864,6864,0,2046,529
6865,6865,0,2046,349
6866,6866,0,2047,200
6867,6867,0,2046,84
6868,6868,0,2046,4
6869,6869,0,2047,0
6870,6870,0,2047,0
6871,6871,0,2046,0
6872,6872,0,2046,57
6873,6873,0,2046,163
6874,6874,0,2047,302
6875,6875,0,2046,472
6876,6876,0,2046,671
6877,6877,0,2047,895
6878,6878,0,2046,1139
6879,6879,0,2047,1400
6880,6880,0,2046,1671
6881,6881,0,2046,1949
6882,6882,0,2046,2229
6883,6883,0,2046,2506
6884,6884,0,2046,2773
6885,6885,0,2047,3028
6886,6886,0,2046,3264
6887,6887,0,2047,3479
6888,6888,0,2046,3668
6889,6889,0,2045,3826
6890,6890,0,2047,3953
6891,6891,0,2047,4044
6892,6892,0,2047,4095
6893,6893,0,2046,4095
6894,6894,0,2047,4095
6895,6895,0,2046,4045
6896,6896,0,2046,3953
6897,6897,0,2046,3826
6898,6898,0,2047,3667
6899,6899,0,2047,3479
6900,6900,0,2047,3265
6901,6901,0,2047,3028
6902,6902,0,2046,2773
6903,6903,0,2047,2506
6904,6904,0,2047,2229
6905,6905,0,2047,1948
6906,6906,0,2047,1670
6907,6907,0,2046,1397
6908,6908,0,2047,1137
6909,6909,0,2046,892
6910,6910,0,2047,668
6911,6911,0,2046,469
6912,6912,0,2046,299
6913,6913,0,2046,160
6914,6914,0,2046,55
6915,6915,0,2047,0
6916,6916,0,2046,0
6917,6917,0,2046,0
6918,6918,0,2047,5
6919,6919,0,2047,86
6920,6920,0,2047,202
6921,6921,0,2046,352
6922,6922,0,2047,532
6923,6923,0,2046,739
6924,6924,0,2047,969
6925,6925,0,2046,1220
6926,6926,0,2046,1484
6927,6927,0,2047,1758
6928,6928,0,2046,2037
6929,6929,0,2047,2316
6930,6930,0,2046,2591
6931,6931,0,2046,2855
6932,6932,0,2046,3104
6933,6933,0,2046,3334
6934,6934,0,2047,3541
6935,6935,0,2046,3720
6936,6936,0,2047,3869
6937,6937,0,2046,3985
6938,6938,0,2047,4067
6939,6939,0,2046,4095
6940,6940,0,2046,4095
6941,6941,0,2047,4087
6942,6942,0,2046,4020
6943,6943,0,2046,3917
6944,6944,0,2046,3779
6945,6945,0,2046,3611
6946,6946,0,2047,3414
6947,6947,0,2046,3193
6948,6948,0,2046,2949
6949,6949,0,2046,2690
6950,6950,0,2047,2419
6951,6951,0,2046,2140
6952,6952,0,2047,1860
6953,6953,0,2046,1583
6954,6954,0,2047,1314
6955,6955,0,2047,1057
6956,6956,0,2046,819
6957,6957,0,2046,602
6958,6958,0,2047,412
6959,6959,0,2047,252
6960,6960,0,2047,123
6961,6961,0,2046,29
6962,6962,0,2046,0
6963,6963,0,2046,0
6964,6964,0,2047,0
6965,6965,0,2046,27
6966,6966,0,2046,119
6967,6967,0,2047,246
6968,6968,0,2046,405
6969,6969,0,2046,594
6970,6970,0,2046,809
6971,6971,0,2047,1046
6972,6972,0,2047,1301
6973,6973,0,2047,1569
6974,6974,0,2047,1846
6975,6975,0,2047,2125
6976,6976,0,2046,2403
6977,6977,0,2046,2674
6978,6978,0,2047,2934
6979,6979,0,2047,3179
6980,6980,0,2047,3402
6981,6981,0,2046,3601
6982,6982,0,2047,3771
6983,6983,0,2047,3909
6984,6984,0,2046,4014
6985,6985,0,2046,4084
6986,6986,0,2046,4095
6987,6987,0,2047,4095
6988,6988,0,2046,4069
6989,6989,0,2046,3992
6990,6990,0,2046,3877
6991,6991,0,2046,3730
6992,6992,0,2046,3552
6993,6993,0,2046,3347
6994,6994,0,2047,3118
6995,6995,0,2046,2869
6996,6996,0,2046,2606
6997,6997,0,2047,2332
6998,6998,0,2047,2052
6999,6999,0,2046,1772
7000,7000,0,2046,1497
7001,7001,0,2047,1232
7002,7002,0,2046,980
7003,7003,0,2047,749
7004,7004,0,2046,540
7005,7005,0,2046,358
7006,7006,0,2046,207
7007,7007,0,2047,89
7008,7008,0,2046,7
7009,7009,0,2046,0
7010,7010,0,2046,0
7011,7011,0,2046,0
7012,7012,0,2047,52
7013,7013,0,2046,155
7014,7014,0,2046,292
7015,7015,0,2046,461
7016,7016,0,2046,659
7017,7017,0,2047,882
7018,7018,0,2046,1125
7019,7019,0,2047,1384
7020,7020,0,2046,1655
7021,7021,0,2046,1933
7022,7022,0,2046,2214
7023,7023,0,2046,2491
7024,7024,0,2046,2758
7025,7025,0,2046,3013
7026,7026,0,2047,3251
7027,7027,0,2046,3467
7028,7028,0,2046,3657
7029,7029,0,2046,3818
7030,7030,0,2046,3947
7031,7031,0,2047,4041
7032,7032,0,2046,4095
7033,7033,0,2046,4095
7034,7034,0,2047,4095
7035,7035,0,2046,4049
7036,7036,0,2046,3959
7037,7037,0,2046,3834
7038,7038,0,2046,3678
7039,7039,0,2046,3491
7040,7040,0,2046,3277
7041,7041,0,2046,3041
7042,7042,0,2046,2789
7043,7043,0,2046,2521
7044,7044,0,2047,2245
7045,7045,0,2046,1964
7046,7046,0,2046,1685
7047,7047,0,2046,1413
7048,7048,0,2046,1151
7049,7049,0,2047,905
7050,7050,0,2046,680
7051,7051,0,2046,480
7052,7052,0,2047,308
7053,7053,0,2046,167
7054,7054,0,2046,60
7055,7055,0,2046,0
7056,7056,0,2046,0
7057,7057,0,2046,0
7058,7058,0,2046,2
7059,7059,0,2046,80
7060,7060,0,2047,195
7061,7061,0,2046,342
7062,7062,0,2047,521
7063,7063,0,2046,727
7064,7064,0,2046,955
7065,7065,0,2046,1204
7066,7066,0,2046,1469
7067,7067,0,2046,1742
7068,7068,0,2046,2022
7069,7069,0,2047,2301
7070,7070,0,2046,2575
7071,7071,0,2046,2840
7072,7072,0,2047,3090
7073,7073,0,2046,3322
7074,7074,0,2047,3530
7075,7075,0,2046,3711
7076,7076,0,2046,3862
7077,7077,0,2046,3979
7078,7078,0,2047,4062
7079,7079,0,2046,4095
7080,7080,0,2046,4095
7081,7081,0,2046,4090
7082,7082,0,2046,4025
7083,7083,0,2046,3923
7084,7084,0,2047,3788
7085,7085,0,2046,3622
7086,7086,0,2046,3426
7087,7087,0,2046,3205
7088,7088,0,2046,2963
7089,7089,0,2047,2705
7090,7090,0,2047,2435
7091,7091,0,2046,2156
7092,7092,0,2047,1876
7093,7093,0,2046,1598
7094,7094,0,2046,1328
7095,7095,0,2046,1072
7096,7096,0,2046,832
7097,7097,0,2046,614
7098,7098,0,2047,423
7099,7099,0,2047,260
7100,7100,0,2046,129
7101,7101,0,2046,34
7102,7102,0,2047,0
7103,7103,0,2046,0
7104,7104,0,2046,0
7105,7105,0,2046,22
7106,7106,0,2046,113
7107,7107,0,2047,237
7108,7108,0,2046,396
7109,7109,0,2046,583
7110,7110,0,2046,796
7111,7111,0,2047,1032
7112,7112,0,2046,1287
7113,7113,0,2046,1553
7114,7114,0,2046,1830
7115,7115,0,2047,2110
7116,7116,0,2046,2388
7117,7117,0,2046,2660
7118,7118,0,2046,2920
7119,7119,0,2046,3166
7120,7120,0,2046,3390
7121,7121,0,2047,3590
7122,7122,0,2046,3762
7123,7123,0,2046,3903
7124,7124,0,2046,4010
7125,7125,0,2047,4081
7126,7126,0,2047,4095
7127,7127,0,2047,4095
7128,7128,0,2046,4073
7129,7129,0,2046,3997
7130,7130,0,2047,3884
7131,7131,0,2045,3739
7132,7132,0,2047,3563
7133,7133,0,2046,3360
7134,7134,0,2047,3131
7135,7135,0,2046,2884
7136,7136,0,2046,2621
7137,7137,0,2047,2348
7138,7138,0,2046,2068
7139,7139,0,2047,1788
7140,7140,0,2047,1513
7141,7141,0,2047,1246
7142,7142,0,2046,994
7143,7143,0,2046,761
7144,7144,0,2046,551
7145,7145,0,2047,368
7146,7146,0,2046,215
7147,7147,0,2046,95
7148,7148,0,2047,11
7149,7149,0,2047,0
7150,7150,0,2046,0
7151,7151,0,2047,0
7152,7152,0,2046,48
7153,7153,0,2046,149
7154,7154,0,2047,284
7155,7155,0,2046,452
7156,7156,0,2046,647
7157,7157,0,2047,868
7158,7158,0,2046,1111
7159,7159,0,2047,1369
7160,7160,0,2046,1640
7161,7161,0,2047,1918
7162,7162,0,2047,2198
7163,7163,0,2046,2475
7164,7164,0,2046,2743
7165,7165,0,2046,2999
7166,7166,0,2046,3238
7167,7167,0,2046,3455
7168,7168,0,2046,3647
7169,7169,0,2046,3809
7170,7170,0,2046,3940
7171,7171,0,2046,4035
7172,7172,0,2046,4095
7173,7173,0,2046,4095
7174,7174,0,2046,4095
7175,7175,0,2046,4053
7176,7176,0,2046,3965
7177,7177,0,2046,3842
7178,7178,0,2047,3687
7179,7179,0,2046,3501
7180,7180,0,2047,3290
7181,7181,0,2047,3056
7182,7182,0,2047,2803
7183,7183,0,2046,2536
7184,7184,0,2047,2260
7185,7185,0,2047,1980
7186,7186,0,2046,1701
7187,7187,0,2047,1428
7188,7188,0,2046,1165
7189,7189,0,2047,919
7190,7190,0,2047,693
7191,7191,0,2046,490
7192,7192,0,2047,317
7193,7193,0,2046,173
7194,7194,0,2047,65
7195,7195,0,2047,0
7196,7196,0,2046,0
7197,7197,0,2047,0
7198,7198,0,2046,0
7199,7199,0,2047,75
7200,7200,0,2047,187
7201,7201,0,2046,334
7202,7202,0,2047,510
7203,7203,0,2047,714
7204,7204,0,2047,942
7205,7205,0,2047,1190
7206,7206,0,2047,1454
7207,7207,0,2046,1727
7208,7208,0,2047,2006
7209,7209,0,2047,2286
7210,7210,0,2047,2560
7211,7211,0,2047,2826
7212,7212,0,2046,3077
7213,7213,0,2047,3309
7214,7214,0,2046,3518
7215,7215,0,2047,3701
7216,7216,0,2046,3855
7217,7217,0,2046,3974
7218,7218,0,2047,4059
7219,7219,0,2047,4095
7220,7220,0,2046,4095
7221,7221,0,2047,4092
7222,7222,0,2047,4029
7223,7223,0,2046,3930
7224,7224,0,2046,3797
7225,7225,0,2046,3632
7226,7226,0,2046,3437
7227,7227,0,2046,3218
7228,7228,0,2047,2978
7229,7229,0,2046,2721
7230,7230,0,2046,2450
7231,7231,0,2046,2172
7232,7232,0,2047,1892
7233,7233,0,2046,1613
7234,7234,0,2046,1344
7235,7235,0,2046,1085
7236,7236,0,2046,845
7237,7237,0,2047,625
7238,7238,0,2047,432
7239,7239,0,2046,268
7240,7240,0,2046,135
7241,7241,0,2047,38
7242,7242,0,2047,0
7243,7243,0,2046,0
7244,7244,0,2046,0
7245,7245,0,2047,18
7246,7246,0,2047,106
7247,7247,0,2046,230
7248,7248,0,2046,386
7249,7249,0,2047,572
7250,7250,0,2046,783
7251,7251,0,2046,1018
7252,7252,0,2046,1272
7253,7253,0,2046,1538
7254,7254,0,2046,1814
7255,7255,0,2047,2094
7256,7256,0,2047,2372
7257,7257,0,2046,2644
7258,7258,0,2047,2906
7259,7259,0,2046,3152
7260,7260,0,2047,3378
7261,7261,0,2046,3579
7262,7262,0,2046,3753
7263,7263,0,2046,3895
7264,7264,0,2046,4005
7265,7265,0,2047,4078
7266,7266,0,2046,4095
7267,7267,0,2046,4095
7268,7268,0,2047,4077
7269,7269,0,2047,4002
7270,7270,0,2047,3891
7271,7271,0,2047,3748
7272,7272,0,2046,3574
7273,7273,0,2047,3371
7274,7274,0,2046,3145
7275,7275,0,2046,2899
7276,7276,0,2046,2636
7277,7277,0,2047,2363
7278,7278,0,2046,2084
7279,7279,0,2047,1804
7280,7280,0,2047,1528
7281,7281,0,2046,1261
7282,7282,0,2047,1008
7283,7283,0,2046,774
7284,7284,0,2046,562
7285,7285,0,2046,377
7286,7286,0,2046,222
7287,7287,0,2047,102
7288,7288,0,2047,15
7289,7289,0,2046,0
7290,7290,0,2046,0
7291,7291,0,2047,0
7292,7292,0,2046,42
7293,7293,0,2047,142
7294,7294,0,2047,276
7295,7295,0,2046,441
7296,7296,0,2047,636
7297,7297,0,2046,855
7298,7298,0,2047,1096
7299,7299,0,2046,1354
7300,7300,0,2046,1624
7301,7301,0,2047,1902
7302,7302,0,2046,2182
7303,7303,0,2046,2459
7304,7304,0,2046,2729
7305,7305,0,2046,2986
7306,7306,0,2046,3226
7307,7307,0,2047,3445
7308,7308,0,2046,3637
7309,7309,0,2047,3801
7310,7310,0,2046,3934
7311,7311,0,2046,4032
7312,7312,0,2046,4094
7313,7313,0,2047,4095
7314,7314,0,2046,4095
7315,7315,0,2046,4056
7316,7316,0,2046,3971
7317,7317,0,2047,3850
7318,7318,0,2046,3696
7319,7319,0,2046,3513
7320,7320,0,2046,3302
7321,7321,0,2047,3069
7322,7322,0,2046,2817
7323,7323,0,2047,2551
7324,7324,0,2047,2275
7325,7325,0,2047,1996
7326,7326,0,2047,1716
7327,7327,0,2046,1443
7328,7328,0,2047,1181
7329,7329,0,2047,932
7330,7330,0,2046,704
7331,7331,0,2046,501
7332,7332,0,2046,326
7333,7333,0,2047,181
7334,7334,0,2046,71
7335,7335,0,2046,0
7336,7336,0,2046,0
7337,7337,0,2047,0
7338,7338,0,2046,0
7339,7339,0,2047,70
7340,7340,0,2046,180
7341,7341,0,2046,324
7342,7342,0,2046,499
7343,7343,0,2046,702
7344,7344,0,2046,929
7345,7345,0,2046,1176
7346,7346,0,2046,1438
7347,7347,0,2047,1711
7348,7348,0,2047,1990
7349,7349,0,2047,2269
7350,7350,0,2046,2545
7351,7351,0,2046,2811
7352,7352,0,2047,3063
7353,7353,0,2047,3296
7354,7354,0,2047,3507
7355,7355,0,2046,3693
7356,7356,0,2046,3846
7357,7357,0,2047,3968
7358,7358,0,2046,4055
7359,7359,0,2047,4095
7360,7360,0,2047,4095
7361,7361,0,2046,4095
7362,7362,0,2046,4034
7363,7363,0,2047,3937
7364,7364,0,2047,3805
7365,7365,0,2046,3642
7366,7366,0,2046,3450
7367,7367,0,2047,3232
7368,7368,0,2046,2992
7369,7369,0,2047,2735
7370,7370,0,2046,2466
7371,7371,0,2047,2188
7372,7372,0,2046,1908
7373,7373,0,2047,1629
7374,7374,0,2046,1358
7375,7375,0,2046,1100
7376,7376,0,2047,858
7377,7377,0,2046,637
7378,7378,0,2046,443
7379,7379,0,2047,276
7380,7380,0,2046,142
7381,7381,0,2046,42
7382,7382,0,2046,0
7383,7383,0,2047,0
7384,7384,0,2046,0
7385,7385,0,2046,15
7386,7386,0,2047,100
7387,7387,0,2046,222
7388,7388,0,2046,376
7389,7389,0,2047,561
7390,7390,0,2047,770
7391,7391,0,2046,1004
7392,7392,0,2046,1257
7393,7393,0,2046,1522
7394,7394,0,2046,1799
7395,7395,0,2047,2078
7396,7396,0,2046,2356
7397,7397,0,2047,2629
7398,7398,0,2047,2892
7399,7399,0,2046,3139
7400,7400,0,2047,3366
7401,7401,0,2046,3568
7402,7402,0,2046,3743
7403,7403,0,2046,3889
7404,7404,0,2047,3999
7405,7405,0,2047,4076
7406,7406,0,2046,4095
7407,7407,0,2046,4095
7408,7408,0,2046,4080
7409,7409,0,2046,4008
7410,7410,0,2047,3899
7411,7411,0,2046,3757
7412,7412,0,2047,3584
7413,7413,0,2046,3383
7414,7414,0,2046,3158
7415,7415,0,2046,2913
7416,7416,0,2047,2652
7417,7417,0,2046,2379
7418,7418,0,2046,2099
7419,7419,0,2046,1820
7420,7420,0,2047,1543
7421,7421,0,2046,1276
7422,7422,0,2046,1021
7423,7423,0,2046,786
7424,7424,0,2047,573
7425,7425,0,2046,387
7426,7426,0,2046,231
7427,7427,0,2047,107
7428,7428,0,2046,18
7429,7429,0,2046,0
7430,7430,0,2046,0
7431,7431,0,2046,0
7432,7432,0,2046,38
7433,7433,0,2046,135
7434,7434,0,2046,268
7435,7435,0,2046,431
7436,7436,0,2046,624
7437,7437,0,2047,842
7438,7438,0,2046,1082
7439,7439,0,2046,1339
7440,7440,0,2046,1608
7441,7441,0,2046,1886
7442,7442,0,2046,2166
7443,7443,0,2047,2444
7444,7444,0,2046,2714
7445,7445,0,2046,2971
7446,7446,0,2046,3213
7447,7447,0,2046,3433
7448,7448,0,2046,3627
7449,7449,0,2047,3793
7450,7450,0,2047,3928
7451,7451,0,2047,4027
7452,7452,0,2046,4092
7453,7453,0,2047,4095
7454,7454,0,2046,4095
7455,7455,0,2046,4061
7456,7456,0,2046,3977
7457,7457,0,2046,3858
7458,7458,0,2046,3705
7459,7459,0,2047,3523
7460,7460,0,2047,3315
7461,7461,0,2047,3084
7462,7462,0,2046,2832
7463,7463,0,2047,2567
7464,7464,0,2046,2292
7465,7465,0,2047,2011
7466,7466,0,2047,1732
7467,7467,0,2046,1458
7468,7468,0,2047,1194
7469,7469,0,2046,945
7470,7470,0,2046,717
7471,7471,0,2047,512
7472,7472,0,2047,335
7473,7473,0,2047,189
7474,7474,0,2047,76
7475,7475,0,2047,0
7476,7476,0,2047,0
7477,7477,0,2046,0
7478,7478,0,2046,0
7479,7479,0,2047,65
7480,7480,0,2046,173
7481,7481,0,2046,315
7482,7482,0,2046,488
7483,7483,0,2046,690
7484,7484,0,2046,916
7485,7485,0,2047,1162
7486,7486,0,2047,1423
7487,7487,0,2046,1696
7488,7488,0,2046,1974
7489,7489,0,2047,2254
7490,7490,0,2046,2530
7491,7491,0,2047,2797
7492,7492,0,2046,3049
7493,7493,0,2046,3284
7494,7494,0,2046,3496
7495,7495,0,2047,3683
7496,7496,0,2046,3839
7497,7497,0,2047,3962
7498,7498,0,2046,4051
7499,7499,0,2046,4095
7500,7500,0,2046,4095
7501,7501,0,2046,4095
7502,7502,0,2046,4038
7503,7503,0,2046,3943
7504,7504,0,2046,3813
7505,7505,0,2046,3652
7506,7506,0,2047,3461
7507,7507,0,2046,3245
7508,7508,0,2047,3006
7509,7509,0,2046,2750
7510,7510,0,2046,2481
7511,7511,0,2047,2204
7512,7512,0,2047,1924
7513,7513,0,2046,1645
7514,7514,0,2046,1374
7515,7515,0,2046,1114
7516,7516,0,2046,872
7517,7517,0,2046,650
7518,7518,0,2047,453
7519,7519,0,2047,285
7520,7520,0,2046,149
7521,7521,0,2046,48
7522,7522,0,2046,0
7523,7523,0,2046,0
7524,7524,0,2046,0
7525,7525,0,2046,11
7526,7526,0,2047,96
7527,7527,0,2047,215
7528,7528,0,2046,366
7529,7529,0,2047,549
7530,7530,0,2046,759
7531,7531,0,2046,991
7532,7532,0,2046,1242
7533,7533,0,2046,1507
7534,7534,0,2047,1783
7535,7535,0,2046,2063
7536,7536,0,2046,2341
7537,7537,0,2046,2615
7538,7538,0,2047,2877
7539,7539,0,2046,3125
7540,7540,0,2046,3354
7541,7541,0,2046,3558
7542,7542,0,2046,3735
7543,7543,0,2046,3881
7544,7544,0,2047,3994
7545,7545,0,2047,4072
7546,7546,0,2047,4095
7547,7547,0,2047,4095
7548,7548,0,2046,4083
7549,7549,0,2046,4012
7550,7550,0,2047,3906
7551,7551,0,2047,3766
7552,7552,0,2047,3595
7553,7553,0,2047,3396
7554,7554,0,2047,3171
7555,7555,0,2047,2927
7556,7556,0,2047,2666
7557,7557,0,2046,2394
7558,7558,0,2047,2115
7559,7559,0,2046,1836
7560,7560,0,2046,1559
7561,7561,0,2046,1290
7562,7562,0,2047,1035
7563,7563,0,2047,799
7564,7564,0,2047,586
7565,7565,0,2046,397
7566,7566,0,2047,239
7567,7567,0,2047,113
7568,7568,0,2046,23
7569,7569,0,2046,0
7570,7570,0,2047,0
7571,7571,0,2046,0
7572,7572,0,2046,33
7573,7573,0,2046,129
7574,7574,0,2047,259
7575,7575,0,2047,421
7576,7576,0,2046,612
7577,7577,0,2046,829
7578,7578,0,2047,1068
7579,7579,0,2047,1324
7580,7580,0,2046,1593
7581,7581,0,2046,1870
7582,7582,0,2045,2150
7583,7583,0,2046,2428
7584,7584,0,2047,2698
7585,7585,0,2047,2957
7586,7586,0,2046,3199
7587,7587,0,2047,3420
7588,7588,0,2047,3616
7589,7589,0,2047,3784
7590,7590,0,2046,3921
7591,7591,0,2046,4023
7592,7592,0,2047,4089
7593,7593,0,2046,4095
7594,7594,0,2047,4095
7595,7595,0,2046,4065
7596,7596,0,2046,3983
7597,7597,0,2046,3866
7598,7598,0,2046,3715
7599,7599,0,2046,3535
7600,7600,0,2046,3327
7601,7601,0,2046,3097
7602,7602,0,2046,2847
7603,7603,0,2047,2582
7604,7604,0,2047,2307
7605,7605,0,2046,2028
7606,7606,0,2047,1748
7607,7607,0,2046,1473
7608,7608,0,2046,1209
7609,7609,0,2046,960
7610,7610,0,2046,730
7611,7611,0,2046,523
7612,7612,0,2047,343
7613,7613,0,2046,195
7614,7614,0,2046,81
7615,7615,0,2046,2
7616,7616,0,2047,0
7617,7617,0,2046,0
7618,7618,0,2047,0
7619,7619,0,2046,60
7620,7620,0,2046,167
7621,7621,0,2046,306
7622,7622,0,2046,478
7623,7623,0,2046,677
7624,7624,0,2046,903
7625,7625,0,2047,1148
7626,7626,0,2047,1408
7627,7627,0,2047,1680
7628,7628,0,2046,1959
7629,7629,0,2047,2238
7630,7630,0,2046,2514
7631,7631,0,2046,2782
7632,7632,0,2047,3036
7633,7633,0,2047,3272
7634,7634,0,2046,3485
7635,7635,0,2047,3673
7636,7636,0,2046,3831
7637,7637,0,2046,3956
7638,7638,0,2046,4048
7639,7639,0,2046,4095
7640,7640,0,2046,4095
7641,7641,0,2047,4095
7642,7642,0,2047,4042
7643,7643,0,2046,3949
7644,7644,0,2047,3821
7645,7645,0,2047,3661
7646,7646,0,2047,3473
7647,7647,0,2046,3258
7648,7648,0,2047,3020
7649,7649,0,2046,2765
7650,7650,0,2046,2497
7651,7651,0,2047,2219
7652,7652,0,2047,1939
7653,7653,0,2046,1661
7654,7654,0,2047,1388
7655,7655,0,2046,1129
7656,7656,0,2046,885
7657,7657,0,2047,662
7658,7658,0,2046,464
7659,7659,0,2046,293
7660,7660,0,2047,156
7661,7661,0,2045,53
7662,7662,0,2046,0
7663,7663,0,2046,0
7664,7664,0,2047,0
7665,7665,0,2047,8
7666,7666,0,2046,89
7667,7667,0,2047,207
7668,7668,0,2047,357
7669,7669,0,2046,537
7670,7670,0,2047,745
7671,7671,0,2046,977
7672,7672,0,2047,1227
7673,7673,0,2046,1492
7674,7674,0,2046,1767
7675,7675,0,2046,2047
7676,7676,0,2047,2325
7677,7677,0,2046,2599
7678,7678,0,2046,2863
7679,7679,0,2047,3112
7680,7680,0,2047,3341
7681,7681,0,2046,3547
7682,7682,0,2047,3725
7683,7683,0,2047,3874
7684,7684,0,2047,3989
7685,7685,0,2046,4069
7686,7686,0,2047,4095
7687,7687,0,2047,4095
7688,7688,0,2046,4086
7689,7689,0,2046,4017
7690,7690,0,2046,3913
7691,7691,0,2046,3774
7692,7692,0,2046,3606
7693,7693,0,2046,3408
7694,7694,0,2047,3185
7695,7695,0,2046,2942
7696,7696,0,2047,2681
7697,7697,0,2046,2410
7698,7698,0,2047,2132
7699,7699,0,2047,1851
7700,7700,0,2047,1574
7701,7701,0,2047,1306
7702,7702,0,2046,1050
7703,7703,0,2046,812
7704,7704,0,2047,596
7705,7705,0,2047,407
7706,7706,0,2047,247
7707,7707,0,2047,120
7708,7708,0,2047,27
7709,7709,0,2047,0
7710,7710,0,2047,0
7711,7711,0,2047,0
7712,7712,0,2047,29
7713,7713,0,2047,123
7714,7714,0,2047,250
7715,7715,0,2047,410
7716,7716,0,2046,601
7717,7717,0,2046,817
7718,7718,0,2046,1054
7719,7719,0,2046,1310
7720,7720,0,2047,1578
7721,7721,0,2047,1854
7722,7722,0,2046,2135
7723,7723,0,2047,2413
7724,7724,0,2047,2683
7725,7725,0,2047,2942
7726,7726,0,2046,3187
7727,7727,0,2046,3409
7728,7728,0,2047,3606
7729,7729,0,2046,3775
7730,7730,0,2046,3913
7731,7731,0,2046,4017
7732,7732,0,2047,4087
7733,7733,0,2047,4095
7734,7734,0,2046,4095
7735,7735,0,2047,4068
7736,7736,0,2046,3988
7737,7737,0,2047,3873
7738,7738,0,2046,3725
7739,7739,0,2046,3546
7740,7740,0,2046,3340
7741,7741,0,2047,3111
7742,7742,0,2046,2861
7743,7743,0,2047,2598
7744,7744,0,2046,2323
7745,7745,0,2046,2044
7746,7746,0,2046,1764
7747,7747,0,2046,1489
7748,7748,0,2047,1223
7749,7749,0,2046,973
7750,7750,0,2046,742
7751,7751,0,2046,534
7752,7752,0,2046,353
7753,7753,0,2047,203
7754,7754,0,2046,87
7755,7755,0,2047,5
7756,7756,0,2047,0
7757,7757,0,2046,0
7758,7758,0,2046,0
7759,7759,0,2046,55
7760,7760,0,2047,158
7761,7761,0,2046,298
7762,7762,0,2046,467
7763,7763,0,2046,665
7764,7764,0,2047,889
7765,7765,0,2046,1133
7766,7766,0,2046,1393
7767,7767,0,2047,1665
7768,7768,0,2047,1942
7769,7769,0,2047,2223
7770,7770,0,2046,2499
7771,7771,0,2046,2767
7772,7772,0,2047,3022
7773,7773,0,2047,3259
7774,7774,0,2047,3473
7775,7775,0,2047,3663
7776,7776,0,2046,3822
7777,7777,0,2047,3950
7778,7778,0,2046,4042
7779,7779,0,2046,4095
7780,7780,0,2046,4095
7781,7781,0,2047,4095
7782,7782,0,2046,4047
7783,7783,0,2046,3956
7784,7784,0,2047,3829
7785,7785,0,2046,3672
7786,7786,0,2046,3484
7787,7787,0,2047,3271
7788,7788,0,2046,3034
7789,7789,0,2047,2780
7790,7790,0,2047,2512
7791,7791,0,2047,2236
7792,7792,0,2047,1955
7793,7793,0,2047,1676
7794,7794,0,2047,1404
7795,7795,0,2046,1144
7796,7796,0,2047,898
7797,7797,0,2046,673
7798,7798,0,2047,474
7799,7799,0,2047,303
7800,7800,0,2047,163
7801,7801,0,2046,58
7802,7802,0,2046,0
7803,7803,0,2047,0
7804,7804,0,2047,0
7805,7805,0,2047,4
7806,7806,0,2046,84
7807,7807,0,2047,199
7808,7808,0,2047,349
7809,7809,0,2046,527
7810,7810,0,2047,734
7811,7811,0,2047,964
7812,7812,0,2046,1213
7813,7813,0,2047,1477
7814,7814,0,2046,1751
7815,7815,0,2046,2031
7816,7816,0,2046,2310
7817,7817,0,2046,2584
7818,7818,0,2046,2848
7819,7819,0,2046,3099
7820,7820,0,2046,3329
7821,7821,0,2046,3536
7822,7822,0,2047,3716
7823,7823,0,2047,3866
7824,7824,0,2046,3983
7825,7825,0,2046,4065
7826,7826,0,2046,4095
7827,7827,0,2046,4095
7828,7828,0,2046,4089
7829,7829,0,2046,4022
7830,7830,0,2047,3920
7831,7831,0,2046,3784
7832,7832,0,2046,3616
7833,7833,0,2046,3419
7834,7834,0,2047,3197
7835,7835,0,2047,2955
7836,7836,0,2046,2696
7837,7837,0,2046,2425
7838,7838,0,2047,2147
7839,7839,0,2047,1867
7840,7840,0,2046,1590
7841,7841,0,2046,1320
7842,7842,0,2047,1063
7843,7843,0,2046,825
7844,7844,0,2047,607
7845,7845,0,2046,416
7846,7846,0,2046,256
7847,7847,0,2047,126
7848,7848,0,2046,31
7849,7849,0,2046,0
7850,7850,0,2046,0
7851,7851,0,2046,0
7852,7852,0,2046,25
7853,7853,0,2047,117
7854,7854,0,2046,242
7855,7855,0,2047,401
7856,7856,0,2047,589
7857,7857,0,2047,803
7858,7858,0,2046,1041
7859,7859,0,2046,1295
7860,7860,0,2046,1563
7861,7861,0,2046,1839
7862,7862,0,2047,2119
7863,7863,0,2046,2397
7864,7864,0,2046,2668
7865,7865,0,2047,2929
7866,7866,0,2047,3173
7867,7867,0,2046,3397
7868,7868,0,2047,3595
7869,7869,0,2046,3767
7870,7870,0,2046,3907
7871,7871,0,2046,4012
7872,7872,0,2046,4083
7873,7873,0,2046,4095
7874,7874,0,2047,4095
7875,7875,0,2047,4072
7876,7876,0,2046,3993
7877,7877,0,2046,3880
7878,7878,0,2047,3734
7879,7879,0,2046,3556
7880,7880,0,2047,3352
7881,7881,0,2046,3124
7882,7882,0,2046,2876
7883,7883,0,2047,2613
7884,7884,0,2047,2338
7885,7885,0,2046,2059
7886,7886,0,2047,1779
7887,7887,0,2046,1503
7888,7888,0,2047,1238
7889,7889,0,2046,986
7890,7890,0,2046,754
7891,7891,0,2046,544
7892,7892,0,2047,363
7893,7893,0,2047,211
7894,7894,0,2047,93
7895,7895,0,2047,9
7896,7896,0,2047,0
7897,7897,0,2046,0
7898,7898,0,2047,0
7899,7899,0,2046,50
7900,7900,0,2046,152
7901,7901,0,2047,289
7902,7902,0,2047,457
7903,7903,0,2046,654
7904,7904,0,2047,876
7905,7905,0,2047,1119
7906,7906,0,2046,1378
7907,7907,0,2046,1648
7908,7908,0,2047,1927
7909,7909,0,2046,2206
7910,7910,0,2046,2483
7911,7911,0,2046,2752
7912,7912,0,2046,3008
7913,7913,0,2047,3246
7914,7914,0,2046,3462
7915,7915,0,2047,3652
7916,7916,0,2046,3815
7917,7917,0,2047,3944
7918,7918,0,2046,4039
7919,7919,0,2046,4095
7920,7920,0,2046,4095
7921,7921,0,2046,4095
7922,7922,0,2047,4050
7923,7923,0,2046,3962
7924,7924,0,2046,3838
7925,7925,0,2047,3682
7926,7926,0,2046,3496
7927,7927,0,2047,3283
7928,7928,0,2046,3048
7929,7929,0,2046,2794
7930,7930,0,2047,2527
7931,7931,0,2046,2251
7932,7932,0,2047,1971
7933,7933,0,2046,1692
7934,7934,0,2046,1420
7935,7935,0,2046,1157
7936,7936,0,2047,911
7937,7937,0,2046,686
7938,7938,0,2046,485
7939,7939,0,2046,311
7940,7940,0,2046,170
7941,7941,0,2047,62
7942,7942,0,2046,0
7943,7943,0,2047,0
7944,7944,0,2047,0
7945,7945,0,2047,1
7946,7946,0,2046,78
7947,7947,0,2047,191
7948,7948,0,2046,339
7949,7949,0,2047,516
7950,7950,0,2046,721
7951,7951,0,2046,950
7952,7952,0,2047,1198
7953,7953,0,2046,1462
7954,7954,0,2047,1736
7955,7955,0,2046,2015
7956,7956,0,2046,2294
7957,7957,0,2046,2569
7958,7958,0,2046,2833
7959,7959,0,2046,3084
7960,7960,0,2047,3316
7961,7961,0,2046,3525
7962,7962,0,2047,3707
7963,7963,0,2046,3859
7964,7964,0,2046,3977
7965,7965,0,2046,4061
7966,7966,0,2047,4095
7967,7967,0,2046,4095
7968,7968,0,2046,4091
7969,7969,0,2046,4026
7970,7970,0,2047,3927
7971,7971,0,2046,3791
7972,7972,0,2046,3626
7973,7973,0,2046,3432
7974,7974,0,2046,3211
7975,7975,0,2046,2969
7976,7976,0,2046,2712
7977,7977,0,2046,2442
7978,7978,0,2046,2163
7979,7979,0,2047,1883
7980,7980,0,2046,1605
7981,7981,0,2046,1335
7982,7982,0,2046,1078
7983,7983,0,2047,838
7984,7984,0,2047,619
7985,7985,0,2047,427
7986,7986,0,2047,263
7987,7987,0,2047,132
7988,7988,0,2047,36
7989,7989,0,2047,0
7990,7990,0,2046,0
7991,7991,0,2046,0
7992,7992,0,2047,21
7993,7993,0,2046,110
7994,7994,0,2046,235
7995,7995,0,2047,392
7996,7996,0,2047,578
7997,7997,0,2047,791
7998,7998,0,2046,1026
7999,7999,0,2047,1280
8000,8000,0,2046,1547
8001,8001,0,2046,1823
8002,8002,0,2046,2102
8003,8003,0,2046,2381
8004,8004,0,2046,2653
8005,8005,0,2046,2914
8006,8006,0,2046,3159
8007,8007,0,2046,3385
8008,8008,0,2047,3586
8009,8009,0,2046,3758
8010,8010,0,2047,3900
8011,8011,0,2047,4007
8012,8012,0,2046,4081
8013,8013,0,2047,4095
8014,8014,0,2047,4095
8015,8015,0,2046,4075
8016,8016,0,2046,3999
8017,8017,0,2047,3887
8018,8018,0,2047,3743
8019,8019,0,2047,3568
8020,8020,0,2046,3365
8021,8021,0,2047,3137
8022,8022,0,2047,2890
8023,8023,0,2047,2627
8024,8024,0,2047,2354
8025,8025,0,2046,2075
8026,8026,0,2047,1795
8027,8027,0,2046,1518
8028,8028,0,2046,1253
8029,8029,0,2047,1001
8030,8030,0,2046,766
8031,8031,0,2046,556
8032,8032,0,2046,372
8033,8033,0,2047,219
8034,8034,0,2046,98
8035,8035,0,2046,13
8036,8036,0,2047,0
8037,8037,0,2046,0
8038,8038,0,2046,0
8039,8039,0,2047,45
8040,8040,0,2046,146
8041,8041,0,2046,280
8042,8042,0,2047,447
8043,8043,0,2046,642
8044,8044,0,2046,863
8045,8045,0,2046,1104
8046,8046,0,2046,1363
8047,8047,0,2046,1633
8048,8048,0,2047,1912
8049,8049,0,2046,2190
8050,8050,0,2046,2468
8051,8051,0,2047,2737
8052,8052,0,2047,2993
8053,8053,0,2047,3233
8054,8054,0,2047,3451
8055,8055,0,2046,3642
8056,8056,0,2046,3806
8057,8057,0,2046,3938
8058,8058,0,2047,4034
8059,8059,0,2046,4095
8060,8060,0,2046,4095
8061,8061,0,2046,4095
8062,8062,0,2046,4055
8063,8063,0,2046,3968
8064,8064,0,2047,3845
8065,8065,0,2047,3691
8066,8066,0,2047,3506
8067,8067,0,2046,3296
8068,8068,0,2046,3062
8069,8069,0,2047,2809
8070,8070,0,2046,2542
8071,8071,0,2047,2267
8072,8072,0,2046,1987
8073,8073,0,2047,1707
8074,8074,0,2046,1434
8075,8075,0,2046,1172
8076,8076,0,2046,924
8077,8077,0,2046,698
8078,8078,0,2046,495
8079,8079,0,2047,321
8080,8080,0,2046,177
8081,8081,0,2046,67
8082,8082,0,2047,0
8083,8083,0,2047,0
8084,8084,0,2046,0
8085,8085,0,2046,0
8086,8086,0,2046,73
8087,8087,0,2047,184
8088,8088,0,2047,329
8089,8089,0,2046,506
8090,8090,0,2046,709
8091,8091,0,2046,937
8092,8092,0,2047,1184
8093,8093,0,2046,1447
8094,8094,0,2047,1720
8095,8095,0,2046,1998
8096,8096,0,2046,2279
8097,8097,0,2046,2553
8098,8098,0,2046,2819
8099,8099,0,2046,3071
8100,8100,0,2047,3304
8101,8101,0,2047,3513
8102,8102,0,2046,3697
8103,8103,0,2046,3851
8104,8104,0,2047,3970
8105,8105,0,2047,4057
8106,8106,0,2047,4095
8107,8107,0,2046,4095
8108,8108,0,2047,4094
8109,8109,0,2046,4031
8110,8110,0,2046,3933
8111,8111,0,2046,3800
8112,8112,0,2047,3635
8113,8113,0,2046,3443
8114,8114,0,2046,3224
8115,8115,0,2046,2984
8116,8116,0,2046,2726
8117,8117,0,2046,2457
8118,8118,0,2046,2180
8119,8119,0,2046,1898
8120,8120,0,2047,1621
8121,8121,0,2047,1350
8122,8122,0,2047,1092
8123,8123,0,2046,851
8124,8124,0,2046,631
8125,8125,0,2046,437
8126,8126,0,2046,272
8127,8127,0,2047,139
8128,8128,0,2046,40
8129,8129,0,2046,0
8130,8130,0,2046,0
8131,8131,0,2047,0
8132,8132,0,2047,17
8133,8133,0,2047,104
8134,8134,0,2047,226
8135,8135,0,2046,382
8136,8136,0,2047,566
8137,8137,0,2047,778
8138,8138,0,2046,1013
8139,8139,0,2047,1265
8140,8140,0,2047,1532
8141,8141,0,2046,1807
8142,8142,0,2046,2087
8143,8143,0,2046,2366
8144,8144,0,2047,2638
8145,8145,0,2046,2900
8146,8146,0,2046,3147
8147,8147,0,2047,3373
8148,8148,0,2046,3575
8149,8149,0,2046,3749
8150,8150,0,2047,3893
8151,8151,0,2047,4002
8152,8152,0,2046,4077
8153,8153,0,2047,4095
8154,8154,0,2047,4095
8155,8155,0,2047,4078
8156,8156,0,2046,4004
8157,8157,0,2046,3895
8158,8158,0,2046,3753
8159,8159,0,2046,3578
8160,8160,0,2047,3376
8161,8161,0,2046,3151
8162,8162,0,2046,2904
8163,8163,0,2047,2643
8164,8164,0,2047,2370
8165,8165,0,2046,2091
8166,8166,0,2046,1810
8167,8167,0,2046,1535
8168,8168,0,2047,1267
8169,8169,0,2047,1014
8170,8170,0,2046,779
8171,8171,0,2047,567
8172,8172,0,2047,382
8173,8173,0,2047,227
8174,8174,0,2046,104
8175,8175,0,2046,17
8176,8176,0,2047,0
8177,8177,0,2046,0
8178,8178,0,2047,0
8179,8179,0,2046,41
8180,8180,0,2046,138
8181,8181,0,2046,272
8182,8182,0,2046,437
8183,8183,0,2046,631
8184,8184,0,2046,850
8185,8185,0,2046,1090
8186,8186,0,2046,1347
8187,8187,0,2046,1617
8188,8188,0,2047,1895
8189,8189,0,2046,2175
8190,8190,0,2046,2452
8191,8191,0,2046,2722
8192,8192,1,2046,2980
8193,8193,0,2047,3220
8194,8194,0,2047,3439
8195,8195,0,2046,3632
8196,8196,0,2047,3797
8197,8197,0,2046,3930
8198,8198,0,2046,4030
8199,8199,0,2046,4093
8200,8200,0,2047,4095
8201,8201,0,2046,4095
8202,8202,0,2046,4059
8203,8203,0,2046,3974
8204,8204,0,2046,3853
8205,8205,0,2046,3701
8206,8206,0,2046,3518
8207,8207,0,2047,3308
8208,8208,0,2047,3076
8209,8209,0,2046,2824
8210,8210,0,2046,2558
8211,8211,0,2046,2283
8212,8212,0,2046,2003
8213,8213,0,2046,1723
8214,8214,0,2047,1450
8215,8215,0,2047,1186
8216,8216,0,2047,938
8217,8217,0,2046,709
8218,8218,0,2047,506
8219,8219,0,2046,329
8220,8220,0,2047,185
8221,8221,0,2047,73
8222,8222,0,2046,0
8223,8223,0,2046,0
8224,8224,0,2046,0
8225,8225,0,2047,0
8226,8226,0,2047,68
8227,8227,0,2046,177
8228,8228,0,2047,320
8229,8229,0,2046,494
8230,8230,0,2047,697
8231,8231,0,2047,922
8232,8232,0,2046,1170
8233,8233,0,2046,1431
8234,8234,0,2047,1704
8235,8235,0,2047,1983
8236,8236,0,2047,2262
8237,8237,0,2046,2538
8238,8238,0,2047,2804
8239,8239,0,2046,3057
8240,8240,0,2047,3291
8241,8241,0,2047,3502
8242,8242,0,2046,3688
8243,8243,0,2047,3843
8244,8244,0,2046,3966
8245,8245,0,2046,4053
8246,8246,0,2046,4095
8247,8247,0,2046,4095
8248,8248,0,2047,4095
8249,8249,0,2046,4036
8250,8250,0,2047,3939
8251,8251,0,2047,3808
8252,8252,0,2047,3646
8253,8253,0,2047,3454
8254,8254,0,2047,3237
8255,8255,0,2047,2997
8256,8256,0,2046,2742
8257,8257,0,2046,2472
8258,8258,0,2047,2194
8259,8259,0,2046,1915
8260,8260,0,2047,1636
8261,8261,0,2047,1365
8262,8262,0,2046,1106
8263,8263,0,2047,864
8264,8264,0,2046,643
8265,8265,0,2046,447
8266,8266,0,2046,280
8267,8267,0,2047,145
8268,8268,0,2046,45
8269,8269,0,2046,0
8270,8270,0,2046,0
8271,8271,0,2046,0
8272,8272,0,2047,13
8273,8273,0,2047,98
8274,8274,0,2046,218
8275,8275,0,2047,372
8276,8276,0,2046,555
8277,8277,0,2046,766
8278,8278,0,2046,999
8279,8279,0,2046,1251
8280,8280,0,2046,1516
8281,8281,0,2046,1792
8282,8282,0,2046,2071
8283,8283,0,2047,2350
8284,8284,0,2047,2624
8285,8285,0,2047,2886
8286,8286,0,2046,3133
8287,8287,0,2047,3360
8288,8288,0,2046,3564
8289,8289,0,2046,3739
8290,8290,0,2046,3885
8291,8291,0,2046,3997
8292,8292,0,2046,4074
8293,8293,0,2046,4095
8294,8294,0,2046,4095
8295,8295,0,2047,4081
8296,8296,0,2046,4008
8297,8297,0,2046,3901
8298,8298,0,2046,3760
8299,8299,0,2046,3589
8300,8300,0,2046,3388
8301,8301,0,2047,3164
8302,8302,0,2046,2919
8303,8303,0,2047,2657
8304,8304,0,2046,2385
8305,8305,0,2047,2107
8306,8306,0,2047,1826
8307,8307,0,2046,1550
8308,8308,0,2046,1282
8309,8309,0,2046,1027
8310,8310,0,2046,792
8311,8311,0,2047,578
8312,8312,0,2046,392
8313,8313,0,2046,235
8314,8314,0,2047,110
8315,8315,0,2047,20
8316,8316,0,2046,0
8317,8317,0,2047,0
8318,8318,0,2047,0
8319,8319,0,2046,36
8320,8320,0,2047,132
8321,8321,0,2046,263
8322,8322,0,2046,426
8323,8323,0,2047,618
8324,8324,0,2047,837
8325,8325,0,2047,1076
8326,8326,0,2046,1333
8327,8327,0,2047,1602
8328,8328,0,2047,1880
8329,8329,0,2046,2159
8330,8330,0,2046,2437
8331,8331,0,2046,2707
8332,8332,0,2047,2966
8333,8333,0,2046,3208
8334,8334,0,2047,3428
8335,8335,0,2046,3623
8336,8336,0,2047,3789
8337,8337,0,2046,3924
8338,8338,0,2046,4024
8339,8339,0,2047,4091
8340,8340,0,2047,4095
8341,8341,0,2046,4095
8342,8342,0,2047,4062
8343,8343,0,2047,3979
8344,8344,0,2046,3861
8345,8345,0,2047,3709
8346,8346,0,2047,3529
8347,8347,0,2047,3320
8348,8348,0,2047,3089
8349,8349,0,2046,2838
8350,8350,0,2046,2574
8351,8351,0,2046,2299
8352,8352,0,2047,2019
8353,8353,0,2046,1738
8354,8354,0,2047,1465
8355,8355,0,2047,1201
8356,8356,0,2046,951
8357,8357,0,2046,722
8358,8358,0,2046,517
8359,8359,0,2047,339
8360,8360,0,2047,191
8361,8361,0,2046,78
8362,8362,0,2047,0
8363,8363,0,2046,0
8364,8364,0,2046,0
8365,8365,0,2046,0
8366,8366,0,2047,63
8367,8367,0,2047,170
8368,8368,0,2047,311
8369,8369,0,2046,484
8370,8370,0,2047,685
8371,8371,0,2046,910
8372,8372,0,2046,1155
8373,8373,0,2047,1417
8374,8374,0,2047,1689
8375,8375,0,2046,1968
8376,8376,0,2047,2247
8377,8377,0,2046,2523
8378,8378,0,2046,2790
8379,8379,0,2046,3044
8380,8380,0,2047,3279
8381,8381,0,2046,3492
8382,8382,0,2047,3679
8383,8383,0,2046,3835
8384,8384,0,2047,3960
8385,8385,0,2047,4050
8386,8386,0,2046,4095
8387,8387,0,2046,4095
8388,8388,0,2047,4095
8389,8389,0,2046,4040
8390,8390,0,2046,3946
8391,8391,0,2047,3817
8392,8392,0,2046,3656
8393,8393,0,2046,3466
8394,8394,0,2046,3251
8395,8395,0,2046,3012
8396,8396,0,2047,2756
8397,8397,0,2047,2489
8398,8398,0,2047,2211
8399,8399,0,2047,1931
8400,8400,0,2047,1653
8401,8401,0,2047,1380
8402,8402,0,2046,1120
8403,8403,0,2046,877
8404,8404,0,2046,655
8405,8405,0,2046,458
8406,8406,0,2046,289
8407,8407,0,2046,152
8408,8408,0,2046,49
8409,8409,0,2046,0
8410,8410,0,2046,0
8411,8411,0,2046,0
8412,8412,0,2047,9
8413,8413,0,2047,93
8414,8414,0,2046,211
8415,8415,0,2046,362
8416,8416,0,2046,544
8417,8417,0,2047,753
8418,8418,0,2046,985
8419,8419,0,2046,1236
8420,8420,0,2046,1501
8421,8421,0,2046,1776
8422,8422,0,2046,2056
8423,8423,0,2046,2334
8424,8424,0,2047,2607
8425,8425,0,2046,2871
8426,8426,0,2047,3120
8427,8427,0,2046,3348
8428,8428,0,2046,3553
8429,8429,0,2046,3730
8430,8430,0,2046,3878
8431,8431,0,2047,3991
8432,8432,0,2046,4070
8433,8433,0,2047,4095
8434,8434,0,2046,4095
8435,8435,0,2046,4083
8436,8436,0,2047,4015
8437,8437,0,2046,3909
8438,8438,0,2046,3770
8439,8439,0,2047,3599
8440,8440,0,2046,3401
8441,8441,0,2046,3177
8442,8442,0,2046,2933
8443,8443,0,2046,2673
8444,8444,0,2047,2400
8445,8445,0,2046,2122
8446,8446,0,2046,1842
8447,8447,0,2046,1565
8448,8448,0,2046,1297
8449,8449,0,2046,1042
8450,8450,0,2046,804
8451,8451,0,2046,590
8452,8452,0,2047,402
8453,8453,0,2047,243
8454,8454,0,2047,117
8455,8455,0,2046,25
8456,8456,0,2047,0
8457,8457,0,2046,0
8458,8458,0,2046,0
8459,8459,0,2046,31
8460,8460,0,2047,126
8461,8461,0,2046,255
8462,8462,0,2046,416
8463,8463,0,2046,607
8464,8464,0,2046,824
8465,8465,0,2046,1062
8466,8466,0,2046,1318
8467,8467,0,2046,1587
8468,8468,0,2046,1864
8469,8469,0,2046,2144
8470,8470,0,2046,2421
8471,8471,0,2047,2692
8472,8472,0,2047,2951
8473,8473,0,2046,3194
8474,8474,0,2046,3416
8475,8475,0,2046,3611
8476,8476,0,2047,3780
8477,8477,0,2046,3918
8478,8478,0,2047,4021
8479,8479,0,2047,4088
8480,8480,0,2046,4095
8481,8481,0,2047,4095
8482,8482,0,2046,4066
8483,8483,0,2046,3985
8484,8484,0,2046,3869
8485,8485,0,2046,3719
8486,8486,0,2046,3540
8487,8487,0,2046,3334
8488,8488,0,2045,3103
8489,8489,0,2046,2853
8490,8490,0,2046,2589
8491,8491,0,2046,2314
8492,8492,0,2046,2035
8493,8493,0,2047,1755
8494,8494,0,2046,1480
8495,8495,0,2046,1215
8496,8496,0,2046,965
8497,8497,0,2046,735
8498,8498,0,2046,527
8499,8499,0,2046,348
8500,8500,0,2047,199
8501,8501,0,2046,84
8502,8502,0,2047,3
8503,8503,0,2046,0
8504,8504,0,2047,0
8505,8505,0,2046,0
8506,8506,0,2047,58
8507,8507,0,2046,163
8508,8508,0,2046,303
8509,8509,0,2047,474
8510,8510,0,2046,673
8511,8511,0,2046,897
8512,8512,0,2047,1142
8513,8513,0,2046,1401
8514,8514,0,2046,1674
8515,8515,0,2047,1952
8516,8516,0,2047,2231
8517,8517,0,2047,2508
8518,8518,0,2047,2776
8519,8519,0,2046,3029
8520,8520,0,2047,3266
8521,8521,0,2047,3480
8522,8522,0,2047,3668
8523,8523,0,2047,3827
8524,8524,0,2046,3953
8525,8525,0,2046,4045
8526,8526,0,2047,4095
8527,8527,0,2046,4095
8528,8528,0,2046,4095
8529,8529,0,2046,4044
8530,8530,0,2046,3951
8531,8531,0,2047,3825
8532,8532,0,2046,3666
8533,8533,0,2045,3478
8534,8534,0,2046,3263
8535,8535,0,2047,3026
8536,8536,0,2047,2771
8537,8537,0,2047,2503
8538,8538,0,2046,2226
8539,8539,0,2046,1947
8540,8540,0,2046,1667
8541,8541,0,2047,1395
8542,8542,0,2047,1134
8543,8543,0,2046,890
8544,8544,0,2046,666
8545,8545,0,2047,468
8546,8546,0,2047,298
8547,8547,0,2047,159
8548,8548,0,2047,55
8549,8549,0,2047,0
8550,8550,0,2046,0
8551,8551,0,2046,0
8552,8552,0,2047,7
8553,8553,0,2046,87
8554,8554,0,2046,203
8555,8555,0,2046,353
8556,8556,0,2046,534
8557,8557,0,2046,741
8558,8558,0,2047,971
8559,8559,0,2046,1221
8560,8560,0,2047,1486
8561,8561,0,2046,1760
8562,8562,0,2047,2039
8563,8563,0,2047,2318
8564,8564,0,2046,2593
8565,8565,0,2046,2856
8566,8566,0,2046,3106
8567,8567,0,2046,3336
8568,8568,0,2046,3542
8569,8569,0,2047,3722
8570,8570,0,2046,3871
8571,8571,0,2046,3986
8572,8572,0,2047,4067
8573,8573,0,2046,4095
8574,8574,0,2047,4095
8575,8575,0,2047,4087
8576,8576,0,2046,4019
8577,8577,0,2047,3916
8578,8578,0,2046,3778
8579,8579,0,2047,3610
8580,8580,0,2046,3412
8581,8581,0,2046,3191
8582,8582,0,2047,2947
8583,8583,0,2046,2688
8584,8584,0,2046,2417
8585,8585,0,2046,2138
8586,8586,0,2046,1858
8587,8587,0,2047,1580
8588,8588,0,2047,1312
8589,8589,0,2047,1055
8590,8590,0,2046,818
8591,8591,0,2046,601
8592,8592,0,2046,411
8593,8593,0,2046,251
8594,8594,0,2047,122
8595,8595,0,2046,29
8596,8596,0,2046,0
8597,8597,0,2047,0
8598,8598,0,2047,0
8599,8599,0,2047,27
8600,8600,0,2047,119
8601,8601,0,2046,247
8602,8602,0,2046,407
8603,8603,0,2046,595
8604,8604,0,2047,810
8605,8605,0,2046,1048
8606,8606,0,2047,1303
8607,8607,0,2047,1571
8608,8608,0,2046,1848
8609,8609,0,2047,2127
8610,8610,0,2046,2405
8611,8611,0,2046,2677
8612,8612,0,2047,2936
8613,8613,0,2047,3181
8614,8614,0,2046,3403
8615,8615,0,2046,3602
8616,8616,0,2046,3772
8617,8617,0,2046,3911
8618,8618,0,2046,4015
8619,8619,0,2046,4086
8620,8620,0,2046,4095
8621,8621,0,2046,4095
8622,8622,0,2047,4071
8623,8623,0,2046,3990
8624,8624,0,2046,3876
8625,8625,0,2046,3729
8626,8626,0,2046,3551
8627,8627,0,2047,3346
8628,8628,0,2047,3116
8629,8629,0,2046,2868
8630,8630,0,2046,2604
8631,8631,0,2046,2329
8632,8632,0,2046,2050
8633,8633,0,2046,1770
8634,8634,0,2046,1495
8635,8635,0,2046,1229
8636,8636,0,2047,979
8637,8637,0,2046,747
8638,8638,0,2047,539
8639,8639,0,2047,357
8640,8640,0,2047,207
8641,8641,0,2046,89
8642,8642,0,2047,7
8643,8643,0,2046,0
8644,8644,0,2047,0
8645,8645,0,2046,0
8646,8646,0,2046,53
8647,8647,0,2046,157
8648,8648,0,2046,294
8649,8649,0,2046,464
8650,8650,0,2046,660
8651,8651,0,2047,884
8652,8652,0,2046,1127
8653,8653,0,2047,1387
8654,8654,0,2046,1658
8655,8655,0,2046,1936
8656,8656,0,2046,2215
8657,8657,0,2047,2492
8658,8658,0,2046,2760
8659,8659,0,2047,3015
8660,8660,0,2046,3253
8661,8661,0,2046,3469
8662,8662,0,2046,3659
8663,8663,0,2047,3819
8664,8664,0,2047,3947
8665,8665,0,2047,4041
8666,8666,0,2047,4095
8667,8667,0,2046,4095
8668,8668,0,2046,4095
8669,8669,0,2046,4048
8670,8670,0,2046,3958
8671,8671,0,2046,3833
8672,8672,0,2047,3676
8673,8673,0,2046,3489
8674,8674,0,2046,3275
8675,8675,0,2046,3040
8676,8676,0,2046,2786
8677,8677,0,2046,2519
8678,8678,0,2046,2242
8679,8679,0,2048,1962
8680,8680,0,2046,1683
8681,8681,0,2046,1410
8682,8682,0,2046,1149
8683,8683,0,2046,903
8684,8684,0,2046,678
8685,8685,0,2046,478
8686,8686,0,2046,306
8687,8687,0,2046,166
8688,8688,0,2046,60
8689,8689,0,2047,0
8690,8690,0,2046,0
8691,8691,0,2047,0
8692,8692,0,2047,2
8693,8693,0,2046,81
8694,8694,0,2046,197
8695,8695,0,2047,344
8696,8696,0,2046,522
8697,8697,0,2046,728
8698,8698,0,2046,958
8699,8699,0,2047,1207
8700,8700,0,2046,1470
8701,8701,0,2046,1745
8702,8702,0,2046,2024
8703,8703,0,2046,2303
8704,8704,0,2046,2577
8705,8705,0,2046,2842
8706,8706,0,2047,3092
8707,8707,0,2046,3323
8708,8708,0,2047,3531
8709,8709,0,2047,3712
8710,8710,0,2047,3862
8711,8711,0,2046,3980
8712,8712,0,2046,4063
8713,8713,0,2046,4095
8714,8714,0,2046,4095
8715,8715,0,2046,4089
8716,8716,0,2047,4024
8717,8717,0,2047,3922
8718,8718,0,2046,3787
8719,8719,0,2046,3620
8720,8720,0,2046,3424
8721,8721,0,2047,3204
8722,8722,0,2046,2962
8723,8723,0,2047,2703
8724,8724,0,2046,2432
8725,8725,0,2046,2153
8726,8726,0,2047,1873
8727,8727,0,2046,1596
8728,8728,0,2047,1327
8729,8729,0,2046,1069
8730,8730,0,2046,830
8731,8731,0,2047,612
8732,8732,0,2046,421
8733,8733,0,2047,259
8734,8734,0,2046,128
8735,8735,0,2047,33
8736,8736,0,2046,0
8737,8737,0,2046,0
8738,8738,0,2046,0
8739,8739,0,2047,24
8740,8740,0,2046,113
8741,8741,0,2047,239
8742,8742,0,2047,397
8743,8743,0,2047,584
8744,8744,0,2046,798
8745,8745,0,2046,1034
8746,8746,0,2046,1288
8747,8747,0,2047,1556
8748,8748,0,2046,1832
8749,8749,0,2046,2111
8750,8750,0,2047,2389
8751,8751,0,2046,2662
8752,8752,0,2047,2922
8753,8753,0,2047,3167
8754,8754,0,2047,3392
8755,8755,0,2046,3590
8756,8756,0,2046,3762
8757,8757,0,2046,3904
8758,8758,0,2046,4010
8759,8759,0,2047,4082
8760,8760,0,2046,4095
8761,8761,0,2047,4095
8762,8762,0,2047,4073
8763,8763,0,2047,3996
8764,8764,0,2046,3883
8765,8765,0,2047,3738
8766,8766,0,2046,3562
8767,8767,0,2047,3358
8768,8768,0,2047,3129
8769,8769,0,2046,2882
8770,8770,0,2047,2619
8771,8771,0,2046,2345
8772,8772,0,2047,2066
8773,8773,0,2047,1786
8774,8774,0,2047,1510
8775,8775,0,2046,1245
8776,8776,0,2047,993
8777,8777,0,2046,759
8778,8778,0,2047,549
8779,8779,0,2046,367
8780,8780,0,2047,215
8781,8781,0,2046,95
8782,8782,0,2046,10
8783,8783,0,2047,0
8784,8784,0,2047,0
8785,8785,0,2046,0
8786,8786,0,2047,48
8787,8787,0,2046,149
8788,8788,0,2046,285
8789,8789,0,2047,453
8790,8790,0,2046,649
8791,8791,0,2046,870
8792,8792,0,2047,1113
8793,8793,0,2047,1371
8794,8794,0,2046,1642
8795,8795,0,2047,1920
8796,8796,0,2047,2200
8797,8797,0,2047,2477
8798,8798,0,2046,2746
8799,8799,0,2047,3002
8800,8800,0,2046,3241
8801,8801,0,2046,3458
8802,8802,0,2046,3648
8803,8803,0,2047,3811
8804,8804,0,2047,3941
8805,8805,0,2047,4036
8806,8806,0,2046,4095
8807,8807,0,2046,4095
8808,8808,0,2047,4095
8809,8809,0,2046,4053
8810,8810,0,2047,3964
8811,8811,0,2046,3841
8812,8812,0,2046,3685
8813,8813,0,2047,3500
8814,8814,0,2046,3289
8815,8815,0,2047,3054
8816,8816,0,2047,2801
8817,8817,0,2047,2534
8818,8818,0,2047,2258
8819,8819,0,2047,1978
8820,8820,0,2046,1699
8821,8821,0,2046,1426
8822,8822,0,2047,1164
8823,8823,0,2047,917
8824,8824,0,2047,691
8825,8825,0,2046,489
8826,8826,0,2047,316
8827,8827,0,2046,173
8828,8828,0,2046,65
8829,8829,0,2046,0
8830,8830,0,2046,0
8831,8831,0,2046,0
8832,8832,0,2046,0
8833,8833,0,2047,76
8834,8834,0,2046,188
8835,8835,0,2046,335
8836,8836,0,2047,512
8837,8837,0,2046,715
8838,8838,0,2046,944
8839,8839,0,2046,1192
8840,8840,0,2046,1456
8841,8841,0,2047,1729
8842,8842,0,2047,2008
8843,8843,0,2047,2287
8844,8844,0,2046,2562
8845,8845,0,2047,2828
8846,8846,0,2047,3079
8847,8847,0,2047,3311
8848,8848,0,2046,3521
8849,8849,0,2047,3703
8850,8850,0,2047,3855
8851,8851,0,2046,3975
8852,8852,0,2046,4059
8853,8853,0,2047,4095
8854,8854,0,2046,4095
8855,8855,0,2047,4092
8856,8856,0,2046,4028
8857,8857,0,2047,3929
8858,8858,0,2046,3795
8859,8859,0,2046,3630
8860,8860,0,2047,3436
8861,8861,0,2046,3217
8862,8862,0,2046,2976
8863,8863,0,2047,2718
8864,8864,0,2046,2448
8865,8865,0,2047,2170
8866,8866,0,2047,1889
8867,8867,0,2046,1612
8868,8868,0,2047,1341
8869,8869,0,2047,1083
8870,8870,0,2046,843
8871,8871,0,2046,624
8872,8872,0,2046,431
8873,8873,0,2046,267
8874,8874,0,2047,134
8875,8875,0,2047,38
8876,8876,0,2046,0
8877,8877,0,2047,0
8878,8878,0,2047,0
8879,8879,0,2046,19
8880,8880,0,2046,107
8881,8881,0,2046,231
8882,8882,0,2046,388
8883,8883,0,2047,573
8884,8884,0,2046,785
8885,8885,0,2046,1020
8886,8886,0,2046,1274
8887,8887,0,2046,1541
8888,8888,0,2046,1817
8889,8889,0,2046,2096
8890,8890,0,2047,2374
8891,8891,0,2047,2646
8892,8892,0,2046,2908
8893,8893,0,2047,3154
8894,8894,0,2047,3379
8895,8895,0,2047,3581
8896,8896,0,2046,3754
8897,8897,0,2046,3897
8898,8898,0,2047,4006
8899,8899,0,2046,4079
8900,8900,0,2047,4095
8901,8901,0,2047,4095
8902,8902,0,2047,4076
8903,8903,0,2046,4001
8904,8904,0,2046,3891
8905,8905,0,2046,3747
8906,8906,0,2047,3572
8907,8907,0,2047,3370
8908,8908,0,2047,3143
8909,8909,0,2046,2897
8910,8910,0,2046,2634
8911,8911,0,2046,2361
8912,8912,0,2046,2082
8913,8913,0,2046,1802
8914,8914,0,2047,1526
8915,8915,0,2046,1259
8916,8916,0,2047,1006
8917,8917,0,2047,772
8918,8918,0,2047,561
8919,8919,0,2046,376
8920,8920,0,2047,222
8921,8921,0,2046,100
8922,8922,0,2046,15
8923,8923,0,2046,0
8924,8924,0,2046,0
8925,8925,0,2047,0
8926,8926,0,2046,43
8927,8927,0,2046,143
8928,8928,0,2046,277
8929,8929,0,2046,443
8930,8930,0,2047,637
8931,8931,0,2047,858
8932,8932,0,2047,1098
8933,8933,0,2047,1356
8934,8934,0,2046,1626
8935,8935,0,2046,1904
8936,8936,0,2046,2184
8937,8937,0,2047,2461
8938,8938,0,2046,2731
8939,8939,0,2046,2988
8940,8940,0,2046,3228
8941,8941,0,2047,3446
8942,8942,0,2046,3639
8943,8943,0,2046,3803
8944,8944,0,2046,3935
8945,8945,0,2047,4032
8946,8946,0,2047,4094
8947,8947,0,2046,4095
8948,8948,0,2046,4095
8949,8949,0,2047,4056
8950,8950,0,2046,3970
8951,8951,0,2046,3848
8952,8952,0,2046,3695
8953,8953,0,2046,3512
8954,8954,0,2046,3301
8955,8955,0,2046,3068
8956,8956,0,2047,2815
8957,8957,0,2046,2549
8958,8958,0,2046,2273
8959,8959,0,2046,1993
8960,8960,0,2046,1714
8961,8961,0,2046,1441
8962,8962,0,2046,1178
8963,8963,0,2046,930
8964,8964,0,2046,702
8965,8965,0,2046,499
8966,8966,0,2046,325
8967,8967,0,2046,180
8968,8968,0,2046,70
8969,8969,0,2047,0
8970,8970,0,2047,0
8971,8971,0,2047,0
8972,8972,0,2047,0
8973,8973,0,2047,71
8974,8974,0,2046,181
8975,8975,0,2046,326
8976,8976,0,2047,501
8977,8977,0,2046,704
8978,8978,0,2046,931
8979,8979,0,2046,1178
8980,8980,0,2046,1440
8981,8981,0,2047,1712
8982,8982,0,2047,1992
8983,8983,0,2047,2272
8984,8984,0,2046,2547
8985,8985,0,2046,2813
8986,8986,0,2046,3065
8987,8987,0,2047,3299
8988,8988,0,2046,3510
8989,8989,0,2046,3694
8990,8990,0,2046,3848
8991,8991,0,2046,3969
8992,8992,0,2046,4055
8993,8993,0,2046,4095
8994,8994,0,2046,4095
8995,8995,0,2046,4095
8996,8996,0,2047,4033
8997,8997,0,2046,3936
8998,8998,0,2046,3803
8999,8999,0,2047,3640
9000,9000,0,2046,3448
9001,9001,0,2046,3229
9002,9002,0,2047,2991
9003,9003,0,2047,2733
9004,9004,0,2046,2463
9005,9005,0,2047,2186
9006,9006,0,2046,1906
9007,9007,0,2047,1627
9008,9008,0,2046,1357
9009,9009,0,2046,1098
9010,9010,0,2046,857
9011,9011,0,2047,636
9012,9012,0,2047,442
9013,9013,0,2047,276
9014,9014,0,2046,142
9015,9015,0,2047,42
9016,9016,0,2046,0
9017,9017,0,2046,0
9018,9018,0,2047,0
9019,9019,0,2046,16
9020,9020,0,2047,101
9021,9021,0,2047,224
9022,9022,0,2047,378
9023,9023,0,2046,563
9024,9024,0,2046,773
9025,9025,0,2047,1007
9026,9026,0,2047,1259
9027,9027,0,2047,1525
9028,9028,0,2046,1801
9029,9029,0,2047,2080
9030,9030,0,2046,2359
9031,9031,0,2046,2632
9032,9032,0,2046,2894
9033,9033,0,2046,3141
9034,9034,0,2046,3367
9035,9035,0,2047,3570
9036,9036,0,2046,3745
9037,9037,0,2046,3890
9038,9038,0,2047,3999
9039,9039,0,2047,4076
9040,9040,0,2047,4095
9041,9041,0,2046,4095
9042,9042,0,2046,4080
9043,9043,0,2047,4007
9044,9044,0,2046,3898
9045,9045,0,2047,3756
9046,9046,0,2047,3583
9047,9047,0,2046,3382
9048,9048,0,2046,3156
9049,9049,0,2047,2910
9050,9050,0,2047,2649
9051,9051,0,2047,2377
9052,9052,0,2047,2098
9053,9053,0,2047,1817
9054,9054,0,2047,1541
9055,9055,0,2046,1273
9056,9056,0,2047,1020
9057,9057,0,2047,785
9058,9058,0,2046,572
9059,9059,0,2046,386
9060,9060,0,2047,230
9061,9061,0,2046,107
9062,9062,0,2046,19
9063,9063,0,2046,0
9064,9064,0,2047,0
9065,9065,0,2047,0
9066,9066,0,2047,38
9067,9067,0,2046,137
9068,9068,0,2046,269
9069,9069,0,2047,432
9070,9070,0,2046,626
9071,9071,0,2046,844
9072,9072,0,2046,1084
9073,9073,0,2047,1341
9074,9074,0,2046,1611
9075,9075,0,2046,1889
9076,9076,0,2047,2168
9077,9077,0,2047,2446
9078,9078,0,2046,2715
9079,9079,0,2047,2974
9080,9080,0,2047,3215
9081,9081,0,2047,3434
9082,9082,0,2046,3629
9083,9083,0,2046,3794
9084,9084,0,2047,3928
9085,9085,0,2046,4027
9086,9086,0,2047,4092
9087,9087,0,2046,4095
9088,9088,0,2047,4095
9089,9089,0,2046,4060
9090,9090,0,2046,3976
9091,9091,0,2047,3857
9092,9092,0,2046,3705
9093,9093,0,2046,3522
9094,9094,0,2047,3313
9095,9095,0,2047,3081
9096,9096,0,2047,2830
9097,9097,0,2046,2565
9098,9098,0,2047,2289
9099,9099,0,2047,2009
9100,9100,0,2047,1730
9101,9101,0,2047,1456
9102,9102,0,2047,1193
9103,9103,0,2046,944
9104,9104,0,2047,715
9105,9105,0,2046,510
9106,9106,0,2047,334
9107,9107,0,2046,188
9108,9108,0,2046,75
9109,9109,0,2045,0
9110,9110,0,2046,0
9111,9111,0,2046,0
9112,9112,0,2047,0
9113,9113,0,2046,66
9114,9114,0,2046,174
9115,9115,0,2046,317
9116,9116,0,2046,490
9117,9117,0,2046,692
9118,9118,0,2046,918
9119,9119,0,2047,1164
9120,9120,0,2046,1426
9121,9121,0,2047,1697
9122,9122,0,2046,1977
9123,9123,0,2046,2257
9124,9124,0,2046,2532
9125,9125,0,2046,2798
9126,9126,0,2047,3051
9127,9127,0,2047,3287
9128,9128,0,2047,3498
9129,9129,0,2047,3684
9130,9130,0,2047,3840
9131,9131,0,2047,3963
9132,9132,0,2046,4051
9133,9133,0,2047,4095
9134,9134,0,2046,4095
9135,9135,0,2047,4095
9136,9136,0,2046,4037
9137,9137,0,2046,3942
9138,9138,0,2047,3811
9139,9139,0,2046,3650
9140,9140,0,2046,3459
9141,9141,0,2046,3243
9142,9142,0,2046,3004
9143,9143,0,2047,2748
9144,9144,0,2046,2479
9145,9145,0,2047,2201
9146,9146,0,2046,1921
9147,9147,0,2046,1643
9148,9148,0,2047,1371
9149,9149,0,2047,1113
9150,9150,0,2047,870
9151,9151,0,2047,647
9152,9152,0,2046,452
9153,9153,0,2046,284
9154,9154,0,2047,148
9155,9155,0,2047,47
9156,9156,0,2047,0
9157,9157,0,2046,0
9158,9158,0,2046,0
9159,9159,0,2047,12
9160,9160,0,2046,97
9161,9161,0,2046,216
9162,9162,0,2046,368
9163,9163,0,2047,551
9164,9164,0,2046,760
9165,9165,0,2047,992
9166,9166,0,2046,1244
9167,9167,0,2047,1510
9168,9168,0,2046,1785
9169,9169,0,2046,2065
9170,9170,0,2047,2344
9171,9171,0,2047,2616
9172,9172,0,2046,2880
9173,9173,0,2047,3128
9174,9174,0,2046,3356
9175,9175,0,2046,3559
9176,9176,0,2046,3736
9177,9177,0,2047,3882
9178,9178,0,2046,3994
9179,9179,0,2047,4072
9180,9180,0,2047,4095
9181,9181,0,2047,4095
9182,9182,0,2046,4082
9183,9183,0,2046,4011
9184,9184,0,2046,3905
9185,9185,0,2047,3764
9186,9186,0,2046,3593
9187,9187,0,2047,3393
9188,9188,0,2047,3169
9189,9189,0,2047,2925
9190,9190,0,2046,2664
9191,9191,0,2046,2392
9192,9192,0,2047,2113
9193,9193,0,2046,1834
9194,9194,0,2046,1556
9195,9195,0,2046,1289
9196,9196,0,2046,1034
9197,9197,0,2047,798
9198,9198,0,2047,583
9199,9199,0,2047,396
9200,9200,0,2047,238
9201,9201,0,2046,112
9202,9202,0,2046,23
9203,9203,0,2047,0
9204,9204,0,2046,0
9205,9205,0,2047,0
9206,9206,0,2047,34
9207,9207,0,2046,131
9208,9208,0,2046,260
9209,9209,0,2046,423
9210,9210,0,2046,614
9211,9211,0,2047,831
9212,9212,0,2047,1071
9213,9213,0,2046,1327
9214,9214,0,2046,1596
9215,9215,0,2047,1872
9216,9216,0,2046,2153
9217,9217,0,2047,2430
9218,9218,0,2046,2701
9219,9219,0,2046,2959
9220,9220,0,2046,3202
9221,9221,0,2046,3422
9222,9222,0,2046,3618
9223,9223,0,2046,3785
9224,9224,0,2046,3921
9225,9225,0,2046,4023
9226,9226,0,2047,4089
9227,9227,0,2046,4095
9228,9228,0,2046,4095
9229,9229,0,2047,4064
9230,9230,0,2046,3982
9231,9231,0,2046,3864
9232,9232,0,2046,3714
9233,9233,0,2047,3533
9234,9234,0,2047,3325
9235,9235,0,2047,3094
9236,9236,0,2047,2845
9237,9237,0,2046,2579
9238,9238,0,2046,2305
9239,9239,0,2046,2025
9240,9240,0,2047,1746
9241,9241,0,2047,1471
9242,9242,0,2046,1207
9243,9243,0,2046,957
9244,9244,0,2046,727
9245,9245,0,2047,521
9246,9246,0,2047,343
9247,9247,0,2047,195
9248,9248,0,2046,80
9249,9249,0,2047,1
9250,9250,0,2046,0
9251,9251,0,2046,0
9252,9252,0,2047,0
9253,9253,0,2047,60
9254,9254,0,2046,166
9255,9255,0,2047,308
9256,9256,0,2046,479
9257,9257,0,2046,680
9258,9258,0,2047,905
9259,9259,0,2047,1149
9260,9260,0,2047,1410
9261,9261,0,2046,1682
9262,9262,0,2047,1960
9263,9263,0,2046,2241
9264,9264,0,2046,2517
9265,9265,0,2046,2784
9266,9266,0,2046,3037
9267,9267,0,2047,3273
9268,9268,0,2047,3487
9269,9269,0,2047,3674
9270,9270,0,2046,3832
9271,9271,0,2047,3957
9272,9272,0,2047,4048
9273,9273,0,2046,4095
9274,9274,0,2046,4095
9275,9275,0,2047,4095
9276,9276,0,2047,4042
9277,9277,0,2046,3948
9278,9278,0,2046,3820
9279,9279,0,2047,3660
9280,9280,0,2046,3470
9281,9281,0,2047,3256
9282,9282,0,2047,3017
9283,9283,0,2046,2763
9284,9284,0,2046,2494
9285,9285,0,2046,2217
9286,9286,0,2046,1937
9287,9287,0,2047,1659
9288,9288,0,2046,1386
9289,9289,0,2046,1126
9290,9290,0,2046,883
9291,9291,0,2047,660
9292,9292,0,2046,462
9293,9293,0,2047,292
9294,9294,0,2047,155
9295,9295,0,2047,51
9296,9296,0,2047,0
9297,9297,0,2047,0
9298,9298,0,2047,0
9299,9299,0,2046,8
9300,9300,0,2047,90
9301,9301,0,2046,207
9302,9302,0,2046,358
9303,9303,0,2047,540
9304,9304,0,2046,748
9305,9305,0,2047,979
9306,9306,0,2046,1230
9307,9307,0,2046,1495
9308,9308,0,2046,1770
9309,9309,0,2047,2049
9310,9310,0,2047,2328
9311,9311,0,2047,2602
9312,9312,0,2046,2866
9313,9313,0,2046,3114
9314,9314,0,2046,3343
9315,9315,0,2047,3548
9316,9316,0,2047,3728
9317,9317,0,2047,3875
9318,9318,0,2046,3989
9319,9319,0,2046,4069
9320,9320,0,2046,4095
9321,9321,0,2047,4095
9322,9322,0,2046,4085
9323,9323,0,2046,4017
9324,9324,0,2046,3912
9325,9325,0,2047,3773
9326,9326,0,2046,3604
9327,9327,0,2046,3406
9328,9328,0,2047,3183
9329,9329,0,2047,2940
9330,9330,0,2046,2679
9331,9331,0,2047,2408
9332,9332,0,2046,2129
9333,9333,0,2047,1849
9334,9334,0,2046,1572
9335,9335,0,2046,1303
9336,9336,0,2047,1047
9337,9337,0,2047,809
9338,9338,0,2047,594
9339,9339,0,2047,405
9340,9340,0,2046,245
9341,9341,0,2046,119
9342,9342,0,2046,26
9343,9343,0,2046,0
9344,9344,0,2047,0
9345,9345,0,2046,0
9346,9346,0,2046,30
9347,9347,0,2047,123
9348,9348,0,2046,252
9349,9349,0,2046,412
9350,9350,0,2047,603
9351,9351,0,2046,818
9352,9352,0,2047,1056
9353,9353,0,2047,1311
9354,9354,0,2046,1580
9355,9355,0,2047,1857
9356,9356,0,2047,2136
9357,9357,0,2046,2414
9358,9358,0,2046,2686
9359,9359,0,2047,2945
9360,9360,0,2047,3188
9361,9361,0,2047,3410
9362,9362,0,2047,3608
9363,9363,0,2047,3777
9364,9364,0,2047,3915
9365,9365,0,2047,4018
9366,9366,0,2046,4087
9367,9367,0,2046,4095
9368,9368,0,2046,4095
9369,9369,0,2046,4067
9370,9370,0,2047,3987
9371,9371,0,2046,3871
9372,9372,0,2047,3723
9373,9373,0,2046,3545
9374,9374,0,2047,3339
9375,9375,0,2047,3108
9376,9376,0,2047,2860
9377,9377,0,2046,2595
9378,9378,0,2046,2320
9379,9379,0,2046,2041
9380,9380,0,2047,1761
9381,9381,0,2046,1486
9382,9382,0,2047,1222
9383,9383,0,2046,971
9384,9384,0,2047,740
9385,9385,0,2046,532
9386,9386,0,2047,352
9387,9387,0,2046,202
9388,9388,0,2047,86
9389,9389,0,2046,5
9390,9390,0,2047,0
9391,9391,0,2046,0
9392,9392,0,2047,0
9393,9393,0,2046,55
9394,9394,0,2046,160
9395,9395,0,2046,299
9396,9396,0,2046,469
9397,9397,0,2046,667
9398,9398,0,2047,891
9399,9399,0,2047,1135
9400,9400,0,2046,1395
9401,9401,0,2046,1667
9402,9402,0,2046,1945
9403,9403,0,2047,2225
9404,9404,0,2047,2501
9405,9405,0,2046,2768
9406,9406,0,2046,3024
9407,9407,0,2047,3260
9408,9408,0,2046,3475
9409,9409,0,2047,3664
9410,9410,0,2046,3823
9411,9411,0,2046,3951
9412,9412,0,2046,4044
9413,9413,0,2046,4095
9414,9414,0,2047,4095
9415,9415,0,2047,4095
9416,9416,0,2046,4046
9417,9417,0,2047,3955
9418,9418,0,2046,3829
9419,9419,0,2046,3670
9420,9420,0,2046,3483
9421,9421,0,2047,3268
9422,9422,0,2047,3032
9423,9423,0,2047,2778
9424,9424,0,2046,2510
9425,9425,0,2047,2234
9426,9426,0,2046,1953
9427,9427,0,2046,1674
9428,9428,0,2046,1402
9429,9429,0,2046,1140
9430,9430,0,2046,896
9431,9431,0,2046,672
9432,9432,0,2046,472
9433,9433,0,2047,302
9434,9434,0,2046,162
9435,9435,0,2046,57
9436,9436,0,2047,0
9437,9437,0,2047,0
9438,9438,0,2047,0
9439,9439,0,2047,4
9440,9440,0,2046,85
9441,9441,0,2046,200
9442,9442,0,2046,350
9443,9443,0,2046,529
9444,9444,0,2046,735
9445,9445,0,2046,965
9446,9446,0,2047,1215
9447,9447,0,2046,1480
9448,9448,0,2047,1754
9449,9449,0,2047,2033
9450,9450,0,2047,2312
9451,9451,0,2047,2587
9452,9452,0,2046,2851
9453,9453,0,2047,3100
9454,9454,0,2046,3330
9455,9455,0,2046,3538
9456,9456,0,2046,3718
9457,9457,0,2046,3868
9458,9458,0,2046,3984
9459,9459,0,2046,4065
9460,9460,0,2046,4095
9461,9461,0,2046,4095
9462,9462,0,2046,4088
9463,9463,0,2047,4022
9464,9464,0,2047,3919
9465,9465,0,2046,3782
9466,9466,0,2047,3615
9467,9467,0,2047,3418
9468,9468,0,2047,3196
9469,9469,0,2047,2953
9470,9470,0,2047,2694
9471,9471,0,2046,2423
9472,9472,0,2046,2144
9473,9473,0,2046,1864
9474,9474,0,2047,1587
9475,9475,0,2047,1318
9476,9476,0,2047,1062
9477,9477,0,2047,822
9478,9478,0,2047,606
9479,9479,0,2047,415
9480,9480,0,2046,254
9481,9481,0,2046,125
9482,9482,0,2046,31
9483,9483,0,2046,0
9484,9484,0,2046,0
9485,9485,0,2046,0
9486,9486,0,2047,26
9487,9487,0,2046,117
9488,9488,0,2046,244
9489,9489,0,2045,402
9490,9490,0,2047,591
9491,9491,0,2046,806
9492,9492,0,2047,1042
9493,9493,0,2047,1298
9494,9494,0,2046,1565
9495,9495,0,2047,1841
9496,9496,0,2046,2122
9497,9497,0,2047,2399
9498,9498,0,2046,2671
9499,9499,0,2047,2931
9500,9500,0,2047,3175
9501,9501,0,2046,3398
9502,9502,0,2046,3597
9503,9503,0,2047,3768
9504,9504,0,2046,3908
9505,9505,0,2046,4013
9506,9506,0,2046,4084
9507,9507,0,2046,4095
9508,9508,0,2046,4095
9509,9509,0,2047,4071
9510,9510,0,2046,3993
9511,9511,0,2046,3880
9512,9512,0,2046,3732
9513,9513,0,2046,3555
9514,9514,0,2046,3350
9515,9515,0,2046,3123
9516,9516,0,2046,2873
9517,9517,0,2046,2611
9518,9518,0,2046,2337
9519,9519,0,2046,2057
9520,9520,0,2046,1776
9521,9521,0,2047,1501
9522,9522,0,2046,1236
9523,9523,0,2047,984
9524,9524,0,2047,752
9525,9525,0,2046,544
9526,9526,0,2046,361
9527,9527,0,2046,210
9528,9528,0,2047,91
9529,9529,0,2046,7
9530,9530,0,2046,0
9531,9531,0,2047,0
9532,9532,0,2046,0
9533,9533,0,2047,51
9534,9534,0,2046,153
9535,9535,0,2047,291
9536,9536,0,2046,459
9537,9537,0,2046,656
9538,9538,0,2046,878
9539,9539,0,2046,1121
9540,9540,0,2046,1379
9541,9541,0,2047,1651
9542,9542,0,2046,1929
9543,9543,0,2047,2209
9544,9544,0,2046,2486
9545,9545,0,2047,2754
9546,9546,0,2047,3010
9547,9547,0,2046,3248
9548,9548,0,2046,3464
9549,9549,0,2047,3654
9550,9550,0,2047,3816
9551,9551,0,2046,3945
9552,9552,0,2046,4039
9553,9553,0,2046,4095
9554,9554,0,2046,4095
9555,9555,0,2047,4095
9556,9556,0,2047,4050
9557,9557,0,2046,3961
9558,9558,0,2047,3837
9559,9559,0,2046,3680
9560,9560,0,2047,3494
9561,9561,0,2047,3281
9562,9562,0,2046,3046
9563,9563,0,2047,2792
9564,9564,0,2047,2524
9565,9565,0,2046,2248
9566,9566,0,2047,1969
9567,9567,0,2047,1689
9568,9568,0,2046,1417
9569,9569,0,2047,1155
9570,9570,0,2047,909
9571,9571,0,2046,683
9572,9572,0,2046,483
9573,9573,0,2047,310
9574,9574,0,2047,169
9575,9575,0,2047,61
9576,9576,0,2046,0
9577,9577,0,2046,0
9578,9578,0,2047,0
9579,9579,0,2046,1
9580,9580,0,2047,79
9581,9581,0,2046,192
9582,9582,0,2047,340
9583,9583,0,2046,518
9584,9584,0,2046,723
9585,9585,0,2047,952
9586,9586,0,2047,1201
9587,9587,0,2047,1465
9588,9588,0,2046,1738
9589,9589,0,2045,2017
9590,9590,0,2046,2296
9591,9591,0,2046,2572
9592,9592,0,2046,2837
9593,9593,0,2046,3086
9594,9594,0,2047,3318
9595,9595,0,2046,3526
9596,9596,0,2046,3709
9597,9597,0,2046,3860
9598,9598,0,2046,3978
9599,9599,0,2047,4062
9600,9600,0,2046,4095
9601,9601,0,2046,4095
9602,9602,0,2046,4090
9603,9603,0,2046,4026
9604,9604,0,2046,3926
9605,9605,0,2046,3790
9606,9606,0,2047,3624
9607,9607,0,2047,3429
9608,9608,0,2047,3209
9609,9609,0,2047,2967
9610,9610,0,2046,2710
9611,9611,0,2047,2439
9612,9612,0,2046,2160
9613,9613,0,2046,1880
9614,9614,0,2046,1603
9615,9615,0,2047,1333
9616,9616,0,2047,1076
9617,9617,0,2046,835
9618,9618,0,2046,617
9619,9619,0,2046,425
9620,9620,0,2047,262
9621,9621,0,2046,131
9622,9622,0,2047,36
9623,9623,0,2046,0
9624,9624,0,2047,0
9625,9625,0,2046,0
9626,9626,0,2047,21
9627,9627,0,2047,111
9628,9628,0,2046,236
9629,9629,0,2046,393
9630,9630,0,2047,580
9631,9631,0,2046,793
9632,9632,0,2047,1029
9633,9633,0,2047,1282
9634,9634,0,2046,1550
9635,9635,0,2047,1825
9636,9636,0,2047,2105
9637,9637,0,2046,2383
9638,9638,0,2046,2655
9639,9639,0,2046,2917
9640,9640,0,2047,3162
9641,9641,0,2046,3386
9642,9642,0,2047,3587
9643,9643,0,2046,3759
9644,9644,0,2046,3901
9645,9645,0,2046,4009
9646,9646,0,2046,4081
9647,9647,0,2046,4095
9648,9648,0,2047,4095
9649,9649,0,2046,4074
9650,9650,0,2047,3998
9651,9651,0,2046,3886
9652,9652,0,2047,3741
9653,9653,0,2047,3566
9654,9654,0,2046,3363
9655,9655,0,2046,3135
9656,9656,0,2047,2888
9657,9657,0,2046,2626
9658,9658,0,2046,2351
9659,9659,0,2047,2073
9660,9660,0,2047,1792
9661,9661,0,2046,1517
9662,9662,0,2046,1250
9663,9663,0,2046,998
9664,9664,0,2046,765
9665,9665,0,2047,554
9666,9666,0,2046,370
9667,9667,0,2046,218
9668,9668,0,2046,97
9669,9669,0,2047,12
9670,9670,0,2046,0
9671,9671,0,2046,0
9672,9672,0,2046,0
9673,9673,0,2046,46
9674,9674,0,2047,146
9675,9675,0,2047,281
9676,9676,0,2046,448
9677,9677,0,2047,644
9678,9678,0,2046,865
9679,9679,0,2047,1106
9680,9680,0,2046,1365
9681,9681,0,2046,1635
9682,9682,0,2047,1913
9683,9683,0,2046,2193
9684,9684,0,2046,2470
9685,9685,0,2046,2739
9686,9686,0,2047,2996
9687,9687,0,2047,3236
9688,9688,0,2047,3453
9689,9689,0,2047,3644
9690,9690,0,2046,3808
9691,9691,0,2047,3938
9692,9692,0,2047,4035
9693,9693,0,2046,4095
9694,9694,0,2046,4095
9695,9695,0,2046,4095
9696,9696,0,2046,4054
9697,9697,0,2046,3967
9698,9698,0,2046,3844
9699,9699,0,2047,3690
9700,9700,0,2047,3505
9701,9701,0,2046,3294
9702,9702,0,2046,3060
9703,9703,0,2046,2807
9704,9704,0,2046,2540
9705,9705,0,2047,2264
9706,9706,0,2046,1984
9707,9707,0,2047,1705
9708,9708,0,2047,1432
9709,9709,0,2047,1169
9710,9710,0,2046,922
9711,9711,0,2046,696
9712,9712,0,2046,493
9713,9713,0,2047,319
9714,9714,0,2046,176
9715,9715,0,2047,66
9716,9716,0,2046,0
9717,9717,0,2046,0
9718,9718,0,2047,0
9719,9719,0,2046,0
9720,9720,0,2046,74
9721,9721,0,2046,186
9722,9722,0,2046,332
9723,9723,0,2046,507
9724,9724,0,2046,711
9725,9725,0,2046,939
9726,9726,0,2046,1186
9727,9727,0,2046,1450
9728,9728,0,2047,1723
9729,9729,0,2046,2002
9730,9730,0,2046,2281
9731,9731,0,2046,2557
9732,9732,0,2046,2821
9733,9733,0,2046,3073
9734,9734,0,2047,3306
9735,9735,0,2046,3516
9736,9736,0,2046,3699
9737,9737,0,2046,3853
9738,9738,0,2046,3972
9739,9739,0,2046,4058
9740,9740,0,2046,4095
9741,9741,0,2047,4095
9742,9742,0,2046,4093
9743,9743,0,2047,4030
9744,9744,0,2046,3932
9745,9745,0,2047,3798
9746,9746,0,2047,3634
9747,9747,0,2047,3441
9748,9748,0,2046,3222
9749,9749,0,2046,2982
9750,9750,0,2047,2725
9751,9751,0,2046,2454
9752,9752,0,2046,2177
9753,9753,0,2046,1897
9754,9754,0,2047,1618
9755,9755,0,2047,1347
9756,9756,0,2047,1090
9757,9757,0,2047,849
9758,9758,0,2047,629
9759,9759,0,2047,436
9760,9760,0,2047,270
9761,9761,0,2047,137
9762,9762,0,2047,40
9763,9763,0,2046,0
9764,9764,0,2046,0
9765,9765,0,2047,0
9766,9766,0,2047,17
9767,9767,0,2046,105
9768,9768,0,2046,228
9769,9769,0,2047,383
9770,9770,0,2047,568
9771,9771,0,2047,781
9772,9772,0,2046,1014
9773,9773,0,2047,1267
9774,9774,0,2046,1534
9775,9775,0,2046,1810
9776,9776,0,2046,2089
9777,9777,0,2046,2369
9778,9778,0,2046,2641
9779,9779,0,2046,2902
9780,9780,0,2047,3148
9781,9781,0,2047,3375
9782,9782,0,2046,3577
9783,9783,0,2047,3750
9784,9784,0,2046,3894
9785,9785,0,2046,4003
9786,9786,0,2046,4077
9787,9787,0,2046,4095
9788,9788,0,2046,4095
9789,9789,0,2047,4078
9790,9790,0,2046,4003
9791,9791,0,2047,3894
9792,9792,0,2047,3751
9793,9793,0,2046,3577
9794,9794,0,2046,3374
9795,9795,0,2046,3149
9796,9796,0,2046,2903
9797,9797,0,2047,2641
9798,9798,0,2047,2367
9799,9799,0,2047,2089
9800,9800,0,2047,1808
9801,9801,0,2046,1532
9802,9802,0,2047,1265
9803,9803,0,2046,1012
9804,9804,0,2046,777
9805,9805,0,2047,565
9806,9806,0,2046,380
9807,9807,0,2046,225
9808,9808,0,2047,104
9809,9809,0,2046,16
9810,9810,0,2047,0
9811,9811,0,2046,0
9812,9812,0,2046,0
9813,9813,0,2046,41
9814,9814,0,2046,140
9815,9815,0,2047,273
9816,9816,0,2047,438
9817,9817,0,2047,632
9818,9818,0,2046,852
9819,9819,0,2046,1092
9820,9820,0,2046,1350
9821,9821,0,2047,1621
9822,9822,0,2046,1898
9823,9823,0,2047,2178
9824,9824,0,2046,2454
9825,9825,0,2046,2725
9826,9826,0,2046,2982
9827,9827,0,2047,3223
9828,9828,0,2047,3442
9829,9829,0,2047,3634
9830,9830,0,2047,3799
9831,9831,0,2046,3932
9832,9832,0,2047,4031
9833,9833,0,2046,4093
9834,9834,0,2046,4095
9835,9835,0,2046,4095
9836,9836,0,2047,4058
9837,9837,0,2047,3973
9838,9838,0,2047,3852
9839,9839,0,2046,3699
9840,9840,0,2047,3516
9841,9841,0,2046,3306
9842,9842,0,2047,3073
9843,9843,0,2046,2822
9844,9844,0,2046,2555
9845,9845,0,2047,2281
9846,9846,0,2046,2000
9847,9847,0,2046,1721
9848,9848,0,2048,1447
9849,9849,0,2047,1183
9850,9850,0,2046,936
9851,9851,0,2047,708
9852,9852,0,2046,504
9853,9853,0,2046,328
9854,9854,0,2046,183
9855,9855,0,2046,72
9856,9856,0,2046,0
9857,9857,0,2046,0
9858,9858,0,2047,0
9859,9859,0,2047,0
9860,9860,0,2047,69
9861,9861,0,2047,178
9862,9862,0,2047,323
9863,9863,0,2047,496
9864,9864,0,2046,699
9865,9865,0,2047,925
9866,9866,0,2047,1172
9867,9867,0,2046,1434
9868,9868,0,2047,1707
9869,9869,0,2046,1986
9870,9870,0,2046,2265
9871,9871,0,2046,2540
9872,9872,0,2046,2807
9873,9873,0,2046,3060
9874,9874,0,2047,3294
9875,9875,0,2046,3505
9876,9876,0,2047,3689
9877,9877,0,2046,3844
9878,9878,0,2046,3966
9879,9879,0,2047,4054
9880,9880,0,2047,4095
9881,9881,0,2046,4095
9882,9882,0,2046,4095
9883,9883,0,2047,4035
9884,9884,0,2047,3939
9885,9885,0,2046,3807
9886,9886,0,2046,3645
9887,9887,0,2047,3452
9888,9888,0,2046,3235
9889,9889,0,2046,2995
9890,9890,0,2047,2739
9891,9891,0,2046,2469
9892,9892,0,2047,2194
9893,9893,0,2047,1912
9894,9894,0,2047,1634
9895,9895,0,2047,1363
9896,9896,0,2047,1104
9897,9897,0,2047,861
9898,9898,0,2047,641
9899,9899,0,2047,446
9900,9900,0,2046,279
9901,9901,0,2047,145
9902,9902,0,2046,44
9903,9903,0,2046,0
9904,9904,0,2046,0
9905,9905,0,2046,0
9906,9906,0,2047,14
9907,9907,0,2047,99
9908,9908,0,2047,220
9909,9909,0,2047,374
9910,9910,0,2047,557
9911,9911,0,2047,768
9912,9912,0,2046,1001
9913,9913,0,2047,1253
9914,9914,0,2046,1519
9915,9915,0,2046,1794
9916,9916,0,2046,2074
9917,9917,0,2046,2353
9918,9918,0,2047,2626
9919,9919,0,2046,2889
9920,9920,0,2046,3135
9921,9921,0,2047,3362
9922,9922,0,2046,3566
9923,9923,0,2046,3742
9924,9924,0,2046,3887
9925,9925,0,2047,3998
9926,9926,0,2047,4075
9927,9927,0,2046,4095
9928,9928,0,2047,4095
9929,9929,0,2046,4081
9930,9930,0,2046,4009
9931,9931,0,2046,3901
9932,9932,0,2046,3759
9933,9933,0,2046,3588
9934,9934,0,2047,3387
9935,9935,0,2047,3161
9936,9936,0,2046,2916
9937,9937,0,2046,2655
9938,9938,0,2046,2383
9939,9939,0,2046,2104
9940,9940,0,2047,1824
9941,9941,0,2046,1547
9942,9942,0,2046,1280
9943,9943,0,2047,1026
9944,9944,0,2047,790
9945,9945,0,2046,576
9946,9946,0,2047,389
9947,9947,0,2046,233
9948,9948,0,2047,109
9949,9949,0,2047,20
9950,9950,0,2046,0
9951,9951,0,2047,0
9952,9952,0,2047,0
9953,9953,0,2046,36
9954,9954,0,2047,134
9955,9955,0,2047,264
9956,9956,0,2046,429
9957,9957,0,2046,620
9958,9958,0,2047,839
9959,9959,0,2047,1078
9960,9960,0,2047,1335
9961,9961,0,2046,1605
9962,9962,0,2047,1882
9963,9963,0,2047,2162
9964,9964,0,2047,2439
9965,9965,0,2047,2709
9966,9966,0,2047,2969
9967,9967,0,2047,3209
9968,9968,0,2047,3429
9969,9969,0,2047,3624
9970,9970,0,2046,3790
9971,9971,0,2048,3926
9972,9972,0,2047,4026
9973,9973,0,2047,4091
9974,9974,0,2046,4095
9975,9975,0,2046,4095
9976,9976,0,2047,4062
9977,9977,0,2047,3978
9978,9978,0,2046,3860
9979,9979,0,2047,3708
9980,9980,0,2047,3527
9981,9981,0,2047,3319
9982,9982,0,2046,3087
9983,9983,0,2047,2836
9984,9984,0,2047,2571
9985,9985,0,2046,2296
9986,9986,0,2046,2015
9987,9987,0,2046,1737
9988,9988,0,2047,1462
9989,9989,0,2046,1198
9990,9990,0,2046,950
9991,9991,0,2046,720
9992,9992,0,2046,515
9993,9993,0,2046,337
9994,9994,0,2046,190
9995,9995,0,2046,77
9996,9996,0,2046,0
9997,9997,0,2046,0
9998,9998,0,2047,0
9999,9999,0,2047,0
10000,10000,0,2047,63
10001,10001,0,2047,172
10002,10002,0,2047,313
10003,10003,0,2047,486
10004,10004,0,2047,687
10005,10005,0,2046,912
10006,10006,0,2046,1157
10007,10007,0,2046,1420
10008,10008,0,2047,1692
10009,10009,0,2047,1970
10010,10010,0,2047,2250
10011,10011,0,2046,2525
10012,10012,0,2046,2792
10013,10013,0,2046,3046
10014,10014,0,2046,3280
10015,10015,0,2047,3493
10016,10016,0,2046,3680
10017,10017,0,2046,3836
10018,10018,0,2047,3961
10019,10019,0,2047,4050
10020,10020,0,2047,4095
10021,10021,0,2047,4095
10022,10022,0,2046,4095
10023,10023,0,2046,4039
10024,10024,0,2046,3944
10025,10025,0,2047,3816
10026,10026,0,2046,3654
10027,10027,0,2046,3464
10028,10028,0,2047,3247
10029,10029,0,2046,3009
10030,10030,0,2047,2753
10031,10031,0,2046,2485
10032,10032,0,2046,2208
10033,10033,0,2046,1927
10034,10034,0,2047,1649
10035,10035,0,2046,1378
10036,10036,0,2046,1118
10037,10037,0,2046,874
10038,10038,0,2047,653
10039,10039,0,2046,456
10040,10040,0,2046,288
10041,10041,0,2046,151
10042,10042,0,2047,48
10043,10043,0,2046,0
10044,10044,0,2047,0
10045,10045,0,2047,0
10046,10046,0,2047,10
10047,10047,0,2046,94
10048,10048,0,2047,212
10049,10049,0,2046,365
10050,10050,0,2047,546
10051,10051,0,2047,755
10052,10052,0,2046,987
10053,10053,0,2046,1238
10054,10054,0,2046,1504
10055,10055,0,2046,1779
10056,10056,0,2046,2058
10057,10057,0,2046,2337
10058,10058,0,2047,2610
10059,10059,0,2046,2873
10060,10060,0,2046,3121
10061,10061,0,2047,3350
10062,10062,0,2046,3555
10063,10063,0,2046,3732
10064,10064,0,2046,3879
10065,10065,0,2046,3992
10066,10066,0,2046,4071
10067,10067,0,2046,4095
10068,10068,0,2046,4095
10069,10069,0,2047,4083
10070,10070,0,2046,4013
10071,10071,0,2046,3908
10072,10072,0,2046,3768
10073,10073,0,2046,3598
10074,10074,0,2046,3399
10075,10075,0,2047,3175
10076,10076,0,2047,2931
10077,10077,0,2046,2670
10078,10078,0,2046,2398
10079,10079,0,2046,2120
10080,10080,0,2046,1840
10081,10081,0,2047,1563
10082,10082,0,2047,1294
10083,10083,0,2047,1039
10084,10084,0,2047,803
10085,10085,0,2047,588
10086,10086,0,2046,400
10087,10087,0,2047,241
10088,10088,0,2046,115
10089,10089,0,2046,24
10090,10090,0,2047,0
10091,10091,0,2046,0
10092,10092,0,2047,0
10093,10093,0,2047,32
10094,10094,0,2046,127
10095,10095,0,2047,257
10096,10096,0,2046,418
10097,10097,0,2047,608
10098,10098,0,2046,826
10099,10099,0,2046,1065
10100,10100,0,2046,1320
10101,10101,0,2047,1590
10102,10102,0,2046,1866
10103,10103,0,2046,2146
10104,10104,0,2046,2423
10105,10105,0,2046,2695
10106,10106,0,2046,2953
10107,10107,0,2046,3196
10108,10108,0,2047,3417
10109,10109,0,2046,3613
10110,10110,0,2046,3781
10111,10111,0,2047,3919
10112,10112,0,2047,4021
10113,10113,0,2047,4088
10114,10114,0,2047,4095
10115,10115,0,2047,4095
10116,10116,0,2046,4065
10117,10117,0,2047,3984
10118,10118,0,2046,3867
10119,10119,0,2046,3717
10120,10120,0,2047,3538
10121,10121,0,2046,3331
10122,10122,0,2046,3100
10123,10123,0,2047,2851
10124,10124,0,2046,2586
10125,10125,0,2046,2312
10126,10126,0,2046,2032
10127,10127,0,2046,1752
10128,10128,0,2047,1478
10129,10129,0,2046,1213
10130,10130,0,2047,963
10131,10131,0,2046,733
10132,10132,0,2046,526
10133,10133,0,2046,346
10134,10134,0,2047,198
10135,10135,0,2046,82
10136,10136,0,2046,3
10137,10137,0,2046,0
10138,10138,0,2047,0
10139,10139,0,2046,0
10140,10140,0,2046,58
10141,10141,0,2046,164
10142,10142,0,2046,305
10143,10143,0,2046,475
10144,10144,0,2046,674
10145,10145,0,2046,899
10146,10146,0,2046,1143
10147,10147,0,2046,1404
10148,10148,0,2047,1677
10149,10149,0,2045,1954
10150,10150,0,2047,2234
10151,10151,0,2046,2510
10152,10152,0,2046,2777
10153,10153,0,2047,3032
10154,10154,0,2047,3268
10155,10155,0,2047,3482
10156,10156,0,2047,3670
10157,10157,0,2046,3828
10158,10158,0,2046,3954
10159,10159,0,2046,4046
10160,10160,0,2047,4095
10161,10161,0,2047,4095
10162,10162,0,2047,4095
10163,10163,0,2046,4044
10164,10164,0,2046,3951
10165,10165,0,2047,3824
10166,10166,0,2046,3664
10167,10167,0,2046,3476
10168,10168,0,2047,3261
10169,10169,0,2046,3024
10170,10170,0,2046,2769
10171,10171,0,2047,2501
10172,10172,0,2046,2223
10173,10173,0,2047,1943
10174,10174,0,2047,1665
10175,10175,0,2046,1393
10176,10176,0,2047,1133
10177,10177,0,2046,887
10178,10178,0,2047,665
10179,10179,0,2047,466
10180,10180,0,2046,296
10181,10181,0,2046,158
10182,10182,0,2046,53
10183,10183,0,2046,0
10184,10184,0,2046,0
10185,10185,0,2046,0
10186,10186,0,2046,6
10187,10187,0,2047,87
10188,10188,0,2046,204
10189,10189,0,2046,354
10190,10190,0,2046,535
10191,10191,0,2046,743
10192,10192,0,2047,973
10193,10193,0,2047,1223
10194,10194,0,2046,1488
10195,10195,0,2047,1763
10196,10196,0,2047,2042
10197,10197,0,2046,2321
10198,10198,0,2046,2595
10199,10199,0,2046,2859
10200,10200,0,2047,3109
10201,10201,0,2047,3337
10202,10202,0,2047,3544
10203,10203,0,2047,3723
10204,10204,0,2046,3871
10205,10205,0,2047,3987
10206,10206,0,2046,4067
10207,10207,0,2047,4095
10208,10208,0,2047,4095
10209,10209,0,2046,4086
10210,10210,0,2046,4018
10211,10211,0,2046,3915
10212,10212,0,2047,3777
10213,10213,0,2046,3608
10214,10214,0,2047,3411
10215,10215,0,2047,3189
10216,10216,0,2047,2945
10217,10217,0,2047,2685
10218,10218,0,2047,2414
10219,10219,0,2046,2136
10220,10220,0,2046,1856
10221,10221,0,2047,1579
10222,10222,0,2047,1310
10223,10223,0,2047,1053
10224,10224,0,2046,816
10225,10225,0,2046,599
10226,10226,0,2047,409
10227,10227,0,2046,250
10228,10228,0,2046,121
10229,10229,0,2047,29
10230,10230,0,2047,0
10231,10231,0,2047,0
10232,10232,0,2046,0
10233,10233,0,2047,28
10234,10234,0,2046,121
10235,10235,0,2046,249
10236,10236,0,2046,408
10237,10237,0,2047,598
10238,10238,0,2046,813
10239,10239,0,2046,1050
10240,10240,0,2046,1306
10241,10241,0,2047,1574
10242,10242,0,2046,1851
10243,10243,0,2046,2130
10244,10244,0,2046,2408
10245,10245,0,2046,2680
10246,10246,0,2047,2939
10247,10247,0,2047,3183
10248,10248,0,2047,3405
10249,10249,0,2047,3604
10250,10250,0,2047,3773
10251,10251,0,2047,3913
10252,10252,0,2046,4016
10253,10253,0,2047,4086
10254,10254,0,2047,4095
10255,10255,0,2047,4095
10256,10256,0,2046,4069
10257,10257,0,2046,3990
10258,10258,0,2047,3875
10259,10259,0,2046,3728
10260,10260,0,2046,3549
10261,10261,0,2046,3344
10262,10262,0,2047,3114
10263,10263,0,2047,2865
10264,10264,0,2046,2601
10265,10265,0,2046,2327
10266,10266,0,2046,2048
10267,10267,0,2046,1768
10268,10268,0,2046,1492
10269,10269,0,2047,1228
10270,10270,0,2046,977
10271,10271,0,2046,745
10272,10272,0,2046,537
10273,10273,0,2046,356
10274,10274,0,2046,204
10275,10275,0,2047,88
10276,10276,0,2046,6
10277,10277,0,2046,0
10278,10278,0,2047,0
10279,10279,0,2046,0
10280,10280,0,2047,54
10281,10281,0,2046,157
10282,10282,0,2047,295
10283,10283,0,2047,464
10284,10284,0,2047,662
10285,10285,0,2046,886
10286,10286,0,2047,1129
10287,10287,0,2046,1389
10288,10288,0,2046,1660
10289,10289,0,2046,1938
10290,10290,0,2047,2219
10291,10291,0,2046,2494
10292,10292,0,2047,2763
10293,10293,0,2046,3018
10294,10294,0,2046,3255
10295,10295,0,2046,3471
10296,10296,0,2046,3659
10297,10297,0,2047,3821
10298,10298,0,2047,3949
10299,10299,0,2046,4042
10300,10300,0,2047,4095
10301,10301,0,2046,4095
10302,10302,0,2046,4095
10303,10303,0,2046,4048
10304,10304,0,2047,3958
10305,10305,0,2047,3831
10306,10306,0,2047,3675
10307,10307,0,2046,3488
10308,10308,0,2047,3274
10309,10309,0,2046,3038
10310,10310,0,2046,2784
10311,10311,0,2046,2516
10312,10312,0,2046,2240
10313,10313,0,2047,1960
10314,10314,0,2046,1681
10315,10315,0,2046,1408
10316,10316,0,2047,1147
10317,10317,0,2045,902
10318,10318,0,2047,677
10319,10319,0,2046,477
10320,10320,0,2046,305
10321,10321,0,2047,164
10322,10322,0,2047,59
10323,10323,0,2046,0
10324,10324,0,2046,0
10325,10325,0,2046,0
10326,10326,0,2046,3
10327,10327,0,2047,82
10328,10328,0,2047,197
10329,10329,0,2047,345
10330,10330,0,2047,524
10331,10331,0,2047,729
10332,10332,0,2046,960
10333,10333,0,2047,1209
10334,10334,0,2046,1472
10335,10335,0,2046,1747
10336,10336,0,2046,2026
10337,10337,0,2046,2306
10338,10338,0,2046,2581
10339,10339,0,2047,2844
10340,10340,0,2046,3094
10341,10341,0,2047,3325
10342,10342,0,2047,3533
10343,10343,0,2046,3714
10344,10344,0,2046,3864
10345,10345,0,2046,3981
10346,10346,0,2046,4064
10347,10347,0,2047,4095
10348,10348,0,2046,4095
10349,10349,0,2046,4089
10350,10350,0,2046,4023
10351,10351,0,2046,3922
10352,10352,0,2047,3786
10353,10353,0,2047,3618
10354,10354,0,2046,3423
10355,10355,0,2046,3201
10356,10356,0,2047,2959
10357,10357,0,2046,2701
10358,10358,0,2046,2430
10359,10359,0,2047,2152
10360,10360,0,2046,1871
10361,10361,0,2045,1593
10362,10362,0,2047,1324
10363,10363,0,2047,1068
10364,10364,0,2046,828
10365,10365,0,2046,611
10366,10366,0,2047,419
10367,10367,0,2047,258
10368,10368,0,2047,127
10369,10369,0,2046,32
10370,10370,0,2047,0
10371,10371,0,2046,0
10372,10372,0,2047,0
10373,10373,0,2047,24
10374,10374,0,2047,115
10375,10375,0,2046,240
10376,10376,0,2046,399
10377,10377,0,2047,587
10378,10378,0,2046,800
10379,10379,0,2046,1036
10380,10380,0,2046,1290
10381,10381,0,2046,1558
10382,10382,0,2047,1835
10383,10383,0,2046,2114
10384,10384,0,2046,2392
10385,10385,0,2046,2665
10386,10386,0,2045,2925
10387,10387,0,2046,3169
10388,10388,0,2047,3394
10389,10389,0,2047,3593
10390,10390,0,2047,3765
10391,10391,0,2047,3905
10392,10392,0,2046,4011
10393,10393,0,2047,4083
10394,10394,0,2046,4095
10395,10395,0,2047,4095
10396,10396,0,2046,4073
10397,10397,0,2047,3995
10398,10398,0,2047,3882
10399,10399,0,2046,3736
10400,10400,0,2047,3560
10401,10401,0,2046,3356
10402,10402,0,2046,3127
10403,10403,0,2047,2880
10404,10404,0,2047,2617
10405,10405,0,2047,2343
10406,10406,0,2047,2064
10407,10407,0,2047,1783
10408,10408,0,2047,1508
10409,10409,0,2046,1242
10410,10410,0,2046,990
10411,10411,0,2046,757
10412,10412,0,2046,548
10413,10413,0,2047,365
10414,10414,0,2047,213
10415,10415,0,2047,93
10416,10416,0,2046,10
10417,10417,0,2046,0
10418,10418,0,2046,0
10419,10419,0,2046,0
10420,10420,0,2047,48
10421,10421,0,2047,150
10422,10422,0,2047,287
10423,10423,0,2047,455
10424,10424,0,2046,650
10425,10425,0,2047,873
10426,10426,0,2046,1114
10427,10427,0,2046,1373
10428,10428,0,2046,1644
10429,10429,0,2047,1922
10430,10430,0,2046,2202
10431,10431,0,2046,2479
10432,10432,0,2046,2748
10433,10433,0,2047,3004
10434,10434,0,2046,3242
10435,10435,0,2046,3459
10436,10436,0,2046,3650
10437,10437,0,2048,3812
10438,10438,0,2047,3942
10439,10439,0,2046,4037
10440,10440,0,2047,4095
10441,10441,0,2046,4095
10442,10442,0,2047,4095
10443,10443,0,2046,4051
10444,10444,0,2046,3963
10445,10445,0,2047,3840
10446,10446,0,2047,3684
10447,10447,0,2046,3499
10448,10448,0,2046,3286
10449,10449,0,2047,3051
10450,10450,0,2046,2799
10451,10451,0,2047,2532
10452,10452,0,2046,2255
10453,10453,0,2046,1975
10454,10454,0,2046,1696
10455,10455,0,2046,1423
10456,10456,0,2046,1161
10457,10457,0,2047,915
10458,10458,0,2046,688
10459,10459,0,2046,487
10460,10460,0,2047,314
10461,10461,0,2047,172
10462,10462,0,2046,64
10463,10463,0,2047,0
10464,10464,0,2047,0
10465,10465,0,2046,0
10466,10466,0,2046,0
10467,10467,0,2046,76
10468,10468,0,2046,189
10469,10469,0,2047,336
10470,10470,0,2046,513
10471,10471,0,2047,717
10472,10472,0,2046,946
10473,10473,0,2046,1195
10474,10474,0,2046,1458
10475,10475,0,2046,1731
10476,10476,0,2046,2011
10477,10477,0,2046,2290
10478,10478,0,2046,2565
10479,10479,0,2046,2830
10480,10480,0,2046,3081
10481,10481,0,2046,3313
10482,10482,0,2047,3523
10483,10483,0,2046,3704
10484,10484,0,2046,3857
10485,10485,0,2046,3976
10486,10486,0,2046,4060
10487,10487,0,2046,4095
10488,10488,0,2046,4095
10489,10489,0,2047,4092
10490,10490,0,2046,4028
10491,10491,0,2047,3929
10492,10492,0,2046,3794
10493,10493,0,2047,3628
10494,10494,0,2046,3434
10495,10495,0,2047,3215
10496,10496,0,2047,2974
10497,10497,0,2046,2716
10498,10498,0,2046,2446
10499,10499,0,2047,2168
10500,10500,0,2046,1886
10501,10501,0,2047,1609
10502,10502,0,2046,1339
10503,10503,0,2046,1082
10504,10504,0,2047,841
10505,10505,0,2047,623
10506,10506,0,2047,430
10507,10507,0,2047,266
10508,10508,0,2047,134
10509,10509,0,2047,37
10510,10510,0,2046,0
10511,10511,0,2046,0
10512,10512,0,2046,0
10513,10513,0,2046,20
10514,10514,0,2047,108
10515,10515,0,2047,233
10516,10516,0,2046,389
10517,10517,0,2046,574
10518,10518,0,2046,787
10519,10519,0,2046,1023
10520,10520,0,2046,1275
10521,10521,0,2047,1543
10522,10522,0,2046,1819
10523,10523,0,2047,2098
10524,10524,0,2046,2377
10525,10525,0,2046,2649
10526,10526,0,2047,2911
10527,10527,0,2046,3156
10528,10528,0,2047,3382
10529,10529,0,2047,3583
10530,10530,0,2046,3755
10531,10531,0,2046,3898
10532,10532,0,2046,4007
10533,10533,0,2047,4080
10534,10534,0,2047,4095
10535,10535,0,2046,4095
10536,10536,0,2046,4075
10537,10537,0,2046,4000
10538,10538,0,2046,3890
10539,10539,0,2046,3745
10540,10540,0,2046,3571
10541,10541,0,2047,3368
10542,10542,0,2046,3142
10543,10543,0,2047,2894
10544,10544,0,2047,2632
10545,10545,0,2047,2359
10546,10546,0,2046,2079
10547,10547,0,2046,1799
10548,10548,0,2047,1523
10549,10549,0,2047,1257
10550,10550,0,2046,1004
10551,10551,0,2047,770
10552,10552,0,2046,559
10553,10553,0,2047,375
10554,10554,0,2046,221
10555,10555,0,2047,100
10556,10556,0,2046,14
10557,10557,0,2047,0
10558,10558,0,2047,0
10559,10559,0,2047,0
10560,10560,0,2047,44
10561,10561,0,2046,143
10562,10562,0,2046,278
10563,10563,0,2046,444
10564,10564,0,2046,638
10565,10565,0,2046,860
10566,10566,0,2046,1101
10567,10567,0,2046,1358
10568,10568,0,2046,1629
10569,10569,0,2046,1907
10570,10570,0,2046,2187
10571,10571,0,2047,2463
10572,10572,0,2047,2733
10573,10573,0,2047,2989
10574,10574,0,2047,3229
10575,10575,0,2046,3448
10576,10576,0,2046,3639
10577,10577,0,2046,3804
10578,10578,0,2047,3936
10579,10579,0,2047,4033
10580,10580,0,2047,4095
10581,10581,0,2046,4095
10582,10582,0,2047,4095
10583,10583,0,2047,4056
10584,10584,0,2047,3969
10585,10585,0,2047,3848
10586,10586,0,2047,3693
10587,10587,0,2047,3510
10588,10588,0,2047,3299
10589,10589,0,2047,3066
10590,10590,0,2047,2814
10591,10591,0,2046,2547
10592,10592,0,2046,2271
10593,10593,0,2046,1991
10594,10594,0,2046,1712
10595,10595,0,2047,1439
10596,10596,0,2046,1175
10597,10597,0,2047,929
10598,10598,0,2046,700
10599,10599,0,2046,498
10600,10600,0,2046,322
10601,10601,0,2046,179
10602,10602,0,2047,69
10603,10603,0,2046,0
10604,10604,0,2046,0
10605,10605,0,2046,0
10606,10606,0,2046,0
10607,10607,0,2047,71
10608,10608,0,2047,183
10609,10609,0,2047,326
10610,10610,0,2046,502
10611,10611,0,2047,705
10612,10612,0,2046,933
10613,10613,0,2046,1180
10614,10614,0,2047,1442
10615,10615,0,2046,1715
10616,10616,0,2047,1994
10617,10617,0,2046,2274
10618,10618,0,2047,2549
10619,10619,0,2046,2815
10620,10620,0,2047,3067
10621,10621,0,2046,3300
10622,10622,0,2046,3511
10623,10623,0,2046,3694
10624,10624,0,2046,3849
10625,10625,0,2046,3970
10626,10626,0,2046,4056
10627,10627,0,2046,4095
10628,10628,0,2047,4095
10629,10629,0,2046,4094
10630,10630,0,2047,4032
10631,10631,0,2046,3935
10632,10632,0,2046,3802
10633,10633,0,2046,3639
10634,10634,0,2046,3446
10635,10635,0,2047,3228
10636,10636,0,2047,2988
10637,10637,0,2046,2731
10638,10638,0,2047,2461
10639,10639,0,2046,2183
10640,10640,0,2047,1903
10641,10641,0,2047,1624
10642,10642,0,2046,1354
10643,10643,0,2046,1096
10644,10644,0,2046,854
10645,10645,0,2047,634
10646,10646,0,2046,439
10647,10647,0,2046,274
10648,10648,0,2047,141
10649,10649,0,2046,41
10650,10650,0,2046,0
10651,10651,0,2047,0
10652,10652,0,2046,0
10653,10653,0,2047,16
10654,10654,0,2046,102
10655,10655,0,2046,225
10656,10656,0,2046,379
10657,10657,0,2046,564
10658,10658,0,2047,775
10659,10659,0,2047,1009
10660,10660,0,2046,1261
10661,10661,0,2046,1528
10662,10662,0,2047,1803
10663,10663,0,2046,2082
10664,10664,0,2046,2361
10665,10665,0,2046,2634
10666,10666,0,2046,2896
10667,10667,0,2047,3142
10668,10668,0,2046,3369
10669,10669,0,2046,3571
10670,10670,0,2046,3746
10671,10671,0,2046,3891
10672,10672,0,2047,4000
10673,10673,0,2047,4076
10674,10674,0,2047,4095
10675,10675,0,2046,4095
10676,10676,0,2046,4079
10677,10677,0,2046,4005
10678,10678,0,2046,3897
10679,10679,0,2046,3754
10680,10680,0,2046,3581
10681,10681,0,2047,3380
10682,10682,0,2046,3155
10683,10683,0,2046,2909
10684,10684,0,2046,2647
10685,10685,0,2047,2374
10686,10686,0,2047,2095
10687,10687,0,2047,1815
10688,10688,0,2046,1538
10689,10689,0,2047,1272
10690,10690,0,2046,1018
10691,10691,0,2046,783
10692,10692,0,2046,570
10693,10693,0,2046,385
10694,10694,0,2046,229
10695,10695,0,2046,106
10696,10696,0,2046,18
10697,10697,0,2046,0
10698,10698,0,2046,0
10699,10699,0,2046,0
10700,10700,0,2047,39
10701,10701,0,2046,137
10702,10702,0,2046,269
10703,10703,0,2046,434
10704,10704,0,2046,627
10705,10705,0,2046,846
10706,10706,0,2046,1086
10707,10707,0,2046,1344
10708,10708,0,2046,1613
10709,10709,0,2046,1891
10710,10710,0,2046,2170
10711,10711,0,2046,2447
10712,10712,0,2047,2717
10713,10713,0,2046,2976
10714,10714,0,2046,3216
10715,10715,0,2047,3435
10716,10716,0,2046,3630
10717,10717,0,2046,3795
10718,10718,0,2046,3929
10719,10719,0,2047,4028
10720,10720,0,2046,4093
10721,10721,0,2047,4095
10722,10722,0,2047,4095
10723,10723,0,2047,4059
10724,10724,0,2046,3975
10725,10725,0,2047,3855
10726,10726,0,2046,3703
10727,10727,0,2047,3521
10728,10728,0,2046,3312
10729,10729,0,2046,3079
10730,10730,0,2046,2828
10731,10731,0,2046,2563
10732,10732,0,2047,2287
10733,10733,0,2046,2007
10734,10734,0,2047,1728
10735,10735,0,2047,1454
10736,10736,0,2046,1190
10737,10737,0,2047,941
10738,10738,0,2047,714
10739,10739,0,2046,508
10740,10740,0,2046,332
10741,10741,0,2047,186
10742,10742,0,2047,73
10743,10743,0,2047,0
10744,10744,0,2046,0
10745,10745,0,2046,0
10746,10746,0,2047,0
10747,10747,0,2047,66
10748,10748,0,2046,175
10749,10749,0,2046,317
10750,10750,0,2047,492
10751,10751,0,2047,693
10752,10752,0,2047,920
10753,10753,0,2046,1166
10754,10754,0,2046,1427
10755,10755,0,2047,1700
10756,10756,0,2046,1978
10757,10757,0,2046,2258
10758,10758,0,2047,2534
10759,10759,0,2046,2801
10760,10760,0,2047,3054
10761,10761,0,2046,3288
10762,10762,0,2047,3500
10763,10763,0,2047,3686
10764,10764,0,2046,3841
10765,10765,0,2047,3965
10766,10766,0,2047,4052
10767,10767,0,2047,4095
10768,10768,0,2047,4095
10769,10769,0,2047,4095
10770,10770,0,2046,4037
10771,10771,0,2046,3941
10772,10772,0,2046,3811
10773,10773,0,2046,3649
10774,10774,0,2047,3457
10775,10775,0,2046,3241
10776,10776,0,2046,3002
10777,10777,0,2046,2746
10778,10778,0,2046,2477
10779,10779,0,2046,2199
10780,10780,0,2046,1919
10781,10781,0,2046,1640
10782,10782,0,2046,1370
10783,10783,0,2046,1110
10784,10784,0,2046,867
10785,10785,0,2047,646
10786,10786,0,2047,450
10787,10787,0,2047,283
10788,10788,0,2047,147
10789,10789,0,2046,46
10790,10790,0,2046,0
10791,10791,0,2046,0
10792,10792,0,2046,0
10793,10793,0,2047,12
10794,10794,0,2046,96
10795,10795,0,2047,217
10796,10796,0,2047,370
10797,10797,0,2046,553
10798,10798,0,2047,762
10799,10799,0,2047,995
10800,10800,0,2047,1246
10801,10801,0,2047,1512
10802,10802,0,2047,1787
10803,10803,0,2046,2067
10804,10804,0,2047,2346
10805,10805,0,2046,2619
10806,10806,0,2047,2882
10807,10807,0,2046,3129
10808,10808,0,2046,3357
10809,10809,0,2047,3561
10810,10810,0,2047,3738
10811,10811,0,2047,3884
10812,10812,0,2047,3996
10813,10813,0,2047,4073
10814,10814,0,2046,4095
10815,10815,0,2046,4095
10816,10816,0,2047,4082
10817,10817,0,2047,4010
10818,10818,0,2047,3904
10819,10819,0,2046,3763
10820,10820,0,2046,3592
10821,10821,0,2046,3392
10822,10822,0,2046,3168
10823,10823,0,2046,2923
10824,10824,0,2047,2661
10825,10825,0,2047,2390
10826,10826,0,2046,2111
10827,10827,0,2046,1831
10828,10828,0,2046,1554
10829,10829,0,2046,1286
10830,10830,0,2047,1032
10831,10831,0,2046,795
10832,10832,0,2047,581
10833,10833,0,2047,394
10834,10834,0,2046,236
10835,10835,0,2047,112
10836,10836,0,2047,22
10837,10837,0,2047,0
10838,10838,0,2047,0
10839,10839,0,2047,0
10840,10840,0,2046,34
10841,10841,0,2046,131
10842,10842,0,2046,261
10843,10843,0,2046,424
10844,10844,0,2046,616
10845,10845,0,2047,833
10846,10846,0,2046,1072
10847,10847,0,2046,1329
10848,10848,0,2046,1598
10849,10849,0,2047,1875
10850,10850,0,2046,2155
10851,10851,0,2047,2432
10852,10852,0,2047,2703
10853,10853,0,2046,2961
10854,10854,0,2046,3203
10855,10855,0,2047,3424
10856,10856,0,2046,3620
10857,10857,0,2046,3787
10858,10858,0,2046,3923
10859,10859,0,2047,4024
10860,10860,0,2046,4090
10861,10861,0,2047,4095
10862,10862,0,2047,4095
10863,10863,0,2047,4064
10864,10864,0,2046,3981
10865,10865,0,2046,3863
10866,10866,0,2047,3713
10867,10867,0,2046,3532
10868,10868,0,2047,3324
10869,10869,0,2046,3093
10870,10870,0,2046,2842
10871,10871,0,2047,2578
10872,10872,0,2047,2302
10873,10873,0,2046,2023
10874,10874,0,2046,1743
10875,10875,0,2046,1469
10876,10876,0,2047,1204
10877,10877,0,2046,955
10878,10878,0,2047,726
10879,10879,0,2046,519
10880,10880,0,2046,341
10881,10881,0,2047,193
10882,10882,0,2046,79
10883,10883,0,2046,0
10884,10884,0,2047,0
10885,10885,0,2047,0
10886,10886,0,2046,0
10887,10887,0,2046,61
10888,10888,0,2047,168
10889,10889,0,2046,309
10890,10890,0,2047,481
10891,10891,0,2046,682
10892,10892,0,2046,907
10893,10893,0,2047,1151
10894,10894,0,2046,1413
10895,10895,0,2046,1685
10896,10896,0,2047,1963
10897,10897,0,2047,2243
10898,10898,0,2046,2519
10899,10899,0,2047,2785
10900,10900,0,2046,3040
10901,10901,0,2047,3275
10902,10902,0,2046,3488
10903,10903,0,2046,3675
10904,10904,0,2047,3833
10905,10905,0,2047,3958
10906,10906,0,2046,4048
10907,10907,0,2046,4095
10908,10908,0,2047,4095
10909,10909,0,2047,4095
10910,10910,0,2046,4041
10911,10911,0,2046,3948
10912,10912,0,2046,3819
10913,10913,0,2046,3658
10914,10914,0,2046,3469
10915,10915,0,2046,3254
10916,10916,0,2046,3015
10917,10917,0,2047,2760
10918,10918,0,2046,2492
10919,10919,0,2047,2215
10920,10920,0,2047,1935
10921,10921,0,2046,1656
10922,10922,0,2046,1385
10923,10923,0,2047,1124
10924,10924,0,2047,880
10925,10925,0,2046,658
10926,10926,0,2046,461
10927,10927,0,2046,291
10928,10928,0,2046,153
10929,10929,0,2047,51
10930,10930,0,2046,0
10931,10931,0,2046,0
10932,10932,0,2046,0
10933,10933,0,2046,8
10934,10934,0,2047,91
10935,10935,0,2046,209
10936,10936,0,2046,360
10937,10937,0,2047,541
10938,10938,0,2046,750
10939,10939,0,2046,982
10940,10940,0,2047,1232
10941,10941,0,2046,1497
10942,10942,0,2046,1772
10943,10943,0,2047,2052
10944,10944,0,2046,2331
10945,10945,0,2046,2604
10946,10946,0,2046,2867
10947,10947,0,2047,3116
10948,10948,0,2046,3345
10949,10949,0,2046,3550
10950,10950,0,2046,3728
10951,10951,0,2046,3876
10952,10952,0,2047,3990
10953,10953,0,2046,4070
10954,10954,0,2047,4095
10955,10955,0,2046,4095
10956,10956,0,2047,4085
10957,10957,0,2046,4015
10958,10958,0,2046,3910
10959,10959,0,2047,3772
10960,10960,0,2046,3602
10961,10961,0,2047,3404
10962,10962,0,2046,3181
10963,10963,0,2047,2936
10964,10964,0,2046,2677
10965,10965,0,2046,2405
10966,10966,0,2046,2127
10967,10967,0,2046,1846
10968,10968,0,2047,1569
10969,10969,0,2046,1301
10970,10970,0,2046,1046
10971,10971,0,2046,808
10972,10972,0,2046,593
10973,10973,0,2046,404
10974,10974,0,2047,244
10975,10975,0,2046,117
10976,10976,0,2046,26
10977,10977,0,2046,0
10978,10978,0,2046,0
10979,10979,0,2046,0
10980,10980,0,2046,31
10981,10981,0,2046,124
10982,10982,0,2046,254
10983,10983,0,2046,414
10984,10984,0,2046,604
10985,10985,0,2046,820
10986,10986,0,2047,1059
10987,10987,0,2047,1314
10988,10988,0,2046,1582
10989,10989,0,2046,1859
10990,10990,0,2046,2139
10991,10991,0,2046,2418
10992,10992,0,2046,2688
10993,10993,0,2047,2946
10994,10994,0,2046,3191
10995,10995,0,2046,3412
10996,10996,0,2046,3609
10997,10997,0,2047,3778
10998,10998,0,2047,3916
10999,10999,0,2046,4019
11000,11000,0,2046,4087
11001,11001,0,2046,4095
11002,11002,0,2046,4095
11003,11003,0,2046,4067
11004,11004,0,2046,3987
11005,11005,0,2046,3871
11006,11006,0,2046,3722
11007,11007,0,2047,3543
11008,11008,0,2046,3336
11009,11009,0,2047,3106
11010,11010,0,2046,2858
11011,11011,0,2047,2593
11012,11012,0,2047,2318
11013,11013,0,2047,2038
11014,11014,0,2047,1759
11015,11015,0,2047,1484
11016,11016,0,2046,1220
11017,11017,0,2046,968
11018,11018,0,2047,738
11019,11019,0,2046,530
11020,11020,0,2046,351
11021,11021,0,2047,201
11022,11022,0,2046,85
11023,11023,0,2046,4
11024,11024,0,2047,0
11025,11025,0,2047,0
11026,11026,0,2046,0
11027,11027,0,2046,57
11028,11028,0,2047,162
11029,11029,0,2047,300
11030,11030,0,2047,471
11031,11031,0,2047,669
11032,11032,0,2046,894
11033,11033,0,2046,1137
11034,11034,0,2046,1398
11035,11035,0,2047,1669
11036,11036,0,2047,1947
11037,11037,0,2046,2227
11038,11038,0,2046,2503
11039,11039,0,2046,2771
11040,11040,0,2047,3025
11041,11041,0,2047,3263
11042,11042,0,2046,3477
11043,11043,0,2046,3666
11044,11044,0,2046,3825
11045,11045,0,2046,3952
11046,11046,0,2046,4044
11047,11047,0,2046,4095
11048,11048,0,2047,4095
11049,11049,0,2047,4095
11050,11050,0,2046,4045
11051,11051,0,2046,3954
11052,11052,0,2046,3827
11053,11053,0,2046,3669
11054,11054,0,2047,3481
11055,11055,0,2046,3266
11056,11056,0,2046,3030
11057,11057,0,2046,2775
11058,11058,0,2047,2507
11059,11059,0,2047,2231
11060,11060,0,2047,1951
11061,11061,0,2047,1672
11062,11062,0,2047,1399
11063,11063,0,2046,1139
11064,11064,0,2046,894
11065,11065,0,2047,669
11066,11066,0,2046,471
11067,11067,0,2046,300
11068,11068,0,2046,160
11069,11069,0,2047,56
11070,11070,0,2046,0
11071,11071,0,2046,0
11072,11072,0,2047,0
11073,11073,0,2047,5
11074,11074,0,2046,86
11075,11075,0,2047,202
11076,11076,0,2047,351
11077,11077,0,2047,530
11078,11078,0,2047,738
11079,11079,0,2047,967
11080,11080,0,2046,1218
11081,11081,0,2046,1482
11082,11082,0,2046,1756
11083,11083,0,2046,2035
11084,11084,0,2046,2314
11085,11085,0,2046,2589
11086,11086,0,2047,2853
11087,11087,0,2047,3102
11088,11088,0,2048,3333
11089,11089,0,2046,3539
11090,11090,0,2047,3720
11091,11091,0,2047,3869
11092,11092,0,2047,3985
11093,11093,0,2046,4066
11094,11094,0,2046,4095
11095,11095,0,2046,4095
11096,11096,0,2047,4087
11097,11097,0,2046,4020
11098,11098,0,2047,3917
11099,11099,0,2046,3781
11100,11100,0,2046,3612
11101,11101,0,2047,3416
11102,11102,0,2046,3194
11103,11103,0,2047,2951
11104,11104,0,2047,2692
11105,11105,0,2046,2421
11106,11106,0,2046,2143
11107,11107,0,2046,1863
11108,11108,0,2047,1585
11109,11109,0,2046,1315
11110,11110,0,2046,1059
11111,11111,0,2046,821
11112,11112,0,2046,604
11113,11113,0,2047,413
11114,11114,0,2046,252
11115,11115,0,2046,124
11116,11116,0,2046,30
11117,11117,0,2047,0
11118,11118,0,2046,0
11119,11119,0,2047,0
11120,11120,0,2046,26
11121,11121,0,2046,118
11122,11122,0,2047,245
11123,11123,0,2046,405
11124,11124,0,2046,592
11125,11125,0,2046,807
11126,11126,0,2047,1044
11127,11127,0,2047,1299
11128,11128,0,2047,1567
11129,11129,0,2047,1844
11130,11130,0,2046,2123
11131,11131,0,2046,2402
11132,11132,0,2047,2673
11133,11133,0,2046,2932
11134,11134,0,2047,3177
11135,11135,0,2047,3400
11136,11136,0,2047,3599
11137,11137,0,2046,3769
11138,11138,0,2046,3909
11139,11139,0,2046,4015
11140,11140,0,2046,4084
11141,11141,0,2046,4095
11142,11142,0,2047,4095
11143,11143,0,2046,4070
11144,11144,0,2046,3992
11145,11145,0,2046,3879
11146,11146,0,2046,3731
11147,11147,0,2046,3554
11148,11148,0,2046,3349
11149,11149,0,2046,3119
11150,11150,0,2046,2871
11151,11151,0,2046,2608
11152,11152,0,2046,2335
11153,11153,0,2047,2055
11154,11154,0,2047,1774
11155,11155,0,2046,1499
11156,11156,0,2047,1234
11157,11157,0,2046,982
11158,11158,0,2046,750
11159,11159,0,2047,542
11160,11160,0,2046,359
11161,11161,0,2046,208
11162,11162,0,2047,91
11163,11163,0,2047,8
11164,11164,0,2046,0
11165,11165,0,2046,0
11166,11166,0,2046,0
11167,11167,0,2046,50
11168,11168,0,2046,154
11169,11169,0,2047,291
11170,11170,0,2047,460
11171,11171,0,2047,658
11172,11172,0,2046,879
11173,11173,0,2046,1123
11174,11174,0,2047,1382
11175,11175,0,2047,1653
11176,11176,0,2047,1932
11177,11177,0,2046,2211
11178,11178,0,2047,2488
11179,11179,0,2047,2756
11180,11180,0,2047,3012
11181,11181,0,2047,3250
11182,11182,0,2047,3465
11183,11183,0,2046,3656
11184,11184,0,2047,3817
11185,11185,0,2046,3946
11186,11186,0,2046,4040
11187,11187,0,2046,4095
11188,11188,0,2047,4095
11189,11189,0,2046,4095
11190,11190,0,2046,4050
11191,11191,0,2046,3960
11192,11192,0,2046,3835
11193,11193,0,2046,3678
11194,11194,0,2046,3492
11195,11195,0,2046,3280
11196,11196,0,2046,3044
11197,11197,0,2046,2790
11198,11198,0,2046,2523
11199,11199,0,2046,2247
11200,11200,0,2047,1966
11201,11201,0,2046,1687
11202,11202,0,2046,1415
11203,11203,0,2046,1153
11204,11204,0,2046,908
11205,11205,0,2046,682
11206,11206,0,2047,481
11207,11207,0,2046,309
11208,11208,0,2046,168
11209,11209,0,2047,61
11210,11210,0,2046,0
11211,11211,0,2047,0
11212,11212,0,2046,0
11213,11213,0,2047,1
11214,11214,0,2046,80
11215,11215,0,2047,194
11216,11216,0,2047,341
11217,11217,0,2047,520
11218,11218,0,2046,724
11219,11219,0,2046,954
11220,11220,0,2046,1203
11221,11221,0,2047,1467
11222,11222,0,2046,1741
11223,11223,0,2046,2020
11224,11224,0,2046,2298
11225,11225,0,2047,2573
11226,11226,0,2046,2838
11227,11227,0,2046,3089
11228,11228,0,2046,3320
11229,11229,0,2047,3528
11230,11230,0,2047,3710
11231,11231,0,2046,3862
11232,11232,0,2047,3979
11233,11233,0,2046,4062
11234,11234,0,2046,4095
11235,11235,0,2046,4095
11236,11236,0,2047,4090
11237,11237,0,2046,4025
11238,11238,0,2047,3924
11239,11239,0,2047,3789
11240,11240,0,2047,3624
11241,11241,0,2047,3428
11242,11242,0,2046,3207
11243,11243,0,2046,2966
11244,11244,0,2047,2707
11245,11245,0,2046,2437
11246,11246,0,2047,2158
11247,11247,0,2046,1878
11248,11248,0,2046,1600
11249,11249,0,2047,1330
11250,11250,0,2047,1074
11251,11251,0,2046,834
11252,11252,0,2047,615
11253,11253,0,2046,424
11254,11254,0,2046,261
11255,11255,0,2047,130
11256,11256,0,2046,34
11257,11257,0,2047,0
11258,11258,0,2047,0
11259,11259,0,2047,0
11260,11260,0,2047,21
11261,11261,0,2046,111
11262,11262,0,2047,237
11263,11263,0,2046,394
11264,11264,0,2046,582
11265,11265,0,2046,794
11266,11266,0,2046,1030
11267,11267,0,2047,1284
11268,11268,0,2046,1552
11269,11269,0,2046,1828
11270,11270,0,2046,2108
11271,11271,0,2047,2386
11272,11272,0,2046,2657
11273,11273,0,2046,2919
11274,11274,0,2047,3164
11275,11275,0,2046,3389
11276,11276,0,2047,3589
11277,11277,0,2047,3761
11278,11278,0,2047,3902
11279,11279,0,2046,4009
11280,11280,0,2047,4081
11281,11281,0,2046,4095
11282,11282,0,2046,4095
11283,11283,0,2046,4074
11284,11284,0,2046,3997
11285,11285,0,2047,3886
11286,11286,0,2046,3740
11287,11287,0,2046,3565
11288,11288,0,2047,3361
11289,11289,0,2046,3133
11290,11290,0,2046,2885
11291,11291,0,2046,2623
11292,11292,0,2047,2349
11293,11293,0,2046,2070
11294,11294,0,2046,1790
11295,11295,0,2046,1515
11296,11296,0,2046,1248
11297,11297,0,2047,995
11298,11298,0,2047,762
11299,11299,0,2047,553
11300,11300,0,2046,369
11301,11301,0,2047,216
11302,11302,0,2046,97
11303,11303,0,2046,12
11304,11304,0,2046,0
11305,11305,0,2046,0
11306,11306,0,2047,0
11307,11307,0,2046,47
11308,11308,0,2046,147
11309,11309,0,2046,283
11310,11310,0,2046,449
11311,11311,0,2046,646
11312,11312,0,2046,867
11313,11313,0,2047,1108
11314,11314,0,2046,1367
11315,11315,0,2046,1637
11316,11316,0,2046,1915
11317,11317,0,2046,2196
11318,11318,0,2046,2472
11319,11319,0,2047,2741
11320,11320,0,2046,2998
11321,11321,0,2046,3237
11322,11322,0,2046,3454
11323,11323,0,2046,3646
11324,11324,0,2047,3809
11325,11325,0,2047,3940
11326,11326,0,2047,4035
11327,11327,0,2047,4095
11328,11328,0,2047,4095
11329,11329,0,2046,4095
11330,11330,0,2046,4053
11331,11331,0,2047,3966
11332,11332,0,2046,3842
11333,11333,0,2047,3688
11334,11334,0,2046,3503
11335,11335,0,2046,3292
11336,11336,0,2046,3057
11337,11337,0,2047,2804
11338,11338,0,2046,2538
11339,11339,0,2046,2262
11340,11340,0,2047,1982
11341,11341,0,2047,1702
11342,11342,0,2047,1430
11343,11343,0,2046,1167
11344,11344,0,2047,920
11345,11345,0,2047,694
11346,11346,0,2046,492
11347,11347,0,2047,318
11348,11348,0,2046,174
11349,11349,0,2047,66
11350,11350,0,2045,0
11351,11351,0,2046,0
11352,11352,0,2046,0
11353,11353,0,2046,0
11354,11354,0,2046,74
11355,11355,0,2046,186
11356,11356,0,2046,332
11357,11357,0,2046,509
11358,11358,0,2047,713
11359,11359,0,2047,941
11360,11360,0,2047,1188
11361,11361,0,2046,1451
11362,11362,0,2047,1725
11363,11363,0,2047,2004
11364,11364,0,2046,2284
11365,11365,0,2046,2559
11366,11366,0,2046,2824
11367,11367,0,2047,3075
11368,11368,0,2047,3308
11369,11369,0,2047,3518
11370,11370,0,2046,3701
11371,11371,0,2046,3854
11372,11372,0,2047,3974
11373,11373,0,2046,4058
11374,11374,0,2046,4095
11375,11375,0,2046,4095
11376,11376,0,2046,4093
11377,11377,0,2046,4030
11378,11378,0,2046,3932
11379,11379,0,2046,3798
11380,11380,0,2046,3633
11381,11381,0,2046,3439
11382,11382,0,2046,3220
11383,11383,0,2046,2980
11384,11384,0,2046,2722
11385,11385,0,2046,2452
11386,11386,0,2046,2174
11387,11387,0,2046,1893
11388,11388,0,2046,1616
11389,11389,0,2047,1345
11390,11390,0,2047,1087
11391,11391,0,2047,847
11392,11392,0,2046,627
11393,11393,0,2047,434
11394,11394,0,2046,269
11395,11395,0,2047,137
11396,11396,0,2046,39
11397,11397,0,2046,0
11398,11398,0,2047,0
11399,11399,0,2046,0
11400,11400,0,2046,18
11401,11401,0,2046,105
11402,11402,0,2046,228
11403,11403,0,2046,384
11404,11404,0,2047,570
11405,11405,0,2047,782
11406,11406,0,2046,1016
11407,11407,0,2046,1270
11408,11408,0,2047,1536
11409,11409,0,2046,1812
11410,11410,0,2046,2092
11411,11411,0,2047,2370
11412,11412,0,2047,2642
11413,11413,0,2047,2904
11414,11414,0,2046,3150
11415,11415,0,2047,3376
11416,11416,0,2047,3578
11417,11417,0,2046,3751
11418,11418,0,2046,3895
11419,11419,0,2046,4004
11420,11420,0,2047,4078
11421,11421,0,2046,4095
11422,11422,0,2046,4095
11423,11423,0,2046,4077
11424,11424,0,2046,4002
11425,11425,0,2047,3892
11426,11426,0,2046,3749
11427,11427,0,2046,3575
11428,11428,0,2047,3373
11429,11429,0,2047,3147
11430,11430,0,2047,2900
11431,11431,0,2047,2638
11432,11432,0,2046,2365
11433,11433,0,2046,2086
11434,11434,0,2046,1805
11435,11435,0,2046,1530
11436,11436,0,2047,1263
11437,11437,0,2047,1010
11438,11438,0,2046,776
11439,11439,0,2047,563
11440,11440,0,2047,378
11441,11441,0,2047,224
11442,11442,0,2046,102
11443,11443,0,2046,16
11444,11444,0,2047,0
11445,11445,0,2047,0
11446,11446,0,2047,0
11447,11447,0,2047,42
11448,11448,0,2047,141
11449,11449,0,2046,274
11450,11450,0,2046,439
11451,11451,0,2046,634
11452,11452,0,2046,854
11453,11453,0,2046,1094
11454,11454,0,2046,1352
11455,11455,0,2046,1622
11456,11456,0,2047,1900
11457,11457,0,2046,2180
11458,11458,0,2046,2457
11459,11459,0,2046,2727
11460,11460,0,2046,2983
11461,11461,0,2046,3225
11462,11462,0,2047,3443
11463,11463,0,2047,3636
11464,11464,0,2046,3800
11465,11465,0,2047,3933
11466,11466,0,2047,4031
11467,11467,0,2047,4093
11468,11468,0,2046,4095
11469,11469,0,2046,4095
11470,11470,0,2046,4057
11471,11471,0,2046,3971
11472,11472,0,2046,3851
11473,11473,0,2046,3697
11474,11474,0,2046,3514
11475,11475,0,2047,3305
11476,11476,0,2047,3071
11477,11477,0,2046,2819
11478,11478,0,2046,2553
11479,11479,0,2047,2278
11480,11480,0,2047,1998
11481,11481,0,2046,1718
11482,11482,0,2047,1445
11483,11483,0,2046,1182
11484,11484,0,2046,934
11485,11485,0,2047,706
11486,11486,0,2046,503
11487,11487,0,2046,327
11488,11488,0,2047,182
11489,11489,0,2047,71
11490,11490,0,2046,0
11491,11491,0,2047,0
11492,11492,0,2046,0
11493,11493,0,2046,0
11494,11494,0,2046,70
11495,11495,0,2047,179
11496,11496,0,2046,323
11497,11497,0,2047,498
11498,11498,0,2046,700
11499,11499,0,2046,927
11500,11500,0,2046,1175
11501,11501,0,2046,1436
11502,11502,0,2047,1709
11503,11503,0,2046,1988
11504,11504,0,2047,2267
11505,11505,0,2046,2543
11506,11506,0,2046,2809
11507,11507,0,2047,3061
11508,11508,0,2046,3295
11509,11509,0,2046,3506
11510,11510,0,2046,3691
11511,11511,0,2046,3845
11512,11512,0,2047,3968
11513,11513,0,2046,4055
11514,11514,0,2046,4095
11515,11515,0,2047,4095
11516,11516,0,2047,4095
11517,11517,0,2047,4034
11518,11518,0,2047,3938
11519,11519,0,2046,3806
11520,11520,0,2046,3643
11521,11521,0,2047,3450
11522,11522,0,2046,3233
11523,11523,0,2046,2994
11524,11524,0,2046,2737
11525,11525,0,2046,2468
11526,11526,0,2046,2190
11527,11527,0,2046,1909
11528,11528,0,2046,1631
11529,11529,0,2047,1360
11530,11530,0,2046,1101
11531,11531,0,2047,859
11532,11532,0,2046,639
11533,11533,0,2046,444
11534,11534,0,2046,277
11535,11535,0,2047,143
11536,11536,0,2046,43
11537,11537,0,2046,0
11538,11538,0,2046,0
11539,11539,0,2046,0
11540,11540,0,2046,15
11541,11541,0,2046,100
11542,11542,0,2046,221
11543,11543,0,2046,375
11544,11544,0,2047,559
11545,11545,0,2046,769
11546,11546,0,2047,1003
11547,11547,0,2047,1255
11548,11548,0,2046,1521
11549,11549,0,2046,1797
11550,11550,0,2046,2076
11551,11551,0,2046,2355
11552,11552,0,2046,2628
11553,11553,0,2047,2890
11554,11554,0,2046,3137
11555,11555,0,2046,3364
11556,11556,0,2047,3567
11557,11557,0,2046,3742
11558,11558,0,2046,3888
11559,11559,0,2046,3999
11560,11560,0,2046,4075
11561,11561,0,2046,4095
11562,11562,0,2046,4095
11563,11563,0,2047,4080
11564,11564,0,2046,4008
11565,11565,0,2046,3900
11566,11566,0,2047,3758
11567,11567,0,2046,3585
11568,11568,0,2046,3386
11569,11569,0,2046,3160
11570,11570,0,2047,2915
11571,11571,0,2046,2653
11572,11572,0,2047,2380
11573,11573,0,2046,2102
11574,11574,0,2047,1822
11575,11575,0,2047,1545
11576,11576,0,2046,1277
11577,11577,0,2046,1024
11578,11578,0,2046,788
11579,11579,0,2046,574
11580,11580,0,2047,389
11581,11581,0,2046,232
11582,11582,0,2047,108
11583,11583,0,2046,20
11584,11584,0,2047,0
11585,11585,0,2047,0
11586,11586,0,2046,0
11587,11587,0,2046,37
11588,11588,0,2046,135
11589,11589,0,2047,266
11590,11590,0,2046,429
11591,11591,0,2046,622
11592,11592,0,2046,840
11593,11593,0,2046,1080
11594,11594,0,2046,1337
11595,11595,0,2047,1607
11596,11596,0,2047,1884
11597,11597,0,2045,2164
11598,11598,0,2046,2442
11599,11599,0,2046,2711
11600,11600,0,2047,2969
11601,11601,0,2047,3211
11602,11602,0,2047,3431
11603,11603,0,2047,3626
11604,11604,0,2046,3791
11605,11605,0,2046,3926
11606,11606,0,2046,4026
11607,11607,0,2046,4091
11608,11608,0,2047,4095
11609,11609,0,2047,4095
11610,11610,0,2047,4061
11611,11611,0,2046,3978
11612,11612,0,2046,3859
11613,11613,0,2047,3707
11614,11614,0,2046,3525
11615,11615,0,2047,3317
11616,11616,0,2047,3085
11617,11617,0,2046,2834
11618,11618,0,2046,2569
11619,11619,0,2046,2293
11620,11620,0,2047,2013
11621,11621,0,2046,1734
11622,11622,0,2046,1460
11623,11623,0,2046,1196
11624,11624,0,2046,948
11625,11625,0,2046,719
11626,11626,0,2047,513
11627,11627,0,2047,336
11628,11628,0,2046,189
11629,11629,0,2047,77
11630,11630,0,2046,0
11631,11631,0,2047,0
11632,11632,0,2046,0
11633,11633,0,2046,0
11634,11634,0,2046,64
11635,11635,0,2047,172
11636,11636,0,2047,314
11637,11637,0,2047,487
11638,11638,0,2047,688
11639,11639,0,2046,914
11640,11640,0,2047,1160
11641,11641,0,2047,1421
11642,11642,0,2046,1694
11643,11643,0,2046,1973
11644,11644,0,2046,2252
11645,11645,0,2046,2527
11646,11646,0,2046,2795
11647,11647,0,2047,3047
11648,11648,0,2046,3283
11649,11649,0,2046,3495
11650,11650,0,2047,3681
11651,11651,0,2046,3837
11652,11652,0,2046,3962
11653,11653,0,2046,4050
11654,11654,0,2047,4095
11655,11655,0,2046,4095
11656,11656,0,2046,4095
11657,11657,0,2046,4038
11658,11658,0,2046,3944
11659,11659,0,2046,3814
11660,11660,0,2046,3653
11661,11661,0,2046,3462
11662,11662,0,2047,3247
11663,11663,0,2046,3008
11664,11664,0,2047,2752
11665,11665,0,2046,2483
11666,11666,0,2046,2205
11667,11667,0,2046,1925
11668,11668,0,2046,1647
11669,11669,0,2047,1376
11670,11670,0,2046,1116
11671,11671,0,2046,873
11672,11672,0,2046,651
11673,11673,0,2046,455
11674,11674,0,2046,286
11675,11675,0,2047,150
11676,11676,0,2047,48
11677,11677,0,2047,0
11678,11678,0,2046,0
11679,11679,0,2045,0
11680,11680,0,2046,11
11681,11681,0,2047,94
11682,11682,0,2046,213
11683,11683,0,2046,365
11684,11684,0,2047,547
11685,11685,0,2046,757
11686,11686,0,2046,989
11687,11687,0,2046,1240
11688,11688,0,2047,1506
11689,11689,0,2046,1781
11690,11690,0,2047,2060
11691,11691,0,2046,2339
11692,11692,0,2046,2613
11693,11693,0,2046,2875
11694,11694,0,2046,3124
11695,11695,0,2046,3351
11696,11696,0,2046,3557
11697,11697,0,2046,3733
11698,11698,0,2046,3880
11699,11699,0,2047,3993
11700,11700,0,2046,4071
11701,11701,0,2046,4095
11702,11702,0,2046,4095
11703,11703,0,2046,4083
11704,11704,0,2046,4013
11705,11705,0,2047,3907
11706,11706,0,2046,3767
11707,11707,0,2046,3597
11708,11708,0,2047,3397
11709,11709,0,2047,3173
11710,11710,0,2046,2929
11711,11711,0,2046,2668
11712,11712,0,2046,2396
11713,11713,0,2047,2117
11714,11714,0,2046,1837
11715,11715,0,2047,1561
11716,11716,0,2047,1292
11717,11717,0,2047,1038
11718,11718,0,2046,801
11719,11719,0,2046,586
11720,11720,0,2046,399
11721,11721,0,2047,240
11722,11722,0,2047,114
11723,11723,0,2046,24
11724,11724,0,2046,0
11725,11725,0,2046,0
11726,11726,0,2047,0
11727,11727,0,2047,33
11728,11728,0,2046,128
11729,11729,0,2046,258
11730,11730,0,2046,420
11731,11731,0,2046,611
11732,11732,0,2046,828
11733,11733,0,2046,1066
11734,11734,0,2046,1323
11735,11735,0,2046,1592
11736,11736,0,2047,1869
11737,11737,0,2046,2148
11738,11738,0,2046,2426
11739,11739,0,2047,2697
11740,11740,0,2047,2955
11741,11741,0,2046,3198
11742,11742,0,2047,3418
11743,11743,0,2046,3615
11744,11744,0,2047,3783
11745,11745,0,2047,3920
11746,11746,0,2046,4022
11747,11747,0,2046,4088
11748,11748,0,2047,4095
11749,11749,0,2047,4095
11750,11750,0,2047,4065
11751,11751,0,2047,3982
11752,11752,0,2046,3866
11753,11753,0,2046,3717
11754,11754,0,2046,3536
11755,11755,0,2046,3329
11756,11756,0,2046,3098
11757,11757,0,2047,2849
11758,11758,0,2047,2584
11759,11759,0,2046,2309
11760,11760,0,2047,2030
11761,11761,0,2047,1750
11762,11762,0,2046,1476
11763,11763,0,2046,1210
11764,11764,0,2046,961
11765,11765,0,2047,731
11766,11766,0,2046,524
11767,11767,0,2046,345
11768,11768,0,2047,197
11769,11769,0,2046,82
11770,11770,0,2046,2
11771,11771,0,2047,0
11772,11772,0,2047,0
11773,11773,0,2046,0
11774,11774,0,2047,59
11775,11775,0,2047,164
11776,11776,0,2047,305
11777,11777,0,2046,476
11778,11778,0,2046,676
11779,11779,0,2046,900
11780,11780,0,2046,1145
11781,11781,0,2046,1406
11782,11782,0,2047,1678
11783,11783,0,2047,1956
11784,11784,0,2046,2236
11785,11785,0,2047,2512
11786,11786,0,2046,2780
11787,11787,0,2047,3034
11788,11788,0,2046,3270
11789,11789,0,2047,3484
11790,11790,0,2046,3672
11791,11791,0,2046,3830
11792,11792,0,2046,3955
11793,11793,0,2046,4046
11794,11794,0,2046,4095
11795,11795,0,2046,4095
11796,11796,0,2047,4095
11797,11797,0,2046,4043
11798,11798,0,2047,3950
11799,11799,0,2047,3822
11800,11800,0,2046,3662
11801,11801,0,2046,3474
11802,11802,0,2046,3259
11803,11803,0,2046,3022
11804,11804,0,2046,2766
11805,11805,0,2046,2498
11806,11806,0,2046,2221
11807,11807,0,2046,1941
11808,11808,0,2046,1663
11809,11809,0,2047,1390
11810,11810,0,2046,1130
11811,11811,0,2046,886
11812,11812,0,2046,663
11813,11813,0,2046,465
11814,11814,0,2047,295
11815,11815,0,2046,157
11816,11816,0,2046,52
11817,11817,0,2046,0
11818,11818,0,2047,0
11819,11819,0,2046,0
11820,11820,0,2047,7
11821,11821,0,2046,88
11822,11822,0,2046,205
11823,11823,0,2046,355
11824,11824,0,2046,536
11825,11825,0,2046,745
11826,11826,0,2046,975
11827,11827,0,2046,1226
11828,11828,0,2046,1491
11829,11829,0,2046,1765
11830,11830,0,2046,2044
11831,11831,0,2046,2323
11832,11832,0,2046,2598
11833,11833,0,2046,2861
11834,11834,0,2047,3111
11835,11835,0,2046,3340
11836,11836,0,2046,3546
11837,11837,0,2046,3724
11838,11838,0,2046,3873
11839,11839,0,2046,3988
11840,11840,0,2046,4068
11841,11841,0,2047,4095
11842,11842,0,2046,4095
11843,11843,0,2047,4086
11844,11844,0,2046,4018
11845,11845,0,2046,3913
11846,11846,0,2047,3775
11847,11847,0,2047,3606
11848,11848,0,2046,3409
11849,11849,0,2046,3186
11850,11850,0,2046,2942
11851,11851,0,2046,2683
11852,11852,0,2046,2412
11853,11853,0,2046,2133
11854,11854,0,2046,1853
11855,11855,0,2046,1577
11856,11856,0,2046,1307
11857,11857,0,2046,1052
11858,11858,0,2046,813
11859,11859,0,2046,597
11860,11860,0,2046,408
11861,11861,0,2046,248
11862,11862,0,2046,120
11863,11863,0,2047,28
11864,11864,0,2047,0
11865,11865,0,2047,0
11866,11866,0,2046,0
11867,11867,0,2047,29
11868,11868,0,2046,122
11869,11869,0,2046,250
11870,11870,0,2047,409
11871,11871,0,2046,599
11872,11872,0,2047,815
11873,11873,0,2047,1052
11874,11874,0,2046,1307
11875,11875,0,2046,1576
11876,11876,0,2047,1852
11877,11877,0,2046,2132
11878,11878,0,2047,2410
11879,11879,0,2046,2681
11880,11880,0,2045,2941
11881,11881,0,2047,3185
11882,11882,0,2047,3407
11883,11883,0,2047,3604
11884,11884,0,2047,3774
11885,11885,0,2047,3913
11886,11886,0,2046,4017
11887,11887,0,2046,4086
11888,11888,0,2046,4095
11889,11889,0,2046,4095
11890,11890,0,2046,4069
11891,11891,0,2046,3988
11892,11892,0,2047,3874
11893,11893,0,2046,3726
11894,11894,0,2046,3547
11895,11895,0,2046,3341
11896,11896,0,2046,3112
11897,11897,0,2046,2864
11898,11898,0,2046,2599
11899,11899,0,2046,2324
11900,11900,0,2046,2045
11901,11901,0,2047,1765
11902,11902,0,2046,1490
11903,11903,0,2046,1225
11904,11904,0,2046,975
11905,11905,0,2047,744
11906,11906,0,2046,535
11907,11907,0,2046,355
11908,11908,0,2046,204
11909,11909,0,2047,87
11910,11910,0,2047,6
11911,11911,0,2046,0
11912,11912,0,2047,0
11913,11913,0,2046,0
11914,11914,0,2046,53
11915,11915,0,2046,158
11916,11916,0,2047,296
11917,11917,0,2047,466
11918,11918,0,2046,664
11919,11919,0,2046,887
11920,11920,0,2046,1131
11921,11921,0,2047,1391
11922,11922,0,2047,1662
11923,11923,0,2046,1941
11924,11924,0,2046,2220
11925,11925,0,2047,2497
11926,11926,0,2046,2765
11927,11927,0,2046,3020
11928,11928,0,2046,3257
11929,11929,0,2046,3472
11930,11930,0,2047,3662
11931,11931,0,2046,3822
11932,11932,0,2047,3949
11933,11933,0,2046,4043
11934,11934,0,2047,4095
11935,11935,0,2047,4095
11936,11936,0,2046,4095
11937,11937,0,2046,4047
11938,11938,0,2046,3957
11939,11939,0,2047,3831
11940,11940,0,2047,3673
11941,11941,0,2046,3485
11942,11942,0,2046,3272
11943,11943,0,2046,3036
11944,11944,0,2045,2782
11945,11945,0,2047,2513
11946,11946,0,2046,2238
11947,11947,0,2047,1957
11948,11948,0,2047,1678
11949,11949,0,2046,1406
11950,11950,0,2047,1144
11951,11951,0,2047,900
11952,11952,0,2046,675
11953,11953,0,2047,475
11954,11954,0,2046,304
11955,11955,0,2046,164
11956,11956,0,2047,58
11957,11957,0,2047,0
11958,11958,0,2047,0
11959,11959,0,2046,0
11960,11960,0,2047,3
11961,11961,0,2047,84
11962,11962,0,2046,198
11963,11963,0,2046,347
11964,11964,0,2046,525
11965,11965,0,2046,732
11966,11966,0,2046,961
11967,11967,0,2047,1211
11968,11968,0,2046,1474
11969,11969,0,2047,1749
11970,11970,0,2046,2029
11971,11971,0,2047,2308
11972,11972,0,2047,2582
11973,11973,0,2047,2846
11974,11974,0,2046,3097
11975,11975,0,2047,3327
11976,11976,0,2047,3535
11977,11977,0,2046,3716
11978,11978,0,2046,3865
11979,11979,0,2047,3982
11980,11980,0,2046,4064
11981,11981,0,2047,4095
11982,11982,0,2046,4095
11983,11983,0,2046,4088
11984,11984,0,2047,4022
11985,11985,0,2046,3920
11986,11986,0,2047,3784
11987,11987,0,2046,3617
11988,11988,0,2047,3421
11989,11989,0,2047,3200
11990,11990,0,2047,2957
11991,11991,0,2046,2698
11992,11992,0,2046,2427
11993,11993,0,2046,2150
11994,11994,0,2047,1869
11995,11995,0,2046,1592
11996,11996,0,2046,1322
11997,11997,0,2046,1065
11998,11998,0,2046,826
11999,11999,0,2046,609
12000,12000,0,2046,418
12001,12001,0,2046,256
12002,12002,0,2046,127
12003,12003,0,2046,32
12004,12004,0,2047,0
12005,12005,0,2047,0
12006,12006,0,2047,0
12007,12007,0,2046,24
12008,12008,0,2046,115
12009,12009,0,2047,241
12010,12010,0,2046,400
12011,12011,0,2046,588
12012,12012,0,2047,802
12013,12013,0,2046,1038
12014,12014,0,2046,1292
12015,12015,0,2046,1560
12016,12016,0,2046,1837
12017,12017,0,2046,2116
12018,12018,0,2046,2395
12019,12019,0,2047,2666
12020,12020,0,2047,2927
12021,12021,0,2046,3171
12022,12022,0,2046,3395
12023,12023,0,2047,3594
12024,12024,0,2047,3766
12025,12025,0,2047,3905
12026,12026,0,2046,4012
12027,12027,0,2047,4083
12028,12028,0,2047,4095
12029,12029,0,2047,4095
12030,12030,0,2047,4072
12031,12031,0,2046,3993
12032,12032,0,2046,3881
12033,12033,0,2046,3735
12034,12034,0,2046,3558
12035,12035,0,2046,3354
12036,12036,0,2046,3126
12037,12037,0,2047,2878
12038,12038,0,2046,2614
12039,12039,0,2047,2341
12040,12040,0,2046,2061
12041,12041,0,2046,1781
12042,12042,0,2046,1505
12043,12043,0,2047,1240
12044,12044,0,2046,988
12045,12045,0,2046,756
12046,12046,0,2047,546
12047,12047,0,2046,364
12048,12048,0,2046,211
12049,12049,0,2046,93
12050,12050,0,2046,9
12051,12051,0,2047,0
12052,12052,0,2047,0
12053,12053,0,2047,0
12054,12054,0,2046,49
12055,12055,0,2047,151
12056,12056,0,2046,288
12057,12057,0,2047,456
12058,12058,0,2046,652
12059,12059,0,2047,874
12060,12060,0,2047,1117
12061,12061,0,2046,1376
12062,12062,0,2046,1647
12063,12063,0,2046,1925
12064,12064,0,2046,2204
12065,12065,0,2047,2481
12066,12066,0,2047,2750
12067,12067,0,2047,3007
12068,12068,0,2046,3244
12069,12069,0,2046,3460
12070,12070,0,2047,3651
12071,12071,0,2046,3813
12072,12072,0,2047,3942
12073,12073,0,2046,4037
12074,12074,0,2046,4095
12075,12075,0,2046,4095
12076,12076,0,2047,4095
12077,12077,0,2046,4052
12078,12078,0,2046,3962
12079,12079,0,2046,3838
12080,12080,0,2046,3682
12081,12081,0,2047,3496
12082,12082,0,2046,3285
12083,12083,0,2046,3050
12084,12084,0,2046,2796
12085,12085,0,2047,2529
12086,12086,0,2047,2253
12087,12087,0,2046,1973
12088,12088,0,2046,1694
12089,12089,0,2046,1422
12090,12090,0,2046,1159
12091,12091,0,2046,914
12092,12092,0,2047,688
12093,12093,0,2046,486
12094,12094,0,2046,313
12095,12095,0,2047,171
12096,12096,0,2046,64
12097,12097,0,2046,0
12098,12098,0,2047,0
12099,12099,0,2046,0
12100,12100,0,2046,0
12101,12101,0,2046,78
12102,12102,0,2046,191
12103,12103,0,2046,338
12104,12104,0,2046,515
12105,12105,0,2046,720
12106,12106,0,2046,948
12107,12107,0,2046,1196
12108,12108,0,2046,1460
12109,12109,0,2047,1734
12110,12110,0,2046,2012
12111,12111,0,2046,2292
12112,12112,0,2046,2567
12113,12113,0,2046,2832
12114,12114,0,2046,3083
12115,12115,0,2046,3315
12116,12116,0,2046,3524
12117,12117,0,2046,3706
12118,12118,0,2046,3858
12119,12119,0,2046,3977
12120,12120,0,2046,4060
12121,12121,0,2047,4095
12122,12122,0,2047,4095
12123,12123,0,2046,4091
12124,12124,0,2046,4027
12125,12125,0,2046,3928
12126,12126,0,2047,3794
12127,12127,0,2047,3627
12128,12128,0,2046,3432
12129,12129,0,2046,3213
12130,12130,0,2047,2972
12131,12131,0,2047,2714
12132,12132,0,2046,2443
12133,12133,0,2047,2165
12134,12134,0,2047,1884
12135,12135,0,2046,1607
12136,12136,0,2047,1337
12137,12137,0,2046,1079
12138,12138,0,2047,839
12139,12139,0,2046,620
12140,12140,0,2046,428
12141,12141,0,2046,264
12142,12142,0,2046,133
12143,12143,0,2046,36
12144,12144,0,2046,0
12145,12145,0,2046,0
12146,12146,0,2046,0
12147,12147,0,2046,20
12148,12148,0,2046,109
12149,12149,0,2046,234
12150,12150,0,2047,390
12151,12151,0,2046,576
12152,12152,0,2047,789
12153,12153,0,2046,1024
12154,12154,0,2046,1278
12155,12155,0,2047,1545
12156,12156,0,2047,1821
12157,12157,0,2046,2101
12158,12158,0,2046,2379
12159,12159,0,2046,2652
12160,12160,0,2046,2913
12161,12161,0,2046,3158
12162,12162,0,2046,3382
12163,12163,0,2046,3584
12164,12164,0,2047,3757
12165,12165,0,2046,3900
12166,12166,0,2046,4007
12167,12167,0,2046,4080
12168,12168,0,2047,4095
12169,12169,0,2047,4095
12170,12170,0,2046,4075
12171,12171,0,2047,3999
12172,12172,0,2047,3888
12173,12173,0,2046,3745
12174,12174,0,2047,3570
12175,12175,0,2046,3366
12176,12176,0,2046,3139
12177,12177,0,2046,2892
12178,12178,0,2047,2630
12179,12179,0,2046,2356
12180,12180,0,2047,2077
12181,12181,0,2047,1797
12182,12182,0,2046,1521
12183,12183,0,2047,1255
12184,12184,0,2047,1002
12185,12185,0,2047,768
12186,12186,0,2047,557
12187,12187,0,2046,374
12188,12188,0,2046,219
12189,12189,0,2046,99
12190,12190,0,2047,13
12191,12191,0,2046,0
12192,12192,0,2046,0
12193,12193,0,2047,0
12194,12194,0,2047,45
12195,12195,0,2046,144
12196,12196,0,2046,279
12197,12197,0,2047,445
12198,12198,0,2047,640
12199,12199,0,2047,861
12200,12200,0,2046,1102
12201,12201,0,2046,1361
12202,12202,0,2046,1631
12203,12203,0,2046,1909
12204,12204,0,2047,2189
12205,12205,0,2047,2466
12206,12206,0,2046,2735
12207,12207,0,2046,2992
12208,12208,0,2046,3231
12209,12209,0,2047,3449
12210,12210,0,2047,3642
12211,12211,0,2047,3805
12212,12212,0,2047,3937
12213,12213,0,2046,4034
12214,12214,0,2046,4095
12215,12215,0,2047,4095
12216,12216,0,2047,4095
12217,12217,0,2046,4055
12218,12218,0,2046,3968
12219,12219,0,2046,3847
12220,12220,0,2047,3692
12221,12221,0,2047,3508
12222,12222,0,2047,3297
12223,12223,0,2047,3064
12224,12224,0,2046,2811
12225,12225,0,2047,2544
12226,12226,0,2046,2269
12227,12227,0,2046,1989
12228,12228,0,2046,1710
12229,12229,0,2046,1436
12230,12230,0,2047,1174
12231,12231,0,2047,927
12232,12232,0,2046,699
12233,12233,0,2046,497
12234,12234,0,2047,322
12235,12235,0,2047,178
12236,12236,0,2047,69
12237,12237,0,2046,0
12238,12238,0,2046,0
12239,12239,0,2046,0
12240,12240,0,2046,0
12241,12241,0,2046,72
12242,12242,0,2047,184
12243,12243,0,2047,328
12244,12244,0,2046,504
12245,12245,0,2047,708
12246,12246,0,2045,935
12247,12247,0,2047,1182
12248,12248,0,2046,1445
12249,12249,0,2047,1718
12250,12250,0,2046,1997
12251,12251,0,2046,2277
12252,12252,0,2046,2552
12253,12253,0,2047,2817
12254,12254,0,2046,3069
12255,12255,0,2046,3303
12256,12256,0,2047,3513
12257,12257,0,2046,3696
12258,12258,0,2046,3850
12259,12259,0,2047,3971
12260,12260,0,2047,4057
12261,12261,0,2047,4095
12262,12262,0,2047,4095
12263,12263,0,2046,4094
12264,12264,0,2046,4032
12265,12265,0,2046,3934
12266,12266,0,2046,3801
12267,12267,0,2046,3637
12268,12268,0,2047,3444
12269,12269,0,2046,3226
12270,12270,0,2046,2986
12271,12271,0,2046,2729
12272,12272,0,2046,2458
12273,12273,0,2047,2181
12274,12274,0,2047,1900
12275,12275,0,2047,1622
12276,12276,0,2047,1352
12277,12277,0,2046,1093
12278,12278,0,2047,853
12279,12279,0,2046,632
12280,12280,0,2046,438
12281,12281,0,2046,273
12282,12282,0,2046,139
12283,12283,0,2047,40
12284,12284,0,2047,0
12285,12285,0,2046,0
12286,12286,0,2047,0
12287,12287,0,2046,17
12288,12288,0,2047,104
12289,12289,0,2046,225
12290,12290,0,2046,381
12291,12291,0,2047,565
12292,12292,0,2047,777
12293,12293,0,2046,1011
12294,12294,0,2046,1263
12295,12295,0,2047,1530
12296,12296,0,2046,1805
12297,12297,0,2046,2085
12298,12298,0,2047,2363
12299,12299,0,2046,2636
12300,12300,0,2046,2898
12301,12301,0,2047,3145
12302,12302,0,2046,3371
12303,12303,0,2046,3573
12304,12304,0,2046,3748
12305,12305,0,2047,3892
12306,12306,0,2047,4002
12307,12307,0,2046,4076
12308,12308,0,2046,4095
12309,12309,0,2047,4095
12310,12310,0,2046,4078
12311,12311,0,2047,4005
12312,12312,0,2046,3896
12313,12313,0,2046,3753
12314,12314,0,2046,3580
12315,12315,0,2046,3378
12316,12316,0,2047,3153
12317,12317,0,2046,2906
12318,12318,0,2047,2644
12319,12319,0,2046,2372
12320,12320,0,2046,2093
12321,12321,0,2046,1813
12322,12322,0,2047,1536
12323,12323,0,2046,1269
12324,12324,0,2046,1016
12325,12325,0,2046,781
12326,12326,0,2046,569
12327,12327,0,2047,383
12328,12328,0,2046,228
12329,12329,0,2046,105
12330,12330,0,2047,17
12331,12331,0,2046,0
12332,12332,0,2047,0
12333,12333,0,2047,0
12334,12334,0,2046,40
12335,12335,0,2046,137
12336,12336,0,2046,271
12337,12337,0,2046,435
12338,12338,0,2046,629
12339,12339,0,2046,848
12340,12340,0,2048,1088
12341,12341,0,2046,1346
12342,12342,0,2046,1616
12343,12343,0,2046,1892
12344,12344,0,2046,2173
12345,12345,0,2047,2450
12346,12346,0,2047,2720
12347,12347,0,2047,2978
12348,12348,0,2047,3218
12349,12349,0,2047,3438
12350,12350,0,2046,3632
12351,12351,0,2046,3796
12352,12352,0,2047,3930
12353,12353,0,2046,4029
12354,12354,0,2047,4094
12355,12355,0,2046,4095
12356,12356,0,2047,4095
12357,12357,0,2047,4060
12358,12358,0,2047,3975
12359,12359,0,2047,3854
12360,12360,0,2046,3702
12361,12361,0,2047,3519
12362,12362,0,2046,3310
12363,12363,0,2046,3078
12364,12364,0,2045,2826
12365,12365,0,2046,2560
12366,12366,0,2046,2285
12367,12367,0,2046,2005
12368,12368,0,2046,1725
12369,12369,0,2046,1451
12370,12370,0,2047,1188
12371,12371,0,2047,940
12372,12372,0,2046,712
12373,12373,0,2046,507
12374,12374,0,2047,331
12375,12375,0,2047,185
12376,12376,0,2046,73
12377,12377,0,2046,0
12378,12378,0,2046,0
12379,12379,0,2046,0
12380,12380,0,2047,0
12381,12381,0,2046,67
12382,12382,0,2047,176
12383,12383,0,2046,319
12384,12384,0,2046,493
12385,12385,0,2047,696
12386,12386,0,2047,921
12387,12387,0,2046,1168
12388,12388,0,2047,1430
12389,12389,0,2046,1703
12390,12390,0,2047,1981
12391,12391,0,2046,2261
12392,12392,0,2046,2536
12393,12393,0,2046,2803
12394,12394,0,2046,3055
12395,12395,0,2046,3290
12396,12396,0,2046,3501
12397,12397,0,2047,3687
12398,12398,0,2046,3842
12399,12399,0,2047,3965
12400,12400,0,2046,4053
12401,12401,0,2047,4095
12402,12402,0,2046,4095
12403,12403,0,2047,4095
12404,12404,0,2047,4037
12405,12405,0,2046,3940
12406,12406,0,2047,3809
12407,12407,0,2047,3648
12408,12408,0,2047,3457
12409,12409,0,2046,3239
12410,12410,0,2046,3000
12411,12411,0,2046,2744
12412,12412,0,2046,2475
12413,12413,0,2046,2197
12414,12414,0,2046,1917
12415,12415,0,2046,1639
12416,12416,0,2046,1367
12417,12417,0,2046,1108
12418,12418,0,2046,866
12419,12419,0,2047,644
12420,12420,0,2046,448
12421,12421,0,2046,282
12422,12422,0,2046,146
12423,12423,0,2046,46
12424,12424,0,2047,0
12425,12425,0,2047,0
12426,12426,0,2046,0
12427,12427,0,2046,13
12428,12428,0,2046,98
12429,12429,0,2047,217
12430,12430,0,2047,371
12431,12431,0,2046,554
12432,12432,0,2046,764
12433,12433,0,2046,997
12434,12434,0,2046,1249
12435,12435,0,2046,1514
12436,12436,0,2047,1790
12437,12437,0,2047,2069
12438,12438,0,2046,2348
12439,12439,0,2047,2621
12440,12440,0,2047,2884
12441,12441,0,2046,3131
12442,12442,0,2046,3359
12443,12443,0,2046,3563
12444,12444,0,2046,3738
12445,12445,0,2046,3885
12446,12446,0,2046,3997
12447,12447,0,2047,4074
12448,12448,0,2046,4095
12449,12449,0,2046,4095
12450,12450,0,2046,4081
12451,12451,0,2046,4009
12452,12452,0,2046,3903
12453,12453,0,2046,3762
12454,12454,0,2046,3590
12455,12455,0,2046,3391
12456,12456,0,2047,3166
12457,12457,0,2046,2921
12458,12458,0,2046,2660
12459,12459,0,2047,2388
12460,12460,0,2047,2109
12461,12461,0,2046,1828
12462,12462,0,2047,1551
12463,12463,0,2046,1285
12464,12464,0,2046,1030
12465,12465,0,2046,793
12466,12466,0,2046,580
12467,12467,0,2047,393
12468,12468,0,2046,235
12469,12469,0,2046,111
12470,12470,0,2047,22
12471,12471,0,2046,0
12472,12472,0,2046,0
12473,12473,0,2047,0
12474,12474,0,2046,35
12475,12475,0,2046,132
12476,12476,0,2046,263
12477,12477,0,2047,426
12478,12478,0,2046,617
12479,12479,0,2046,835
12480,12480,0,2046,1074
12481,12481,0,2046,1331
12482,12482,0,2047,1600
12483,12483,0,2047,1877
12484,12484,0,2046,2157
12485,12485,0,2046,2435
12486,12486,0,2046,2706
12487,12487,0,2046,2963
12488,12488,0,2046,3205
12489,12489,0,2046,3426
12490,12490,0,2047,3621
12491,12491,0,2046,3789
12492,12492,0,2046,3924
12493,12493,0,2046,4024
12494,12494,0,2047,4090
12495,12495,0,2047,4095
12496,12496,0,2046,4095
12497,12497,0,2046,4063
12498,12498,0,2047,3979
12499,12499,0,2046,3862
12500,12500,0,2046,3711
12501,12501,0,2046,3530
12502,12502,0,2046,3322
12503,12503,0,2047,3091
12504,12504,0,2046,2840
12505,12505,0,2046,2575
12506,12506,0,2046,2300
12507,12507,0,2046,2020
12508,12508,0,2046,1741
12509,12509,0,2046,1467
12510,12510,0,2046,1202
12511,12511,0,2047,954
12512,12512,0,2046,724
12513,12513,0,2046,518
12514,12514,0,2046,340
12515,12515,0,2047,192
12516,12516,0,2047,79
12517,12517,0,2046,0
12518,12518,0,2047,0
12519,12519,0,2047,0
12520,12520,0,2046,0
12521,12521,0,2046,62
12522,12522,0,2046,169
12523,12523,0,2047,311
12524,12524,0,2046,483
12525,12525,0,2047,683
12526,12526,0,2046,908
12527,12527,0,2047,1153
12528,12528,0,2047,1415
12529,12529,0,2047,1687
12530,12530,0,2046,1965
12531,12531,0,2046,2245
12532,12532,0,2047,2521
12533,12533,0,2047,2788
12534,12534,0,2046,3042
12535,12535,0,2047,3276
12536,12536,0,2047,3490
12537,12537,0,2047,3677
12538,12538,0,2046,3834
12539,12539,0,2046,3959
12540,12540,0,2046,4048
12541,12541,0,2046,4095
12542,12542,0,2046,4095
12543,12543,0,2046,4095
12544,12544,0,2046,4041
12545,12545,0,2046,3947
12546,12546,0,2047,3818
12547,12547,0,2047,3658
12548,12548,0,2046,3468
12549,12549,0,2046,3252
12550,12550,0,2046,3014
12551,12551,0,2046,2759
12552,12552,0,2047,2490
12553,12553,0,2046,2212
12554,12554,0,2047,1932
12555,12555,0,2047,1654
12556,12556,0,2047,1382
12557,12557,0,2047,1122
12558,12558,0,2046,878
12559,12559,0,2047,656
12560,12560,0,2046,459
12561,12561,0,2047,290
12562,12562,0,2046,153
12563,12563,0,2047,51
12564,12564,0,2046,0
12565,12565,0,2047,0
12566,12566,0,2046,0
12567,12567,0,2047,10
12568,12568,0,2046,92
12569,12569,0,2047,210
12570,12570,0,2046,362
12571,12571,0,2047,543
12572,12572,0,2046,752
12573,12573,0,2046,983
12574,12574,0,2047,1234
12575,12575,0,2047,1499
12576,12576,0,2046,1774
12577,12577,0,2046,2053
12578,12578,0,2046,2333
12579,12579,0,2046,2606
12580,12580,0,2047,2869
12581,12581,0,2047,3118
12582,12582,0,2046,3346
12583,12583,0,2046,3552
12584,12584,0,2047,3730
12585,12585,0,2046,3878
12586,12586,0,2046,3991
12587,12587,0,2047,4070
12588,12588,0,2046,4095
12589,12589,0,2046,4095
12590,12590,0,2046,4085
12591,12591,0,2046,4015
12592,12592,0,2047,3910
12593,12593,0,2046,3771
12594,12594,0,2047,3601
12595,12595,0,2047,3402
12596,12596,0,2047,3179
12597,12597,0,2046,2935
12598,12598,0,2046,2675
12599,12599,0,2047,2403
12600,12600,0,2047,2125
12601,12601,0,2046,1844
12602,12602,0,2047,1568
12603,12603,0,2046,1298
12604,12604,0,2046,1043
12605,12605,0,2047,807
12606,12606,0,2046,591
12607,12607,0,2046,402
12608,12608,0,2046,244
12609,12609,0,2046,117
12610,12610,0,2046,25
12611,12611,0,2046,0
12612,12612,0,2047,0
12613,12613,0,2046,0
12614,12614,0,2046,31
12615,12615,0,2046,125
12616,12616,0,2047,254
12617,12617,0,2046,415
12618,12618,0,2046,606
12619,12619,0,2046,821
12620,12620,0,2046,1061
12621,12621,0,2046,1316
12622,12622,0,2047,1584
12623,12623,0,2045,1861
12624,12624,0,2047,2141
12625,12625,0,2047,2419
12626,12626,0,2047,2690
12627,12627,0,2046,2949
12628,12628,0,2046,3192
12629,12629,0,2046,3414
12630,12630,0,2047,3610
12631,12631,0,2046,3779
12632,12632,0,2046,3916
12633,12633,0,2046,4020
12634,12634,0,2046,4087
12635,12635,0,2046,4095
12636,12636,0,2046,4095
12637,12637,0,2047,4067
12638,12638,0,2047,3985
12639,12639,0,2047,3869
12640,12640,0,2046,3721
12641,12641,0,2046,3541
12642,12642,0,2046,3334
12643,12643,0,2047,3104
12644,12644,0,2047,2855
12645,12645,0,2046,2591
12646,12646,0,2046,2316
12647,12647,0,2046,2036
12648,12648,0,2047,1756
12649,12649,0,2047,1481
12650,12650,0,2047,1217
12651,12651,0,2046,967
12652,12652,0,2047,736
12653,12653,0,2047,528
12654,12654,0,2046,349
12655,12655,0,2047,199
12656,12656,0,2047,84
12657,12657,0,2046,4
12658,12658,0,2047,0
12659,12659,0,2046,0
12660,12660,0,2047,0
12661,12661,0,2047,57
12662,12662,0,2047,162
12663,12663,0,2047,301
12664,12664,0,2046,472
12665,12665,0,2047,671
12666,12666,0,2047,895
12667,12667,0,2047,1139
12668,12668,0,2046,1399
12669,12669,0,2047,1671
12670,12670,0,2047,1949
12671,12671,0,2047,2229
12672,12672,0,2046,2506
12673,12673,0,2046,2773
12674,12674,0,2047,3027
12675,12675,0,2046,3264
12676,12676,0,2047,3479
12677,12677,0,2047,3667
12678,12678,0,2046,3826
12679,12679,0,2046,3953
12680,12680,0,2047,4045
12681,12681,0,2047,4095
12682,12682,0,2046,4095
12683,12683,0,2047,4095
12684,12684,0,2047,4045
12685,12685,0,2047,3952
12686,12686,0,2046,3826
12687,12687,0,2046,3667
12688,12688,0,2046,3479
12689,12689,0,2046,3265
12690,12690,0,2046,3028
12691,12691,0,2047,2773
12692,12692,0,2046,2504
12693,12693,0,2046,2229
12694,12694,0,2046,1948
12695,12695,0,2046,1670
12696,12696,0,2046,1398
12697,12697,0,2047,1137
12698,12698,0,2046,892
12699,12699,0,2047,668
12700,12700,0,2047,469
12701,12701,0,2046,299
12702,12702,0,2047,160
12703,12703,0,2047,56
12704,12704,0,2047,0
12705,12705,0,2046,0
12706,12706,0,2046,0
12707,12707,0,2046,5
12708,12708,0,2046,86
12709,12709,0,2046,202
12710,12710,0,2047,352
12711,12711,0,2046,531
12712,12712,0,2046,739
12713,12713,0,2046,969
12714,12714,0,2047,1219
12715,12715,0,2046,1483
12716,12716,0,2047,1758
12717,12717,0,2046,2037
12718,12718,0,2046,2317
12719,12719,0,2046,2590
12720,12720,0,2047,2856
12721,12721,0,2046,3104
12722,12722,0,2046,3334
12723,12723,0,2046,3541
12724,12724,0,2046,3719
12725,12725,0,2046,3870
12726,12726,0,2047,3985
12727,12727,0,2046,4066
12728,12728,0,2047,4095
12729,12729,0,2046,4095
12730,12730,0,2046,4087
12731,12731,0,2046,4019
12732,12732,0,2046,3917
12733,12733,0,2046,3779
12734,12734,0,2045,3611
12735,12735,0,2046,3414
12736,12736,0,2046,3192
12737,12737,0,2046,2950
12738,12738,0,2046,2690
12739,12739,0,2046,2418
12740,12740,0,2046,2140
12741,12741,0,2047,1860
12742,12742,0,2046,1583
12743,12743,0,2046,1314
12744,12744,0,2046,1057
12745,12745,0,2046,820
12746,12746,0,2047,603
12747,12747,0,2047,413
12748,12748,0,2047,251
12749,12749,0,2046,123
12750,12750,0,2046,30
12751,12751,0,2046,0
12752,12752,0,2046,0
12753,12753,0,2046,0
12754,12754,0,2047,27
12755,12755,0,2047,119
12756,12756,0,2046,246
12757,12757,0,2047,405
12758,12758,0,2046,594
12759,12759,0,2046,809
12760,12760,0,2046,1046
12761,12761,0,2047,1301
12762,12762,0,2046,1569
12763,12763,0,2046,1846
12764,12764,0,2047,2125
12765,12765,0,2046,2403
12766,12766,0,2047,2675
12767,12767,0,2046,2935
12768,12768,0,2046,3178
12769,12769,0,2047,3402
12770,12770,0,2047,3601
12771,12771,0,2046,3771
12772,12772,0,2047,3910
12773,12773,0,2047,4015
12774,12774,0,2047,4085
12775,12775,0,2047,4095
12776,12776,0,2046,4095
12777,12777,0,2046,4070
12778,12778,0,2047,3990
12779,12779,0,2046,3876
12780,12780,0,2047,3730
12781,12781,0,2047,3552
12782,12782,0,2047,3347
12783,12783,0,2046,3118
12784,12784,0,2046,2870
12785,12785,0,2047,2606
12786,12786,0,2047,2332
12787,12787,0,2046,2052
12788,12788,0,2047,1772
12789,12789,0,2046,1497
12790,12790,0,2046,1232
12791,12791,0,2047,980
12792,12792,0,2046,750
12793,12793,0,2046,540
12794,12794,0,2046,359
12795,12795,0,2047,208
12796,12796,0,2046,90
12797,12797,0,2047,7
12798,12798,0,2046,0
12799,12799,0,2047,0
12800,12800,0,2046,0
12801,12801,0,2046,52
12802,12802,0,2046,155
12803,12803,0,2046,293
12804,12804,0,2046,462
12805,12805,0,2047,659
12806,12806,0,2046,882
12807,12807,0,2047,1125
12808,12808,0,2047,1384
12809,12809,0,2046,1655
12810,12810,0,2046,1932
12811,12811,0,2047,2213
12812,12812,0,2046,2490
12813,12813,0,2046,2758
12814,12814,0,2047,3013
12815,12815,0,2046,3251
12816,12816,0,2046,3467
12817,12817,0,2047,3657
12818,12818,0,2047,3818
12819,12819,0,2047,3947
12820,12820,0,2046,4040
12821,12821,0,2046,4095
12822,12822,0,2046,4095
12823,12823,0,2047,4095
12824,12824,0,2046,4049
12825,12825,0,2047,3959
12826,12826,0,2047,3834
12827,12827,0,2046,3677
12828,12828,0,2046,3491
12829,12829,0,2047,3277
12830,12830,0,2046,3042
12831,12831,0,2046,2788
12832,12832,0,2047,2521
12833,12833,0,2047,2244
12834,12834,0,2046,1965
12835,12835,0,2046,1685
12836,12836,0,2046,1413
12837,12837,0,2046,1151
12838,12838,0,2046,906
12839,12839,0,2047,680
12840,12840,0,2047,480
12841,12841,0,2047,308
12842,12842,0,2046,166
12843,12843,0,2046,61
12844,12844,0,2046,0
12845,12845,0,2046,0
12846,12846,0,2047,0
12847,12847,0,2047,1
12848,12848,0,2047,81
12849,12849,0,2047,195
12850,12850,0,2047,343
12851,12851,0,2047,521
12852,12852,0,2046,726
12853,12853,0,2047,957
12854,12854,0,2046,1205
12855,12855,0,2046,1469
12856,12856,0,2046,1743
12857,12857,0,2046,2021
12858,12858,0,2047,2301
12859,12859,0,2046,2575
12860,12860,0,2046,2841
12861,12861,0,2046,3091
12862,12862,0,2046,3322
12863,12863,0,2046,3530
12864,12864,0,2046,3711
12865,12865,0,2046,3862
12866,12866,0,2046,3980
12867,12867,0,2047,4063
12868,12868,0,2046,4095
12869,12869,0,2047,4095
12870,12870,0,2047,4090
12871,12871,0,2047,4025
12872,12872,0,2046,3923
12873,12873,0,2046,3787
12874,12874,0,2047,3622
12875,12875,0,2046,3426
12876,12876,0,2047,3205
12877,12877,0,2046,2964
12878,12878,0,2046,2705
12879,12879,0,2046,2434
12880,12880,0,2046,2157
12881,12881,0,2046,1875
12882,12882,0,2046,1598
12883,12883,0,2046,1328
12884,12884,0,2047,1071
12885,12885,0,2046,832
12886,12886,0,2046,614
12887,12887,0,2047,422
12888,12888,0,2046,260
12889,12889,0,2046,129
12890,12890,0,2047,34
12891,12891,0,2046,0
12892,12892,0,2047,0
12893,12893,0,2046,0
12894,12894,0,2047,23
12895,12895,0,2047,113
12896,12896,0,2047,238
12897,12897,0,2046,396
12898,12898,0,2047,583
12899,12899,0,2047,797
12900,12900,0,2047,1032
12901,12901,0,2047,1286
12902,12902,0,2046,1554
12903,12903,0,2046,1830
12904,12904,0,2046,2110
12905,12905,0,2047,2388
12906,12906,0,2046,2660
12907,12907,0,2046,2921
12908,12908,0,2046,3166
12909,12909,0,2046,3390
12910,12910,0,2046,3590
12911,12911,0,2047,3762
12912,12912,0,2046,3903
12913,12913,0,2047,4009
12914,12914,0,2046,4081
12915,12915,0,2047,4095
12916,12916,0,2047,4095
12917,12917,0,2046,4074
12918,12918,0,2047,3996
12919,12919,0,2046,3884
12920,12920,0,2046,3739
12921,12921,0,2047,3563
12922,12922,0,2046,3359
12923,12923,0,2046,3132
12924,12924,0,2047,2884
12925,12925,0,2046,2621
12926,12926,0,2047,2347
12927,12927,0,2046,2068
12928,12928,0,2047,1788
12929,12929,0,2047,1512
12930,12930,0,2047,1246
12931,12931,0,2046,994
12932,12932,0,2046,761
12933,12933,0,2046,552
12934,12934,0,2047,368
12935,12935,0,2047,215
12936,12936,0,2047,96
12937,12937,0,2046,11
12938,12938,0,2046,0
12939,12939,0,2046,0
12940,12940,0,2047,0
12941,12941,0,2047,47
12942,12942,0,2046,148
12943,12943,0,2046,284
12944,12944,0,2047,451
12945,12945,0,2047,648
12946,12946,0,2046,869
12947,12947,0,2047,1110
12948,12948,0,2047,1369
12949,12949,0,2047,1640
12950,12950,0,2047,1917
12951,12951,0,2046,2198
12952,12952,0,2046,2474
12953,12953,0,2046,2744
12954,12954,0,2046,3000
12955,12955,0,2046,3239
12956,12956,0,2046,3456
12957,12957,0,2046,3648
12958,12958,0,2046,3809
12959,12959,0,2046,3941
12960,12960,0,2047,4036
12961,12961,0,2047,4095
12962,12962,0,2046,4095
12963,12963,0,2047,4095
12964,12964,0,2046,4053
12965,12965,0,2046,3964
12966,12966,0,2046,3842
12967,12967,0,2046,3687
12968,12968,0,2046,3502
12969,12969,0,2046,3290
12970,12970,0,2046,3055
12971,12971,0,2046,2803
12972,12972,0,2046,2536
12973,12973,0,2047,2260
12974,12974,0,2047,1980
12975,12975,0,2046,1700
12976,12976,0,2046,1428
12977,12977,0,2047,1165
12978,12978,0,2046,919
12979,12979,0,2047,692
12980,12980,0,2047,491
12981,12981,0,2046,317
12982,12982,0,2046,175
12983,12983,0,2046,65
12984,12984,0,2047,0
12985,12985,0,2046,0
12986,12986,0,2047,0
12987,12987,0,2046,0
12988,12988,0,2046,75
12989,12989,0,2047,188
12990,12990,0,2047,333
12991,12991,0,2047,510
12992,12992,0,2047,715
12993,12993,0,2046,943
12994,12994,0,2046,1190
12995,12995,0,2047,1453
12996,12996,0,2046,1728
12997,12997,0,2047,2006
12998,12998,0,2046,2285
12999,12999,0,2047,2561
13000,13000,0,2046,2825
13001,13001,0,2046,3077
13002,13002,0,2047,3309
13003,13003,0,2046,3519
13004,13004,0,2046,3701
13005,13005,0,2046,3855
13006,13006,0,2046,3974
13007,13007,0,2046,4059
13008,13008,0,2046,4095
13009,13009,0,2046,4095
13010,13010,0,2046,4092
13011,13011,0,2047,4029
13012,13012,0,2046,3930
13013,13013,0,2047,3797
13014,13014,0,2046,3632
13015,13015,0,2047,3438
13016,13016,0,2047,3218
13017,13017,0,2046,2977
13018,13018,0,2046,2721
13019,13019,0,2046,2450
13020,13020,0,2047,2172
13021,13021,0,2046,1892
13022,13022,0,2047,1614
13023,13023,0,2046,1344
13024,13024,0,2047,1085
13025,13025,0,2046,844
13026,13026,0,2046,626
13027,13027,0,2047,433
13028,13028,0,2047,268
13029,13029,0,2046,136
13030,13030,0,2047,39
13031,13031,0,2047,0
13032,13032,0,2046,0
13033,13033,0,2046,0
13034,13034,0,2047,18
13035,13035,0,2046,107
13036,13036,0,2047,230
13037,13037,0,2047,386
13038,13038,0,2047,571
13039,13039,0,2047,783
13040,13040,0,2047,1018
13041,13041,0,2047,1272
13042,13042,0,2046,1538
13043,13043,0,2046,1814
13044,13044,0,2046,2094
13045,13045,0,2047,2372
13046,13046,0,2046,2645
13047,13047,0,2046,2907
13048,13048,0,2046,3152
13049,13049,0,2047,3377
13050,13050,0,2047,3579
13051,13051,0,2047,3753
13052,13052,0,2047,3896
13053,13053,0,2047,4005
13054,13054,0,2046,4079
13055,13055,0,2047,4095
13056,13056,0,2047,4095
13057,13057,0,2047,4077
13058,13058,0,2047,4001
13059,13059,0,2046,3891
13060,13060,0,2046,3748
13061,13061,0,2046,3573
13062,13062,0,2046,3371
13063,13063,0,2046,3144
13064,13064,0,2047,2898
13065,13065,0,2047,2636
13066,13066,0,2047,2363
13067,13067,0,2046,2084
13068,13068,0,2047,1803
13069,13069,0,2046,1528
13070,13070,0,2046,1260
13071,13071,0,2046,1008
13072,13072,0,2047,774
13073,13073,0,2046,562
13074,13074,0,2046,377
13075,13075,0,2047,223
13076,13076,0,2047,101
13077,13077,0,2047,15
13078,13078,0,2047,0
13079,13079,0,2046,0
13080,13080,0,2046,0
13081,13081,0,2046,43
13082,13082,0,2046,142
13083,13083,0,2047,276
13084,13084,0,2046,441
13085,13085,0,2046,635
13086,13086,0,2046,855
13087,13087,0,2047,1097
13088,13088,0,2047,1354
13089,13089,0,2046,1625
13090,13090,0,2046,1902
13091,13091,0,2047,2182
13092,13092,0,2047,2460
13093,13093,0,2046,2729
13094,13094,0,2046,2986
13095,13095,0,2047,3226
13096,13096,0,2047,3445
13097,13097,0,2047,3637
13098,13098,0,2047,3801
13099,13099,0,2047,3933
13100,13100,0,2047,4032
13101,13101,0,2046,4094
13102,13102,0,2047,4095
13103,13103,0,2046,4095
13104,13104,0,2047,4057
13105,13105,0,2046,3971
13106,13106,0,2046,3850
13107,13107,0,2046,3696
13108,13108,0,2047,3513
13109,13109,0,2046,3303
13110,13110,0,2046,3069
13111,13111,0,2046,2818
13112,13112,0,2046,2552
13113,13113,0,2046,2276
13114,13114,0,2047,1996
13115,13115,0,2047,1717
13116,13116,0,2047,1443
13117,13117,0,2046,1180
13118,13118,0,2046,932
13119,13119,0,2046,705
13120,13120,0,2046,501
13121,13121,0,2047,326
13122,13122,0,2046,181
13123,13123,0,2047,71
13124,13124,0,2047,0
13125,13125,0,2046,0
13126,13126,0,2047,0
13127,13127,0,2047,0
13128,13128,0,2046,70
13129,13129,0,2047,181
13130,13130,0,2047,324
13131,13131,0,2046,500
13132,13132,0,2046,702
13133,13133,0,2046,929
13134,13134,0,2047,1176
13135,13135,0,2046,1439
13136,13136,0,2047,1712
13137,13137,0,2046,1991
13138,13138,0,2046,2270
13139,13139,0,2046,2546
13140,13140,0,2047,2811
13141,13141,0,2047,3063
13142,13142,0,2046,3297
13143,13143,0,2046,3508
13144,13144,0,2047,3692
13145,13145,0,2046,3846
13146,13146,0,2046,3968
13147,13147,0,2047,4055
13148,13148,0,2046,4095
13149,13149,0,2046,4095
13150,13150,0,2046,4095
13151,13151,0,2046,4033
13152,13152,0,2047,3937
13153,13153,0,2047,3805
13154,13154,0,2046,3641
13155,13155,0,2047,3449
13156,13156,0,2046,3231
13157,13157,0,2046,2992
13158,13158,0,2046,2735
13159,13159,0,2047,2465
13160,13160,0,2046,2188
13161,13161,0,2047,1907
13162,13162,0,2046,1629
13163,13163,0,2046,1358
13164,13164,0,2046,1100
13165,13165,0,2046,858
13166,13166,0,2047,638
13167,13167,0,2047,443
13168,13168,0,2046,276
13169,13169,0,2046,143
13170,13170,0,2046,43
13171,13171,0,2046,0
13172,13172,0,2046,0
13173,13173,0,2046,0
13174,13174,0,2047,15
13175,13175,0,2047,101
13176,13176,0,2047,222
13177,13177,0,2046,377
13178,13178,0,2046,561
13179,13179,0,2047,771
13180,13180,0,2046,1005
13181,13181,0,2046,1257
13182,13182,0,2047,1523
13183,13183,0,2047,1798
13184,13184,0,2047,2078
13185,13185,0,2046,2357
13186,13186,0,2047,2629
13187,13187,0,2047,2892
13188,13188,0,2047,3140
13189,13189,0,2046,3366
13190,13190,0,2047,3569
13191,13191,0,2046,3744
13192,13192,0,2046,3889
13193,13193,0,2046,3999
13194,13194,0,2046,4075
13195,13195,0,2046,4095
13196,13196,0,2046,4095
13197,13197,0,2046,4080
13198,13198,0,2047,4007
13199,13199,0,2046,3899
13200,13200,0,2047,3757
13201,13201,0,2046,3585
13202,13202,0,2046,3384
13203,13203,0,2047,3159
13204,13204,0,2046,2913
13205,13205,0,2046,2651
13206,13206,0,2046,2378
13207,13207,0,2046,2100
13208,13208,0,2047,1819
13209,13209,0,2047,1544
13210,13210,0,2046,1275
13211,13211,0,2046,1021
13212,13212,0,2046,786
13213,13213,0,2046,573
13214,13214,0,2046,388
13215,13215,0,2046,231
13216,13216,0,2046,108
13217,13217,0,2046,19
13218,13218,0,2046,0
13219,13219,0,2046,0
13220,13220,0,2047,0
13221,13221,0,2046,38
13222,13222,0,2047,136
13223,13223,0,2046,268
13224,13224,0,2047,431
13225,13225,0,2047,624
13226,13226,0,2046,842
13227,13227,0,2046,1082
13228,13228,0,2047,1339
13229,13229,0,2047,1609
13230,13230,0,2046,1886
13231,13231,0,2046,2166
13232,13232,0,2046,2444
13233,13233,0,2046,2714
13234,13234,0,2046,2972
13235,13235,0,2046,3213
13236,13236,0,2046,3432
13237,13237,0,2047,3627
13238,13238,0,2047,3792
13239,13239,0,2047,3928
13240,13240,0,2047,4027
13241,13241,0,2047,4091
13242,13242,0,2046,4095
13243,13243,0,2047,4095
13244,13244,0,2046,4061
13245,13245,0,2046,3977
13246,13246,0,2046,3857
13247,13247,0,2046,3706
13248,13248,0,2046,3524
13249,13249,0,2047,3315
13250,13250,0,2046,3083
13251,13251,0,2046,2832
13252,13252,0,2047,2567
13253,13253,0,2046,2292
13254,13254,0,2047,2012
13255,13255,0,2047,1732
13256,13256,0,2046,1458
13257,13257,0,2047,1194
13258,13258,0,2046,946
13259,13259,0,2046,716
13260,13260,0,2046,512
13261,13261,0,2046,335
13262,13262,0,2046,188
13263,13263,0,2047,76
13264,13264,0,2046,0
13265,13265,0,2046,0
13266,13266,0,2046,0
13267,13267,0,2047,0
13268,13268,0,2046,65
13269,13269,0,2046,173
13270,13270,0,2046,315
13271,13271,0,2046,489
13272,13272,0,2046,690
13273,13273,0,2046,915
13274,13274,0,2046,1162
13275,13275,0,2046,1424
13276,13276,0,2046,1696
13277,13277,0,2047,1975
13278,13278,0,2046,2255
13279,13279,0,2046,2530
13280,13280,0,2047,2797
13281,13281,0,2046,3049
13282,13282,0,2047,3284
13283,13283,0,2047,3497
13284,13284,0,2046,3682
13285,13285,0,2047,3839
13286,13286,0,2046,3962
13287,13287,0,2046,4051
13288,13288,0,2046,4095
13289,13289,0,2046,4095
13290,13290,0,2047,4095
13291,13291,0,2046,4038
13292,13292,0,2046,3943
13293,13293,0,2046,3813
13294,13294,0,2047,3652
13295,13295,0,2047,3461
13296,13296,0,2047,3244
13297,13297,0,2046,3006
13298,13298,0,2046,2750
13299,13299,0,2046,2481
13300,13300,0,2047,2204
13301,13301,0,2046,1924
13302,13302,0,2047,1645
13303,13303,0,2046,1373
13304,13304,0,2047,1114
13305,13305,0,2047,871
13306,13306,0,2046,649
13307,13307,0,2046,454
13308,13308,0,2047,285
13309,13309,0,2047,149
13310,13310,0,2046,48
13311,13311,0,2046,0
13312,13312,0,2046,0
13313,13313,0,2047,0
13314,13314,0,2047,11
13315,13315,0,2047,95
13316,13316,0,2047,214
13317,13317,0,2046,366
13318,13318,0,2046,549
13319,13319,0,2046,758
13320,13320,0,2046,991
13321,13321,0,2046,1243
13322,13322,0,2046,1508
13323,13323,0,2046,1783
13324,13324,0,2047,2062
13325,13325,0,2046,2341
13326,13326,0,2046,2615
13327,13327,0,2047,2877
13328,13328,0,2047,3125
13329,13329,0,2047,3354
13330,13330,0,2047,3559
13331,13331,0,2046,3735
13332,13332,0,2047,3882
13333,13333,0,2046,3994
13334,13334,0,2046,4072
13335,13335,0,2047,4095
13336,13336,0,2046,4095
13337,13337,0,2046,4083
13338,13338,0,2046,4012
13339,13339,0,2046,3906
13340,13340,0,2046,3766
13341,13341,0,2047,3595
13342,13342,0,2047,3396
13343,13343,0,2047,3172
13344,13344,0,2047,2927
13345,13345,0,2046,2666
13346,13346,0,2047,2394
13347,13347,0,2046,2115
13348,13348,0,2046,1835
13349,13349,0,2046,1558
13350,13350,0,2046,1291
13351,13351,0,2047,1036
13352,13352,0,2047,799
13353,13353,0,2046,585
13354,13354,0,2046,396
13355,13355,0,2046,239
13356,13356,0,2046,114
13357,13357,0,2047,22
13358,13358,0,2046,0
13359,13359,0,2046,0
13360,13360,0,2046,0
13361,13361,0,2046,34
13362,13362,0,2046,129
13363,13363,0,2046,260
13364,13364,0,2046,421
13365,13365,0,2046,613
13366,13366,0,2047,829
13367,13367,0,2046,1068
13368,13368,0,2046,1325
13369,13369,0,2046,1594
13370,13370,0,2046,1871
13371,13371,0,2046,2150
13372,13372,0,2047,2427
13373,13373,0,2047,2699
13374,13374,0,2046,2956
13375,13375,0,2046,3199
13376,13376,0,2046,3421
13377,13377,0,2046,3617
13378,13378,0,2046,3784
13379,13379,0,2046,3920
13380,13380,0,2047,4022
13381,13381,0,2046,4089
13382,13382,0,2047,4095
13383,13383,0,2047,4095
13384,13384,0,2046,4064
13385,13385,0,2046,3982
13386,13386,0,2047,3865
13387,13387,0,2047,3715
13388,13388,0,2047,3535
13389,13389,0,2047,3328
13390,13390,0,2046,3097
13391,13391,0,2046,2846
13392,13392,0,2046,2582
13393,13393,0,2046,2308
13394,13394,0,2047,2027
13395,13395,0,2046,1748
13396,13396,0,2046,1473
13397,13397,0,2046,1208
13398,13398,0,2047,959
13399,13399,0,2047,728
13400,13400,0,2046,522
13401,13401,0,2046,344
13402,13402,0,2046,196
13403,13403,0,2046,82
13404,13404,0,2047,2
13405,13405,0,2046,0
13406,13406,0,2047,0
13407,13407,0,2046,0
13408,13408,0,2047,59
13409,13409,0,2047,166
13410,13410,0,2046,307
13411,13411,0,2047,478
13412,13412,0,2046,678
13413,13413,0,2046,902
13414,13414,0,2047,1147
13415,13415,0,2046,1408
13416,13416,0,2046,1680
13417,13417,0,2046,1958
13418,13418,0,2047,2238
13419,13419,0,2046,2514
13420,13420,0,2047,2782
13421,13421,0,2047,3036
13422,13422,0,2046,3272
13423,13423,0,2047,3486
13424,13424,0,2047,3673
13425,13425,0,2046,3831
13426,13426,0,2046,3956
13427,13427,0,2046,4047
13428,13428,0,2046,4095
13429,13429,0,2046,4095
13430,13430,0,2046,4095
13431,13431,0,2046,4041
13432,13432,0,2046,3949
13433,13433,0,2046,3821
13434,13434,0,2046,3661
13435,13435,0,2046,3473
13436,13436,0,2046,3257
13437,13437,0,2047,3020
13438,13438,0,2047,2764
13439,13439,0,2047,2496
13440,13440,0,2047,2219
13441,13441,0,2046,1939
13442,13442,0,2046,1661
13443,13443,0,2047,1389
13444,13444,0,2047,1128
13445,13445,0,2046,885
13446,13446,0,2046,661
13447,13447,0,2046,463
13448,13448,0,2047,294
13449,13449,0,2046,156
13450,13450,0,2047,52
13451,13451,0,2046,0
13452,13452,0,2047,0
13453,13453,0,2047,0
13454,13454,0,2046,7
13455,13455,0,2046,89
13456,13456,0,2047,206
13457,13457,0,2046,357
13458,13458,0,2046,538
13459,13459,0,2047,746
13460,13460,0,2047,977
13461,13461,0,2047,1227
13462,13462,0,2046,1492
13463,13463,0,2047,1767
13464,13464,0,2046,2047
13465,13465,0,2047,2326
13466,13466,0,2047,2600
13467,13467,0,2046,2863
13468,13468,0,2047,3112
13469,13469,0,2046,3341
13470,13470,0,2047,3547
13471,13471,0,2046,3726
13472,13472,0,2046,3874
13473,13473,0,2047,3988
13474,13474,0,2047,4069
13475,13475,0,2047,4095
13476,13476,0,2046,4095
13477,13477,0,2047,4086
13478,13478,0,2047,4016
13479,13479,0,2046,3912
13480,13480,0,2047,3775
13481,13481,0,2047,3606
13482,13482,0,2046,3407
13483,13483,0,2046,3185
13484,13484,0,2046,2941
13485,13485,0,2046,2682
13486,13486,0,2046,2410
13487,13487,0,2046,2131
13488,13488,0,2046,1851
13489,13489,0,2047,1574
13490,13490,0,2046,1305
13491,13491,0,2046,1049
13492,13492,0,2047,812
13493,13493,0,2046,596
13494,13494,0,2046,407
13495,13495,0,2046,247
13496,13496,0,2046,120
13497,13497,0,2046,27
13498,13498,0,2046,0
13499,13499,0,2046,0
13500,13500,0,2047,0
13501,13501,0,2047,29
13502,13502,0,2046,123
13503,13503,0,2046,250
13504,13504,0,2047,412
13505,13505,0,2046,601
13506,13506,0,2047,817
13507,13507,0,2047,1054
13508,13508,0,2047,1309
13509,13509,0,2046,1578
13510,13510,0,2047,1855
13511,13511,0,2046,2135
13512,13512,0,2046,2413
13513,13513,0,2047,2684
13514,13514,0,2047,2943
13515,13515,0,2046,3187
13516,13516,0,2046,3409
13517,13517,0,2047,3607
13518,13518,0,2046,3776
13519,13519,0,2046,3914
13520,13520,0,2046,4018
13521,13521,0,2047,4086
13522,13522,0,2047,4095
13523,13523,0,2046,4095
13524,13524,0,2046,4068
13525,13525,0,2046,3988
13526,13526,0,2046,3873
13527,13527,0,2046,3725
13528,13528,0,2047,3546
13529,13529,0,2046,3340
13530,13530,0,2047,3110
13531,13531,0,2046,2861
13532,13532,0,2047,2597
13533,13533,0,2047,2323
13534,13534,0,2047,2043
13535,13535,0,2047,1763
13536,13536,0,2047,1488
13537,13537,0,2046,1223
13538,13538,0,2046,972
13539,13539,0,2046,741
13540,13540,0,2047,534
13541,13541,0,2046,353
13542,13542,0,2047,203
13543,13543,0,2047,86
13544,13544,0,2046,5
13545,13545,0,2047,0
13546,13546,0,2046,0
13547,13547,0,2046,0
13548,13548,0,2047,54
13549,13549,0,2046,159
13550,13550,0,2046,298
13551,13551,0,2046,468
13552,13552,0,2046,665
13553,13553,0,2046,889
13554,13554,0,2047,1133
13555,13555,0,2046,1394
13556,13556,0,2047,1664
13557,13557,0,2046,1943
13558,13558,0,2046,2223
13559,13559,0,2046,2499
13560,13560,0,2046,2766
13561,13561,0,2046,3022
13562,13562,0,2047,3260
13563,13563,0,2047,3474
13564,13564,0,2046,3662
13565,13565,0,2047,3822
13566,13566,0,2046,3950
13567,13567,0,2047,4043
13568,13568,0,2047,4095
13569,13569,0,2046,4095
13570,13570,0,2047,4095
13571,13571,0,2046,4047
13572,13572,0,2046,3955
13573,13573,0,2046,3830
13574,13574,0,2047,3671
13575,13575,0,2046,3483
13576,13576,0,2046,3270
13577,13577,0,2047,3034
13578,13578,0,2047,2779
13579,13579,0,2047,2511
13580,13580,0,2046,2235
13581,13581,0,2047,1955
13582,13582,0,2047,1675
13583,13583,0,2046,1404
13584,13584,0,2047,1143
13585,13585,0,2047,897
13586,13586,0,2046,673
13587,13587,0,2046,474
13588,13588,0,2047,302
13589,13589,0,2046,162
13590,13590,0,2047,58
13591,13591,0,2046,0
13592,13592,0,2047,0
13593,13593,0,2046,0
13594,13594,0,2047,3
13595,13595,0,2047,84
13596,13596,0,2047,199
13597,13597,0,2046,348
13598,13598,0,2046,527
13599,13599,0,2046,734
13600,13600,0,2047,964
13601,13601,0,2046,1213
13602,13602,0,2047,1478
13603,13603,0,2046,1752
13604,13604,0,2046,2031
13605,13605,0,2047,2310
13606,13606,0,2047,2585
13607,13607,0,2046,2849
13608,13608,0,2046,3099
13609,13609,0,2046,3329
13610,13610,0,2046,3537
13611,13611,0,2046,3716
13612,13612,0,2046,3867
13613,13613,0,2047,3983
13614,13614,0,2047,4065
13615,13615,0,2047,4095
13616,13616,0,2046,4095
13617,13617,0,2047,4088
13618,13618,0,2047,4022
13619,13619,0,2046,3920
13620,13620,0,2046,3783
13621,13621,0,2046,3616
13622,13622,0,2047,3419
13623,13623,0,2046,3197
13624,13624,0,2046,2955
13625,13625,0,2047,2696
13626,13626,0,2047,2425
13627,13627,0,2047,2147
13628,13628,0,2047,1866
13629,13629,0,2047,1590
13630,13630,0,2047,1320
13631,13631,0,2046,1063
13632,13632,0,2047,824
13633,13633,0,2047,607
13634,13634,0,2046,416
13635,13635,0,2046,255
13636,13636,0,2047,127
13637,13637,0,2046,31
13638,13638,0,2047,0
13639,13639,0,2046,0
13640,13640,0,2047,0
13641,13641,0,2047,25
13642,13642,0,2047,116
13643,13643,0,2047,243
13644,13644,0,2047,402
13645,13645,0,2047,589
13646,13646,0,2047,803
13647,13647,0,2046,1040
13648,13648,0,2047,1295
13649,13649,0,2047,1563
13650,13650,0,2046,1839
13651,13651,0,2046,2119
13652,13652,0,2046,2397
13653,13653,0,2047,2669
13654,13654,0,2046,2928
13655,13655,0,2046,3173
13656,13656,0,2046,3397
13657,13657,0,2047,3596
13658,13658,0,2047,3767
13659,13659,0,2046,3907
13660,13660,0,2046,4013
13661,13661,0,2046,4084
13662,13662,0,2046,4095
13663,13663,0,2046,4095
13664,13664,0,2046,4071
13665,13665,0,2047,3993
13666,13666,0,2046,3879
13667,13667,0,2046,3734
13668,13668,0,2046,3556
13669,13669,0,2046,3351
13670,13670,0,2046,3123
13671,13671,0,2047,2875
13672,13672,0,2047,2613
13673,13673,0,2047,2338
13674,13674,0,2047,2059
13675,13675,0,2047,1779
13676,13676,0,2047,1504
13677,13677,0,2046,1237
13678,13678,0,2047,986
13679,13679,0,2047,754
13680,13680,0,2047,545
13681,13681,0,2046,362
13682,13682,0,2046,211
13683,13683,0,2047,92
13684,13684,0,2046,9
13685,13685,0,2047,0
13686,13686,0,2047,0
13687,13687,0,2046,0
13688,13688,0,2047,50
13689,13689,0,2047,152
13690,13690,0,2046,289
13691,13691,0,2046,457
13692,13692,0,2046,655
13693,13693,0,2046,877
13694,13694,0,2047,1119
13695,13695,0,2046,1378
13696,13696,0,2046,1649
13697,13697,0,2047,1927
13698,13698,0,2047,2207
13699,13699,0,2046,2484
13700,13700,0,2047,2752
13701,13701,0,2047,3008
13702,13702,0,2046,3246
13703,13703,0,2046,3463
13704,13704,0,2047,3653
13705,13705,0,2047,3814
13706,13706,0,2046,3944
13707,13707,0,2046,4038
13708,13708,0,2047,4095
13709,13709,0,2046,4095
13710,13710,0,2046,4095
13711,13711,0,2047,4051
13712,13712,0,2046,3961
13713,13713,0,2046,3837
13714,13714,0,2046,3680
13715,13715,0,2047,3495
13716,13716,0,2046,3282
13717,13717,0,2046,3047
13718,13718,0,2047,2794
13719,13719,0,2047,2527
13720,13720,0,2047,2251
13721,13721,0,2046,1970
13722,13722,0,2046,1691
13723,13723,0,2047,1419
13724,13724,0,2046,1157
13725,13725,0,2047,911
13726,13726,0,2047,685
13727,13727,0,2046,484
13728,13728,0,2047,312
13729,13729,0,2047,169
13730,13730,0,2046,62
13731,13731,0,2047,0
13732,13732,0,2047,0
13733,13733,0,2047,0
13734,13734,0,2046,1
13735,13735,0,2046,79
13736,13736,0,2047,192
13737,13737,0,2046,339
13738,13738,0,2047,517
13739,13739,0,2046,722
13740,13740,0,2047,950
13741,13741,0,2046,1199
13742,13742,0,2047,1462
13743,13743,0,2046,1736
13744,13744,0,2046,2015
13745,13745,0,2046,2295
13746,13746,0,2046,2569
13747,13747,0,2046,2834
13748,13748,0,2046,3085
13749,13749,0,2046,3316
13750,13750,0,2047,3525
13751,13751,0,2047,3707
13752,13752,0,2046,3859
13753,13753,0,2046,3977
13754,13754,0,2046,4061
13755,13755,0,2047,4095
13756,13756,0,2047,4095
13757,13757,0,2046,4091
13758,13758,0,2046,4027
13759,13759,0,2047,3926
13760,13760,0,2046,3792
13761,13761,0,2046,3626
13762,13762,0,2047,3431
13763,13763,0,2047,3211
13764,13764,0,2047,2970
13765,13765,0,2046,2712
13766,13766,0,2046,2441
13767,13767,0,2046,2162
13768,13768,0,2046,1883
13769,13769,0,2047,1604
13770,13770,0,2047,1335
13771,13771,0,2047,1078
13772,13772,0,2047,838
13773,13773,0,2046,619
13774,13774,0,2047,427
13775,13775,0,2046,263
13776,13776,0,2046,132
13777,13777,0,2046,36
13778,13778,0,2046,0
13779,13779,0,2047,0
13780,13780,0,2047,0
13781,13781,0,2046,21
13782,13782,0,2046,110
13783,13783,0,2046,235
13784,13784,0,2046,392
13785,13785,0,2047,578
13786,13786,0,2046,790
13787,13787,0,2047,1026
13788,13788,0,2047,1280
13789,13789,0,2047,1547
13790,13790,0,2047,1823
13791,13791,0,2046,2103
13792,13792,0,2046,2382
13793,13793,0,2046,2654
13794,13794,0,2047,2915
13795,13795,0,2047,3160
13796,13796,0,2047,3385
13797,13797,0,2047,3586
13798,13798,0,2046,3758
13799,13799,0,2046,3900
13800,13800,0,2046,4007
13801,13801,0,2046,4080
13802,13802,0,2047,4095
13803,13803,0,2047,4095
13804,13804,0,2047,4075
13805,13805,0,2047,3999
13806,13806,0,2046,3888
13807,13807,0,2047,3743
13808,13808,0,2047,3568
13809,13809,0,2046,3365
13810,13810,0,2046,3137
13811,13811,0,2046,2890
13812,13812,0,2046,2627
13813,13813,0,2046,2353
13814,13814,0,2046,2075
13815,13815,0,2046,1795
13816,13816,0,2046,1519
13817,13817,0,2046,1252
13818,13818,0,2047,999
13819,13819,0,2046,766
13820,13820,0,2046,556
13821,13821,0,2047,372
13822,13822,0,2046,218
13823,13823,0,2046,98
13824,13824,0,2046,13
13825,13825,0,2046,0
13826,13826,0,2047,0
13827,13827,0,2046,0
13828,13828,0,2046,45
13829,13829,0,2046,145
13830,13830,0,2046,280
13831,13831,0,2046,447
13832,13832,0,2046,643
13833,13833,0,2046,863
13834,13834,0,2047,1104
13835,13835,0,2047,1363
13836,13836,0,2047,1634
13837,13837,0,2047,1911
13838,13838,0,2046,2191
13839,13839,0,2047,2468
13840,13840,0,2047,2738
13841,13841,0,2046,2994
13842,13842,0,2046,3234
13843,13843,0,2047,3451
13844,13844,0,2047,3643
13845,13845,0,2047,3807
13846,13846,0,2047,3937
13847,13847,0,2046,4034
13848,13848,0,2046,4095
13849,13849,0,2046,4095
13850,13850,0,2046,4095
13851,13851,0,2047,4054
13852,13852,0,2047,3967
13853,13853,0,2046,3845
13854,13854,0,2047,3690
13855,13855,0,2046,3506
13856,13856,0,2046,3295
13857,13857,0,2047,3061
13858,13858,0,2047,2808
13859,13859,0,2047,2542
13860,13860,0,2047,2265
13861,13861,0,2047,1986
13862,13862,0,2046,1707
13863,13863,0,2046,1433
13864,13864,0,2047,1171
13865,13865,0,2046,924
13866,13866,0,2047,697
13867,13867,0,2046,494
13868,13868,0,2047,320
13869,13869,0,2046,177
13870,13870,0,2046,67
13871,13871,0,2047,0
13872,13872,0,2046,0
13873,13873,0,2046,0
13874,13874,0,2047,0
13875,13875,0,2046,73
13876,13876,0,2046,184
13877,13877,0,2046,329
13878,13878,0,2046,505
13879,13879,0,2047,709
13880,13880,0,2047,937
13881,13881,0,2047,1184
13882,13882,0,2046,1447
13883,13883,0,2046,1720
13884,13884,0,2046,1999
13885,13885,0,2047,2279
13886,13886,0,2046,2554
13887,13887,0,2046,2820
13888,13888,0,2047,3071
13889,13889,0,2046,3304
13890,13890,0,2046,3514
13891,13891,0,2047,3698
13892,13892,0,2047,3851
13893,13893,0,2046,3971
13894,13894,0,2046,4057
13895,13895,0,2046,4095
13896,13896,0,2046,4095
13897,13897,0,2046,4094
13898,13898,0,2046,4031
13899,13899,0,2046,3933
13900,13900,0,2047,3800
13901,13901,0,2047,3636
13902,13902,0,2046,3443
13903,13903,0,2046,3223
13904,13904,0,2047,2984
13905,13905,0,2046,2726
13906,13906,0,2046,2457
13907,13907,0,2046,2179
13908,13908,0,2047,1898
13909,13909,0,2047,1620
13910,13910,0,2046,1350
13911,13911,0,2046,1091
13912,13912,0,2047,850
13913,13913,0,2046,630
13914,13914,0,2046,437
13915,13915,0,2047,271
13916,13916,0,2046,138
13917,13917,0,2047,40
13918,13918,0,2046,0
13919,13919,0,2046,0
13920,13920,0,2046,0
13921,13921,0,2046,17
13922,13922,0,2046,104
13923,13923,0,2046,227
13924,13924,0,2047,382
13925,13925,0,2046,567
13926,13926,0,2047,779
13927,13927,0,2047,1012
13928,13928,0,2046,1266
13929,13929,0,2046,1533
13930,13930,0,2047,1808
13931,13931,0,2047,2088
13932,13932,0,2047,2366
13933,13933,0,2046,2639
13934,13934,0,2046,2900
13935,13935,0,2047,3147
13936,13936,0,2046,3373
13937,13937,0,2047,3575
13938,13938,0,2046,3749
13939,13939,0,2046,3894
13940,13940,0,2046,4003
13941,13941,0,2046,4077
13942,13942,0,2047,4095
13943,13943,0,2046,4095
13944,13944,0,2046,4077
13945,13945,0,2047,4003
13946,13946,0,2046,3895
13947,13947,0,2046,3752
13948,13948,0,2046,3579
13949,13949,0,2046,3377
13950,13950,0,2047,3150
13951,13951,0,2047,2904
13952,13952,0,2047,2642
13953,13953,0,2046,2369
13954,13954,0,2047,2090
13955,13955,0,2047,1810
13956,13956,0,2047,1534
13957,13957,0,2046,1267
13958,13958,0,2046,1014
13959,13959,0,2046,779
13960,13960,0,2046,566
13961,13961,0,2047,381
13962,13962,0,2046,226
13963,13963,0,2046,104
13964,13964,0,2046,16
13965,13965,0,2046,0
13966,13966,0,2047,0
13967,13967,0,2047,0
13968,13968,0,2046,41
13969,13969,0,2046,138
13970,13970,0,2046,272
13971,13971,0,2046,437
13972,13972,0,2046,631
13973,13973,0,2046,850
13974,13974,0,2046,1091
13975,13975,0,2046,1348
13976,13976,0,2046,1618
13977,13977,0,2046,1896
13978,13978,0,2046,2176
13979,13979,0,2046,2452
13980,13980,0,2046,2723
13981,13981,0,2046,2980
13982,13982,0,2047,3220
13983,13983,0,2047,3440
13984,13984,0,2047,3633
13985,13985,0,2046,3798
13986,13986,0,2046,3932
13987,13987,0,2046,4030
13988,13988,0,2046,4093
13989,13989,0,2047,4095
13990,13990,0,2047,4095
13991,13991,0,2047,4059
13992,13992,0,2046,3974
13993,13993,0,2047,3853
13994,13994,0,2046,3701
13995,13995,0,2047,3518
13996,13996,0,2046,3308
13997,13997,0,2047,3075
13998,13998,0,2046,2823
13999,13999,0,2046,2558
14000,14000,0,2047,2282
14001,14001,0,2046,2002
14002,14002,0,2047,1723
14003,14003,0,2046,1449
14004,14004,0,2046,1185
14005,14005,0,2046,938
14006,14006,0,2046,710
14007,14007,0,2047,505
14008,14008,0,2047,329
14009,14009,0,2046,184
14010,14010,0,2046,73
14011,14011,0,2046,0
14012,14012,0,2047,0
14013,14013,0,2046,0
14014,14014,0,2047,0
14015,14015,0,2047,68
14016,14016,0,2046,177
14017,14017,0,2046,321
14018,14018,0,2047,495
14019,14019,0,2046,697
14020,14020,0,2047,923
14021,14021,0,2047,1170
14022,14022,0,2047,1432
14023,14023,0,2046,1705
14024,14024,0,2046,1984
14025,14025,0,2047,2263
14026,14026,0,2047,2539
14027,14027,0,2046,2805
14028,14028,0,2047,3058
14029,14029,0,2046,3291
14030,14030,0,2046,3502
14031,14031,0,2047,3688
14032,14032,0,2046,3843
14033,14033,0,2046,3966
14034,14034,0,2046,4053
14035,14035,0,2046,4095
14036,14036,0,2047,4095
14037,14037,0,2046,4095
14038,14038,0,2046,4036
14039,14039,0,2046,3939
14040,14040,0,2046,3808
14041,14041,0,2046,3646
14042,14042,0,2047,3454
14043,14043,0,2046,3237
14044,14044,0,2047,2997
14045,14045,0,2047,2741
14046,14046,0,2047,2472
14047,14047,0,2046,2194
14048,14048,0,2046,1915
14049,14049,0,2047,1636
14050,14050,0,2046,1365
14051,14051,0,2046,1106
14052,14052,0,2046,864
14053,14053,0,2047,642
14054,14054,0,2047,447
14055,14055,0,2047,280
14056,14056,0,2046,145
14057,14057,0,2046,45
14058,14058,0,2047,0
14059,14059,0,2046,0
14060,14060,0,2046,0
14061,14061,0,2046,13
14062,14062,0,2047,99
14063,14063,0,2046,220
14064,14064,0,2046,372
14065,14065,0,2046,556
14066,14066,0,2046,766
14067,14067,0,2046,999
14068,14068,0,2047,1251
14069,14069,0,2046,1517
14070,14070,0,2046,1792
14071,14071,0,2046,2071
14072,14072,0,2047,2350
14073,14073,0,2047,2624
14074,14074,0,2047,2886
14075,14075,0,2046,3133
14076,14076,0,2047,3360
14077,14077,0,2046,3564
14078,14078,0,2047,3739
14079,14079,0,2047,3887
14080,14080,0,2047,3997
14081,14081,0,2046,4074
14082,14082,0,2047,4095
14083,14083,0,2047,4095
14084,14084,0,2047,4081
14085,14085,0,2045,4009
14086,14086,0,2047,3902
14087,14087,0,2046,3761
14088,14088,0,2047,3588
14089,14089,0,2046,3388
14090,14090,0,2047,3163
14091,14091,0,2047,2918
14092,14092,0,2046,2657
14093,14093,0,2046,2385
14094,14094,0,2046,2106
14095,14095,0,2047,1826
14096,14096,0,2046,1549
14097,14097,0,2046,1282
14098,14098,0,2046,1028
14099,14099,0,2047,792
14100,14100,0,2046,578
14101,14101,0,2046,391
14102,14102,0,2046,234
14103,14103,0,2046,110
14104,14104,0,2046,21
14105,14105,0,2046,0
14106,14106,0,2046,0
14107,14107,0,2046,0
14108,14108,0,2046,36
14109,14109,0,2046,133
14110,14110,0,2046,264
14111,14111,0,2046,427
14112,14112,0,2047,619
14113,14113,0,2047,837
14114,14114,0,2046,1076
14115,14115,0,2047,1333
14116,14116,0,2046,1603
14117,14117,0,2046,1879
14118,14118,0,2046,2159
14119,14119,0,2046,2437
14120,14120,0,2046,2707
14121,14121,0,2046,2966
14122,14122,0,2046,3208
14123,14123,0,2046,3427
14124,14124,0,2046,3623
14125,14125,0,2046,3789
14126,14126,0,2046,3925
14127,14127,0,2046,4025
14128,14128,0,2046,4090
14129,14129,0,2046,4095
14130,14130,0,2046,4095
14131,14131,0,2046,4062
14132,14132,0,2047,3979
14133,14133,0,2047,3861
14134,14134,0,2047,3710
14135,14135,0,2047,3528
14136,14136,0,2046,3321
14137,14137,0,2046,3088
14138,14138,0,2047,2838
14139,14139,0,2046,2573
14140,14140,0,2046,2298
14141,14141,0,2046,2018
14142,14142,0,2047,1738
14143,14143,0,2046,1465
14144,14144,0,2047,1200
14145,14145,0,2047,952
14146,14146,0,2046,722
14147,14147,0,2047,516
14148,14148,0,2047,338
14149,14149,0,2047,191
14150,14150,0,2046,78
14151,14151,0,2047,0
14152,14152,0,2047,0
14153,14153,0,2046,0
14154,14154,0,2047,0
14155,14155,0,2046,63
14156,14156,0,2047,170
14157,14157,0,2046,311
14158,14158,0,2047,484
14159,14159,0,2047,685
14160,14160,0,2046,910
14161,14161,0,2046,1156
14162,14162,0,2047,1417
14163,14163,0,2046,1688
14164,14164,0,2046,1968
14165,14165,0,2046,2247
14166,14166,0,2047,2524
14167,14167,0,2047,2790
14168,14168,0,2046,3044
14169,14169,0,2046,3279
14170,14170,0,2047,3492
14171,14171,0,2046,3678
14172,14172,0,2046,3835
14173,14173,0,2046,3960
14174,14174,0,2046,4050
14175,14175,0,2047,4095
14176,14176,0,2047,4095
14177,14177,0,2047,4095
14178,14178,0,2046,4040
14179,14179,0,2046,3945
14180,14180,0,2046,3817
14181,14181,0,2046,3656
14182,14182,0,2047,3465
14183,14183,0,2046,3249
14184,14184,0,2046,3011
14185,14185,0,2046,2756
14186,14186,0,2046,2487
14187,14187,0,2047,2210
14188,14188,0,2046,1930
14189,14189,0,2046,1652
14190,14190,0,2046,1380
14191,14191,0,2046,1120
14192,14192,0,2046,877
14193,14193,0,2047,654
14194,14194,0,2047,458
14195,14195,0,2046,289
14196,14196,0,2047,152
14197,14197,0,2046,49
14198,14198,0,2046,0
14199,14199,0,2046,0
14200,14200,0,2047,0
14201,14201,0,2046,9
14202,14202,0,2046,92
14203,14203,0,2046,210
14204,14204,0,2047,362
14205,14205,0,2046,545
14206,14206,0,2047,753
14207,14207,0,2046,985
14208,14208,0,2046,1236
14209,14209,0,2046,1502
14210,14210,0,2046,1776
14211,14211,0,2047,2056
14212,14212,0,2046,2335
14213,14213,0,2046,2608
14214,14214,0,2046,2871
14215,14215,0,2046,3120
14216,14216,0,2047,3349
14217,14217,0,2047,3553
14218,14218,0,2046,3731
14219,14219,0,2046,3878
14220,14220,0,2046,3992
14221,14221,0,2047,4070
14222,14222,0,2047,4095
14223,14223,0,2047,4095
14224,14224,0,2046,4084
14225,14225,0,2047,4014
14226,14226,0,2046,3908
14227,14227,0,2046,3770
14228,14228,0,2046,3599
14229,14229,0,2047,3401
14230,14230,0,2046,3177
14231,14231,0,2046,2932
14232,14232,0,2046,2672
14233,14233,0,2046,2400
14234,14234,0,2046,2122
14235,14235,0,2046,1842
14236,14236,0,2047,1565
14237,14237,0,2046,1297
14238,14238,0,2046,1041
14239,14239,0,2046,804
14240,14240,0,2046,589
14241,14241,0,2046,400
14242,14242,0,2046,242
14243,14243,0,2046,116
14244,14244,0,2046,24
14245,14245,0,2046,0
14246,14246,0,2046,0
14247,14247,0,2046,0
14248,14248,0,2046,32
14249,14249,0,2046,127
14250,14250,0,2046,256
14251,14251,0,2046,416
14252,14252,0,2046,607
14253,14253,0,2046,824
14254,14254,0,2046,1063
14255,14255,0,2046,1318
14256,14256,0,2046,1587
14257,14257,0,2046,1864
14258,14258,0,2046,2144
14259,14259,0,2046,2422
14260,14260,0,2046,2693
14261,14261,0,2046,2952
14262,14262,0,2046,3194
14263,14263,0,2046,3416
14264,14264,0,2046,3612
14265,14265,0,2046,3781
14266,14266,0,2046,3919
14267,14267,0,2047,4020
14268,14268,0,2046,4088
14269,14269,0,2046,4095
14270,14270,0,2046,4095
14271,14271,0,2047,4066
14272,14272,0,2046,3985
14273,14273,0,2046,3869
14274,14274,0,2046,3719
14275,14275,0,2046,3540
14276,14276,0,2047,3333
14277,14277,0,2046,3102
14278,14278,0,2046,2852
14279,14279,0,2047,2588
14280,14280,0,2046,2313
14281,14281,0,2046,2034
14282,14282,0,2047,1754
14283,14283,0,2046,1479
14284,14284,0,2046,1214
14285,14285,0,2046,964
14286,14286,0,2047,734
14287,14287,0,2047,527
14288,14288,0,2046,347
14289,14289,0,2047,198
14290,14290,0,2046,84
14291,14291,0,2047,3
14292,14292,0,2046,0
14293,14293,0,2047,0
14294,14294,0,2047,0
14295,14295,0,2046,57
14296,14296,0,2046,163
14297,14297,0,2047,303
14298,14298,0,2046,473
14299,14299,0,2046,673
14300,14300,0,2047,897
14301,14301,0,2047,1142
14302,14302,0,2047,1402
14303,14303,0,2047,1673
14304,14304,0,2046,1953
14305,14305,0,2046,2232
14306,14306,0,2047,2508
14307,14307,0,2046,2775
14308,14308,0,2047,3030
14309,14309,0,2046,3267
14310,14310,0,2047,3481
14311,14311,0,2047,3668
14312,14312,0,2047,3827
14313,14313,0,2047,3954
14314,14314,0,2047,4044
14315,14315,0,2047,4095
14316,14316,0,2046,4095
14317,14317,0,2046,4095
14318,14318,0,2046,4044
14319,14319,0,2046,3952
14320,14320,0,2046,3824
14321,14321,0,2046,3666
14322,14322,0,2047,3477
14323,14323,0,2046,3263
14324,14324,0,2046,3026
14325,14325,0,2046,2771
14326,14326,0,2046,2503
14327,14327,0,2046,2226
14328,14328,0,2046,1946
14329,14329,0,2047,1667
14330,14330,0,2046,1395
14331,14331,0,2046,1135
14332,14332,0,2046,891
14333,14333,0,2046,667
14334,14334,0,2046,467
14335,14335,0,2047,298
14336,14336,0,2046,159
14337,14337,0,2046,54
14338,14338,0,2046,0
14339,14339,0,2046,0
14340,14340,0,2047,0
14341,14341,0,2047,6
14342,14342,0,2047,87
14343,14343,0,2046,203
14344,14344,0,2046,353
14345,14345,0,2047,534
14346,14346,0,2046,741
14347,14347,0,2046,972
14348,14348,0,2046,1222
14349,14349,0,2046,1487
14350,14350,0,2046,1761
14351,14351,0,2047,2041
14352,14352,0,2046,2320
14353,14353,0,2047,2594
14354,14354,0,2046,2857
14355,14355,0,2047,3106
14356,14356,0,2047,3336
14357,14357,0,2046,3543
14358,14358,0,2047,3722
14359,14359,0,2046,3871
14360,14360,0,2047,3987
14361,14361,0,2047,4067
14362,14362,0,2046,4095
14363,14363,0,2046,4095
14364,14364,0,2047,4087
14365,14365,0,2046,4019
14366,14366,0,2046,3915
14367,14367,0,2047,3778
14368,14368,0,2046,3610
14369,14369,0,2046,3412
14370,14370,0,2046,3190
14371,14371,0,2046,2947
14372,14372,0,2046,2688
14373,14373,0,2046,2416
14374,14374,0,2047,2137
14375,14375,0,2046,1858
14376,14376,0,2047,1580
14377,14377,0,2046,1312
14378,14378,0,2047,1055
14379,14379,0,2046,817
14380,14380,0,2046,601
14381,14381,0,2046,411
14382,14382,0,2047,250
14383,14383,0,2046,122
14384,14384,0,2046,29
14385,14385,0,2046,0
14386,14386,0,2047,0
14387,14387,0,2046,0
14388,14388,0,2047,27
14389,14389,0,2047,120
14390,14390,0,2046,247
14391,14391,0,2046,408
14392,14392,0,2046,596
14393,14393,0,2046,811
14394,14394,0,2046,1048
14395,14395,0,2046,1303
14396,14396,0,2047,1572
14397,14397,0,2047,1848
14398,14398,0,2046,2128
14399,14399,0,2047,2406
14400,14400,0,2047,2677
14401,14401,0,2046,2937
14402,14402,0,2047,3181
14403,14403,0,2046,3404
14404,14404,0,2046,3602
14405,14405,0,2047,3772
14406,14406,0,2046,3911
14407,14407,0,2046,4015
14408,14408,0,2046,4085
14409,14409,0,2046,4095
14410,14410,0,2046,4095
14411,14411,0,2047,4070
14412,14412,0,2047,3990
14413,14413,0,2047,3876
14414,14414,0,2047,3728
14415,14415,0,2047,3550
14416,14416,0,2047,3345
14417,14417,0,2046,3115
14418,14418,0,2046,2867
14419,14419,0,2046,2603
14420,14420,0,2046,2328
14421,14421,0,2046,2049
14422,14422,0,2048,1770
14423,14423,0,2047,1494
14424,14424,0,2047,1229
14425,14425,0,2046,978
14426,14426,0,2047,747
14427,14427,0,2046,538
14428,14428,0,2047,357
14429,14429,0,2047,206
14430,14430,0,2046,89
14431,14431,0,2047,6
14432,14432,0,2046,0
14433,14433,0,2047,0
14434,14434,0,2046,0
14435,14435,0,2047,53
14436,14436,0,2046,156
14437,14437,0,2046,295
14438,14438,0,2047,463
14439,14439,0,2046,661
14440,14440,0,2046,883
14441,14441,0,2047,1127
14442,14442,0,2047,1387
14443,14443,0,2046,1658
14444,14444,0,2047,1936
14445,14445,0,2046,2216
14446,14446,0,2046,2493
14447,14447,0,2046,2761
14448,14448,0,2046,3016
14449,14449,0,2046,3254
14450,14450,0,2047,3470
14451,14451,0,2047,3658
14452,14452,0,2047,3820
14453,14453,0,2046,3948
14454,14454,0,2046,4041
14455,14455,0,2046,4095
14456,14456,0,2047,4095
14457,14457,0,2047,4095
14458,14458,0,2047,4048
14459,14459,0,2046,3958
14460,14460,0,2046,3833
14461,14461,0,2046,3676
14462,14462,0,2047,3488
14463,14463,0,2047,3275
14464,14464,0,2046,3039
14465,14465,0,2046,2785
14466,14466,0,2047,2518
14467,14467,0,2046,2242
14468,14468,0,2047,1961
14469,14469,0,2046,1682
14470,14470,0,2047,1410
14471,14471,0,2046,1149
14472,14472,0,2047,904
14473,14473,0,2047,678
14474,14474,0,2046,477
14475,14475,0,2047,306
14476,14476,0,2047,166
14477,14477,0,2046,59
14478,14478,0,2046,0
14479,14479,0,2046,0
14480,14480,0,2047,0
14481,14481,0,2046,3
14482,14482,0,2046,82
14483,14483,0,2047,196
14484,14484,0,2047,344
14485,14485,0,2046,522
14486,14486,0,2047,728
14487,14487,0,2046,958
14488,14488,0,2047,1207
14489,14489,0,2046,1471
14490,14490,0,2046,1744
14491,14491,0,2046,2024
14492,14492,0,2046,2304
14493,14493,0,2046,2578
14494,14494,0,2047,2842
14495,14495,0,2047,3093
14496,14496,0,2046,3323
14497,14497,0,2046,3532
14498,14498,0,2046,3713
14499,14499,0,2047,3864
14500,14500,0,2046,3981
14501,14501,0,2046,4063
14502,14502,0,2047,4095
14503,14503,0,2047,4095
14504,14504,0,2046,4090
14505,14505,0,2046,4024
14506,14506,0,2047,3922
14507,14507,0,2046,3787
14508,14508,0,2046,3620
14509,14509,0,2046,3424
14510,14510,0,2046,3203
14511,14511,0,2046,2962
14512,14512,0,2046,2703
14513,14513,0,2046,2432
14514,14514,0,2047,2153
14515,14515,0,2047,1873
14516,14516,0,2046,1596
14517,14517,0,2046,1327
14518,14518,0,2046,1069
14519,14519,0,2046,830
14520,14520,0,2046,612
14521,14521,0,2047,421
14522,14522,0,2046,259
14523,14523,0,2046,129
14524,14524,0,2047,33
14525,14525,0,2046,0
14526,14526,0,2047,0
14527,14527,0,2046,0
14528,14528,0,2046,24
14529,14529,0,2046,113
14530,14530,0,2046,240
14531,14531,0,2046,397
14532,14532,0,2047,584
14533,14533,0,2047,798
14534,14534,0,2046,1035
14535,14535,0,2046,1289
14536,14536,0,2046,1557
14537,14537,0,2046,1833
14538,14538,0,2047,2113
14539,14539,0,2046,2391
14540,14540,0,2047,2662
14541,14541,0,2046,2923
14542,14542,0,2046,3167
14543,14543,0,2047,3392
14544,14544,0,2046,3592
14545,14545,0,2046,3763
14546,14546,0,2046,3905
14547,14547,0,2045,4010
14548,14548,0,2046,4082
14549,14549,0,2046,4095
14550,14550,0,2046,4095
14551,14551,0,2046,4073
14552,14552,0,2046,3995
14553,14553,0,2046,3883
14554,14554,0,2047,3738
14555,14555,0,2047,3561
14556,14556,0,2047,3357
14557,14557,0,2047,3130
14558,14558,0,2046,2882
14559,14559,0,2047,2618
14560,14560,0,2046,2345
14561,14561,0,2046,2066
14562,14562,0,2046,1786
14563,14563,0,2046,1510
14564,14564,0,2047,1243
14565,14565,0,2046,992
14566,14566,0,2047,759
14567,14567,0,2047,549
14568,14568,0,2046,367
14569,14569,0,2047,214
14570,14570,0,2046,94
14571,14571,0,2046,10
14572,14572,0,2047,0
14573,14573,0,2047,0
14574,14574,0,2046,0
14575,14575,0,2047,49
14576,14576,0,2046,150
14577,14577,0,2046,285
14578,14578,0,2046,453
14579,14579,0,2046,649
14580,14580,0,2047,871
14581,14581,0,2046,1114
14582,14582,0,2047,1371
14583,14583,0,2047,1642
14584,14584,0,2046,1921
14585,14585,0,2046,2201
14586,14586,0,2047,2477
14587,14587,0,2046,2746
14588,14588,0,2046,3002
14589,14589,0,2046,3241
14590,14590,0,2046,3458
14591,14591,0,2046,3649
14592,14592,0,2047,3812
14593,14593,0,2047,3941
14594,14594,0,2046,4037
14595,14595,0,2046,4095
14596,14596,0,2047,4095
14597,14597,0,2046,4095
14598,14598,0,2047,4053
14599,14599,0,2046,3963
14600,14600,0,2047,3841
14601,14601,0,2047,3685
14602,14602,0,2047,3499
14603,14603,0,2046,3288
14604,14604,0,2046,3054
14605,14605,0,2046,2800
14606,14606,0,2047,2533
14607,14607,0,2047,2257
14608,14608,0,2047,1978
14609,14609,0,2046,1698
14610,14610,0,2046,1424
14611,14611,0,2047,1163
14612,14612,0,2047,917
14613,14613,0,2047,690
14614,14614,0,2047,489
14615,14615,0,2047,315
14616,14616,0,2046,172
14617,14617,0,2046,64
14618,14618,0,2047,0
14619,14619,0,2046,0
14620,14620,0,2046,0
14621,14621,0,2046,0
14622,14622,0,2046,76
14623,14623,0,2046,189
14624,14624,0,2046,335
14625,14625,0,2047,512
14626,14626,0,2047,717
14627,14627,0,2047,945
14628,14628,0,2047,1193
14629,14629,0,2047,1456
14630,14630,0,2046,1730
14631,14631,0,2046,2008
14632,14632,0,2047,2288
14633,14633,0,2046,2562
14634,14634,0,2046,2828
14635,14635,0,2046,3079
14636,14636,0,2047,3312
14637,14637,0,2046,3521
14638,14638,0,2046,3703
14639,14639,0,2046,3856
14640,14640,0,2046,3975
14641,14641,0,2046,4060
14642,14642,0,2046,4095
14643,14643,0,2046,4095
14644,14644,0,2046,4092
14645,14645,0,2047,4028
14646,14646,0,2047,3930
14647,14647,0,2046,3795
14648,14648,0,2046,3630
14649,14649,0,2046,3436
14650,14650,0,2046,3216
14651,14651,0,2046,2975
14652,14652,0,2046,2718
14653,14653,0,2046,2447
14654,14654,0,2046,2169
14655,14655,0,2047,1889
14656,14656,0,2046,1611
14657,14657,0,2046,1341
14658,14658,0,2046,1083
14659,14659,0,2046,843
14660,14660,0,2046,624
14661,14661,0,2046,431
14662,14662,0,2047,267
14663,14663,0,2047,135
14664,14664,0,2047,38
14665,14665,0,2046,0
14666,14666,0,2046,0
14667,14667,0,2047,0
14668,14668,0,2046,19
14669,14669,0,2047,108
14670,14670,0,2046,232
14671,14671,0,2046,388
14672,14672,0,2046,573
14673,14673,0,2046,786
14674,14674,0,2046,1021
14675,14675,0,2047,1274
14676,14676,0,2047,1541
14677,14677,0,2046,1817
14678,14678,0,2046,2096
14679,14679,0,2046,2375
14680,14680,0,2047,2647
14681,14681,0,2047,2909
14682,14682,0,2046,3154
14683,14683,0,2047,3381
14684,14684,0,2047,3581
14685,14685,0,2046,3754
14686,14686,0,2047,3898
14687,14687,0,2046,4006
14688,14688,0,2047,4079
14689,14689,0,2046,4095
14690,14690,0,2046,4095
14691,14691,0,2047,4075
14692,14692,0,2046,4001
14693,14693,0,2046,3890
14694,14694,0,2047,3747
14695,14695,0,2046,3572
14696,14696,0,2047,3370
14697,14697,0,2047,3143
14698,14698,0,2047,2896
14699,14699,0,2046,2634
14700,14700,0,2046,2360
14701,14701,0,2046,2081
14702,14702,0,2046,1801
14703,14703,0,2046,1525
14704,14704,0,2047,1258
14705,14705,0,2047,1005
14706,14706,0,2046,772
14707,14707,0,2046,560
14708,14708,0,2046,376
14709,14709,0,2046,222
14710,14710,0,2046,100
14711,14711,0,2046,15
14712,14712,0,2047,0
14713,14713,0,2046,0
14714,14714,0,2046,0
14715,14715,0,2047,43
14716,14716,0,2046,143
14717,14717,0,2046,277
14718,14718,0,2046,443
14719,14719,0,2046,638
14720,14720,0,2047,857
14721,14721,0,2047,1098
14722,14722,0,2046,1356
14723,14723,0,2046,1627
14724,14724,0,2046,1905
14725,14725,0,2047,2185
14726,14726,0,2047,2462
14727,14727,0,2046,2732
14728,14728,0,2046,2989
14729,14729,0,2046,3228
14730,14730,0,2046,3447
14731,14731,0,2046,3638
14732,14732,0,2047,3803
14733,14733,0,2046,3935
14734,14734,0,2046,4033
14735,14735,0,2046,4094
14736,14736,0,2046,4095
14737,14737,0,2046,4095
14738,14738,0,2046,4056
14739,14739,0,2047,3970
14740,14740,0,2046,3848
14741,14741,0,2046,3695
14742,14742,0,2047,3511
14743,14743,0,2046,3300
14744,14744,0,2047,3067
14745,14745,0,2046,2814
14746,14746,0,2046,2549
14747,14747,0,2046,2273
14748,14748,0,2046,1993
14749,14749,0,2046,1713
14750,14750,0,2047,1440
14751,14751,0,2047,1177
14752,14752,0,2046,930
14753,14753,0,2047,702
14754,14754,0,2047,498
14755,14755,0,2046,324
14756,14756,0,2046,180
14757,14757,0,2046,71
14758,14758,0,2046,0
14759,14759,0,2047,0
14760,14760,0,2046,0
14761,14761,0,2046,0
14762,14762,0,2046,71
14763,14763,0,2047,181
14764,14764,0,2047,326
14765,14765,0,2046,501
14766,14766,0,2046,704
14767,14767,0,2046,931
14768,14768,0,2047,1178
14769,14769,0,2046,1441
14770,14770,0,2047,1714
14771,14771,0,2047,1992
14772,14772,0,2045,2272
14773,14773,0,2046,2548
14774,14774,0,2047,2813
14775,14775,0,2046,3066
14776,14776,0,2046,3299
14777,14777,0,2046,3510
14778,14778,0,2047,3693
14779,14779,0,2047,3848
14780,14780,0,2047,3970
14781,14781,0,2047,4055
14782,14782,0,2047,4095
14783,14783,0,2046,4095
14784,14784,0,2046,4094
14785,14785,0,2047,4033
14786,14786,0,2047,3936
14787,14787,0,2047,3804
14788,14788,0,2047,3640
14789,14789,0,2047,3448
14790,14790,0,2046,3230
14791,14791,0,2047,2990
14792,14792,0,2047,2733
14793,14793,0,2047,2463
14794,14794,0,2047,2186
14795,14795,0,2046,1905
14796,14796,0,2047,1626
14797,14797,0,2046,1356
14798,14798,0,2046,1097
14799,14799,0,2046,856
14800,14800,0,2046,635
14801,14801,0,2046,441
14802,14802,0,2047,275
14803,14803,0,2047,142
14804,14804,0,2047,42
14805,14805,0,2046,0
14806,14806,0,2046,0
14807,14807,0,2047,0
14808,14808,0,2046,15
14809,14809,0,2046,103
14810,14810,0,2047,223
14811,14811,0,2046,378
14812,14812,0,2046,563
14813,14813,0,2046,773
14814,14814,0,2047,1007
14815,14815,0,2047,1260
14816,14816,0,2047,1526
14817,14817,0,2047,1802
14818,14818,0,2046,2081
14819,14819,0,2047,2360
14820,14820,0,2047,2632
14821,14821,0,2046,2895
14822,14822,0,2046,3141
14823,14823,0,2047,3368
14824,14824,0,2046,3571
14825,14825,0,2046,3745
14826,14826,0,2047,3890
14827,14827,0,2046,4000
14828,14828,0,2046,4076
14829,14829,0,2046,4095
14830,14830,0,2046,4095
14831,14831,0,2046,4079
14832,14832,0,2047,4006
14833,14833,0,2046,3898
14834,14834,0,2047,3756
14835,14835,0,2047,3583
14836,14836,0,2046,3382
14837,14837,0,2046,3157
14838,14838,0,2046,2910
14839,14839,0,2047,2649
14840,14840,0,2047,2376
14841,14841,0,2046,2096
14842,14842,0,2046,1816
14843,14843,0,2046,1540
14844,14844,0,2047,1273
14845,14845,0,2046,1020
14846,14846,0,2046,784
14847,14847,0,2047,571
14848,14848,0,2046,386
14849,14849,0,2046,229
14850,14850,0,2046,106
14851,14851,0,2047,18
14852,14852,0,2047,0
14853,14853,0,2046,0
14854,14854,0,2046,0
14855,14855,0,2047,39
14856,14856,0,2046,136
14857,14857,0,2046,269
14858,14858,0,2046,433
14859,14859,0,2046,626
14860,14860,0,2046,844
14861,14861,0,2046,1084
14862,14862,0,2046,1341
14863,14863,0,2046,1611
14864,14864,0,2047,1888
14865,14865,0,2046,2168
14866,14866,0,2047,2446
14867,14867,0,2046,2716
14868,14868,0,2046,2974
14869,14869,0,2047,3214
14870,14870,0,2046,3434
14871,14871,0,2046,3629
14872,14872,0,2046,3794
14873,14873,0,2046,3929
14874,14874,0,2047,4028
14875,14875,0,2047,4092
14876,14876,0,2046,4095
14877,14877,0,2046,4095
14878,14878,0,2047,4059
14879,14879,0,2046,3975
14880,14880,0,2046,3856
14881,14881,0,2046,3705
14882,14882,0,2046,3522
14883,14883,0,2046,3313
14884,14884,0,2046,3081
14885,14885,0,2046,2829
14886,14886,0,2047,2564
14887,14887,0,2046,2289
14888,14888,0,2046,2009
14889,14889,0,2047,1730
14890,14890,0,2046,1455
14891,14891,0,2046,1192
14892,14892,0,2046,944
14893,14893,0,2047,715
14894,14894,0,2047,510
14895,14895,0,2046,333
14896,14896,0,2046,187
14897,14897,0,2046,74
14898,14898,0,2046,0
14899,14899,0,2046,0
14900,14900,0,2046,0
14901,14901,0,2045,0
14902,14902,0,2046,65
14903,14903,0,2046,174
14904,14904,0,2046,317
14905,14905,0,2047,491
14906,14906,0,2047,692
14907,14907,0,2046,917
14908,14908,0,2046,1164
14909,14909,0,2046,1426
14910,14910,0,2046,1699
14911,14911,0,2047,1977
14912,14912,0,2046,2256
14913,14913,0,2046,2532
14914,14914,0,2046,2798
14915,14915,0,2046,3052
14916,14916,0,2046,3286
14917,14917,0,2046,3499
14918,14918,0,2046,3684
14919,14919,0,2046,3840
14920,14920,0,2047,3963
14921,14921,0,2047,4052
14922,14922,0,2046,4095
14923,14923,0,2046,4095
14924,14924,0,2046,4095
14925,14925,0,2046,4038
14926,14926,0,2047,3942
14927,14927,0,2047,3812
14928,14928,0,2047,3650
14929,14929,0,2047,3459
14930,14930,0,2046,3242
14931,14931,0,2046,3004
14932,14932,0,2046,2748
14933,14933,0,2047,2479
14934,14934,0,2046,2201
14935,14935,0,2046,1921
14936,14936,0,2047,1643
14937,14937,0,2046,1371
14938,14938,0,2046,1112
14939,14939,0,2047,868
14940,14940,0,2047,648
14941,14941,0,2046,452
14942,14942,0,2046,284
14943,14943,0,2046,148
14944,14944,0,2046,47
14945,14945,0,2047,0
14946,14946,0,2047,0
14947,14947,0,2047,0
14948,14948,0,2047,12
14949,14949,0,2046,96
14950,14950,0,2047,215
14951,14951,0,2047,368
14952,14952,0,2046,551
14953,14953,0,2046,761
14954,14954,0,2046,993
14955,14955,0,2046,1245
14956,14956,0,2046,1510
14957,14957,0,2046,1786
14958,14958,0,2046,2064
14959,14959,0,2047,2343
14960,14960,0,2047,2617
14961,14961,0,2046,2880
14962,14962,0,2047,3128
14963,14963,0,2046,3355
14964,14964,0,2046,3560
14965,14965,0,2046,3736
14966,14966,0,2047,3882
14967,14967,0,2047,3995
14968,14968,0,2047,4073
14969,14969,0,2047,4095
14970,14970,0,2046,4095
14971,14971,0,2047,4082
14972,14972,0,2047,4011
14973,14973,0,2046,3905
14974,14974,0,2046,3764
14975,14975,0,2046,3593
14976,14976,0,2046,3393
14977,14977,0,2046,3169
14978,14978,0,2047,2925
14979,14979,0,2045,2664
14980,14980,0,2045,2392
14981,14981,0,2046,2113
14982,14982,0,2046,1832
14983,14983,0,2047,1556
14984,14984,0,2047,1288
14985,14985,0,2046,1033
14986,14986,0,2046,797
14987,14987,0,2046,583
14988,14988,0,2046,396
14989,14989,0,2046,237
14990,14990,0,2046,113
14991,14991,0,2046,22
14992,14992,0,2047,0
14993,14993,0,2046,0
14994,14994,0,2047,0
14995,14995,0,2046,34
14996,14996,0,2046,129
14997,14997,0,2046,260
14998,14998,0,2046,423
14999,14999,0,2046,615
15000,15000,0,2047,831
15001,15001,0,2047,1071
15002,15002,0,2046,1327
15003,15003,0,2047,1596
15004,15004,0,2047,1873
15005,15005,0,2047,2153
15006,15006,0,2046,2430
15007,15007,0,2046,2701
15008,15008,0,2046,2960
15009,15009,0,2046,3202
15010,15010,0,2046,3423
15011,15011,0,2047,3619
15012,15012,0,2046,3785
15013,15013,0,2046,3922
15014,15014,0,2046,4023
15015,15015,0,2046,4090
15016,15016,0,2046,4095
15017,15017,0,2046,4095
15018,15018,0,2046,4064
15019,15019,0,2047,3981
15020,15020,0,2046,3864
15021,15021,0,2046,3714
15022,15022,0,2046,3533
15023,15023,0,2046,3325
15024,15024,0,2047,3094
15025,15025,0,2046,2844
15026,15026,0,2046,2579
15027,15027,0,2046,2304
15028,15028,0,2046,2025
15029,15029,0,2047,1745
15030,15030,0,2046,1470
15031,15031,0,2046,1206
15032,15032,0,2046,957
15033,15033,0,2046,727
15034,15034,0,2046,521
15035,15035,0,2046,343
15036,15036,0,2046,194
15037,15037,0,2046,80
15038,15038,0,2047,1
15039,15039,0,2047,0
15040,15040,0,2046,0
15041,15041,0,2046,0
15042,15042,0,2046,61
15043,15043,0,2047,167
15044,15044,0,2046,308
15045,15045,0,2046,480
15046,15046,0,2047,680
15047,15047,0,2046,905
15048,15048,0,2046,1149
15049,15049,0,2047,1410
15050,15050,0,2046,1682
15051,15051,0,2047,1961
15052,15052,0,2046,2241
15053,15053,0,2046,2517
15054,15054,0,2046,2784
15055,15055,0,2046,3038
15056,15056,0,2046,3274
15057,15057,0,2046,3487
15058,15058,0,2047,3675
15059,15059,0,2046,3832
15060,15060,0,2046,3957
15061,15061,0,2046,4048
15062,15062,0,2046,4095
15063,15063,0,2046,4095
15064,15064,0,2047,4095
15065,15065,0,2047,4043
15066,15066,0,2046,3948
15067,15067,0,2047,3820
15068,15068,0,2046,3660
15069,15069,0,2046,3471
15070,15070,0,2046,3255
15071,15071,0,2047,3018
15072,15072,0,2046,2763
15073,15073,0,2046,2494
15074,15074,0,2046,2217
15075,15075,0,2047,1937
15076,15076,0,2046,1658
15077,15077,0,2047,1386
15078,15078,0,2046,1125
15079,15079,0,2046,882
15080,15080,0,2047,660
15081,15081,0,2047,462
15082,15082,0,2046,292
15083,15083,0,2046,155
15084,15084,0,2047,52
15085,15085,0,2046,0
15086,15086,0,2046,0
15087,15087,0,2046,0
15088,15088,0,2047,8
15089,15089,0,2046,90
15090,15090,0,2047,208
15091,15091,0,2046,358
15092,15092,0,2046,540
15093,15093,0,2046,747
15094,15094,0,2046,979
15095,15095,0,2046,1229
15096,15096,0,2047,1494
15097,15097,0,2047,1769
15098,15098,0,2047,2049
15099,15099,0,2046,2328
15100,15100,0,2046,2602
15101,15101,0,2046,2865
15102,15102,0,2047,3114
15103,15103,0,2047,3344
15104,15104,0,2046,3549
15105,15105,0,2046,3728
15106,15106,0,2047,3876
15107,15107,0,2047,3989
15108,15108,0,2046,4070
15109,15109,0,2047,4095
15110,15110,0,2047,4095
15111,15111,0,2046,4086
15112,15112,0,2047,4016
15113,15113,0,2046,3911
15114,15114,0,2046,3774
15115,15115,0,2047,3603
15116,15116,0,2047,3406
15117,15117,0,2047,3183
15118,15118,0,2046,2939
15119,15119,0,2047,2679
15120,15120,0,2047,2407
15121,15121,0,2047,2128
15122,15122,0,2046,1849
15123,15123,0,2046,1571
15124,15124,0,2047,1302
15125,15125,0,2047,1048
15126,15126,0,2047,809
15127,15127,0,2046,594
15128,15128,0,2046,405
15129,15129,0,2046,245
15130,15130,0,2046,118
15131,15131,0,2047,27
15132,15132,0,2047,0
15133,15133,0,2047,0
15134,15134,0,2046,0
15135,15135,0,2046,30
15136,15136,0,2047,124
15137,15137,0,2046,252
15138,15138,0,2046,412
15139,15139,0,2046,602
15140,15140,0,2046,818
15141,15141,0,2046,1057
15142,15142,0,2046,1312
15143,15143,0,2046,1581
15144,15144,0,2047,1858
15145,15145,0,2047,2137
15146,15146,0,2046,2415
15147,15147,0,2046,2686
15148,15148,0,2046,2945
15149,15149,0,2047,3188
15150,15150,0,2047,3410
15151,15151,0,2047,3608
15152,15152,0,2046,3777
15153,15153,0,2047,3915
15154,15154,0,2047,4018
15155,15155,0,2046,4087
15156,15156,0,2046,4095
15157,15157,0,2047,4095
15158,15158,0,2047,4068
15159,15159,0,2047,3987
15160,15160,0,2047,3871
15161,15161,0,2046,3723
15162,15162,0,2046,3544
15163,15163,0,2047,3338
15164,15164,0,2047,3108
15165,15165,0,2046,2858
15166,15166,0,2047,2595
15167,15167,0,2046,2320
15168,15168,0,2047,2041
15169,15169,0,2046,1761
15170,15170,0,2046,1486
15171,15171,0,2047,1220
15172,15172,0,2046,971
15173,15173,0,2046,740
15174,15174,0,2046,531
15175,15175,0,2046,352
15176,15176,0,2047,202
15177,15177,0,2046,86
15178,15178,0,2047,4
15179,15179,0,2047,0
15180,15180,0,2047,0
15181,15181,0,2047,0
15182,15182,0,2047,55
15183,15183,0,2046,160
15184,15184,0,2046,299
15185,15185,0,2046,469
15186,15186,0,2046,668
15187,15187,0,2046,891
15188,15188,0,2047,1136
15189,15189,0,2046,1395
15190,15190,0,2046,1667
15191,15191,0,2046,1945
15192,15192,0,2046,2225
15193,15193,0,2046,2501
15194,15194,0,2046,2769
15195,15195,0,2046,3024
15196,15196,0,2047,3261
15197,15197,0,2046,3476
15198,15198,0,2047,3664
15199,15199,0,2047,3824
15200,15200,0,2046,3951
15201,15201,0,2046,4043
15202,15202,0,2047,4095
15203,15203,0,2046,4095
15204,15204,0,2047,4095
15205,15205,0,2047,4046
15206,15206,0,2047,3955
15207,15207,0,2047,3829
15208,15208,0,2047,3670
15209,15209,0,2047,3483
15210,15210,0,2047,3268
15211,15211,0,2046,3032
15212,15212,0,2046,2777
15213,15213,0,2046,2510
15214,15214,0,2047,2233
15215,15215,0,2046,1953
15216,15216,0,2047,1674
15217,15217,0,2047,1402
15218,15218,0,2046,1140
15219,15219,0,2046,896
15220,15220,0,2046,672
15221,15221,0,2046,473
15222,15222,0,2046,301
15223,15223,0,2046,161
15224,15224,0,2046,57
15225,15225,0,2046,0
15226,15226,0,2047,0
15227,15227,0,2047,0
15228,15228,0,2046,5
15229,15229,0,2047,85
15230,15230,0,2046,200
15231,15231,0,2046,350
15232,15232,0,2046,529
15233,15233,0,2047,736
15234,15234,0,2046,966
15235,15235,0,2046,1216
15236,15236,0,2046,1480
15237,15237,0,2046,1754
15238,15238,0,2046,2033
15239,15239,0,2047,2313
15240,15240,0,2047,2587
15241,15241,0,2047,2851
15242,15242,0,2046,3101
15243,15243,0,2046,3331
15244,15244,0,2047,3538
15245,15245,0,2047,3718
15246,15246,0,2046,3868
15247,15247,0,2047,3984
15248,15248,0,2046,4065
15249,15249,0,2047,4095
15250,15250,0,2047,4095
15251,15251,0,2046,4088
15252,15252,0,2046,4022
15253,15253,0,2047,3919
15254,15254,0,2047,3782
15255,15255,0,2046,3613
15256,15256,0,2046,3417
15257,15257,0,2047,3196
15258,15258,0,2046,2953
15259,15259,0,2047,2694
15260,15260,0,2047,2422
15261,15261,0,2047,2145
15262,15262,0,2047,1864
15263,15263,0,2046,1587
15264,15264,0,2046,1318
15265,15265,0,2046,1061
15266,15266,0,2046,822
15267,15267,0,2046,606
15268,15268,0,2046,415
15269,15269,0,2046,254
15270,15270,0,2046,125
15271,15271,0,2046,30
15272,15272,0,2046,0
15273,15273,0,2047,0
15274,15274,0,2046,0
15275,15275,0,2046,26
15276,15276,0,2046,117
15277,15277,0,2047,244
15278,15278,0,2046,403
15279,15279,0,2046,591
15280,15280,0,2046,806
15281,15281,0,2047,1043
15282,15282,0,2046,1298
15283,15283,0,2046,1565
15284,15284,0,2046,1842
15285,15285,0,2047,2121
15286,15286,0,2046,2399
15287,15287,0,2047,2671
15288,15288,0,2047,2931
15289,15289,0,2046,3175
15290,15290,0,2047,3398
15291,15291,0,2047,3598
15292,15292,0,2047,3768
15293,15293,0,2047,3908
15294,15294,0,2047,4013
15295,15295,0,2046,4083
15296,15296,0,2046,4095
15297,15297,0,2047,4095
15298,15298,0,2046,4071
15299,15299,0,2046,3992
15300,15300,0,2047,3878
15301,15301,0,2047,3732
15302,15302,0,2047,3555
15303,15303,0,2046,3350
15304,15304,0,2046,3122
15305,15305,0,2046,2873
15306,15306,0,2046,2609
15307,15307,0,2046,2335
15308,15308,0,2047,2056
15309,15309,0,2047,1776
15310,15310,0,2046,1501
15311,15311,0,2046,1236
15312,15312,0,2046,984
15313,15313,0,2046,752
15314,15314,0,2046,543
15315,15315,0,2047,361
15316,15316,0,2046,209
15317,15317,0,2046,91
15318,15318,0,2046,8
15319,15319,0,2046,0
15320,15320,0,2047,0
15321,15321,0,2046,0
15322,15322,0,2047,51
15323,15323,0,2046,153
15324,15324,0,2047,290
15325,15325,0,2047,459
15326,15326,0,2046,656
15327,15327,0,2047,878
15328,15328,0,2046,1122
15329,15329,0,2046,1381
15330,15330,0,2047,1651
15331,15331,0,2047,1929
15332,15332,0,2047,2210
15333,15333,0,2047,2486
15334,15334,0,2046,2754
15335,15335,0,2046,3010
15336,15336,0,2046,3248
15337,15337,0,2046,3465
15338,15338,0,2047,3654
15339,15339,0,2046,3816
15340,15340,0,2047,3945
15341,15341,0,2047,4039
15342,15342,0,2047,4095
15343,15343,0,2047,4095
15344,15344,0,2047,4095
15345,15345,0,2047,4050
15346,15346,0,2047,3961
15347,15347,0,2047,3836
15348,15348,0,2047,3679
15349,15349,0,2047,3493
15350,15350,0,2046,3282
15351,15351,0,2046,3046
15352,15352,0,2046,2792
15353,15353,0,2046,2525
15354,15354,0,2046,2248
15355,15355,0,2046,1968
15356,15356,0,2047,1690
15357,15357,0,2046,1417
15358,15358,0,2047,1155
15359,15359,0,2047,910
15360,15360,0,2046,684
15361,15361,0,2046,483
15362,15362,0,2047,310
15363,15363,0,2047,168
15364,15364,0,2046,61
15365,15365,0,2047,0
15366,15366,0,2047,0
15367,15367,0,2047,0
15368,15368,0,2046,1
15369,15369,0,2046,79
15370,15370,0,2046,193
15371,15371,0,2046,340
15372,15372,0,2046,518
15373,15373,0,2047,723
15374,15374,0,2047,952
15375,15375,0,2047,1201
15376,15376,0,2047,1464
15377,15377,0,2046,1738
15378,15378,0,2046,2017
15379,15379,0,2047,2296
15380,15380,0,2046,2571
15381,15381,0,2047,2835
15382,15382,0,2047,3087
15383,15383,0,2046,3318
15384,15384,0,2047,3527
15385,15385,0,2046,3709
15386,15386,0,2047,3860
15387,15387,0,2047,3978
15388,15388,0,2046,4062
15389,15389,0,2047,4095
15390,15390,0,2047,4095
15391,15391,0,2047,4091
15392,15392,0,2047,4025
15393,15393,0,2046,3925
15394,15394,0,2046,3791
15395,15395,0,2047,3624
15396,15396,0,2046,3429
15397,15397,0,2047,3209
15398,15398,0,2047,2968
15399,15399,0,2046,2710
15400,15400,0,2047,2438
15401,15401,0,2046,2160
15402,15402,0,2046,1880
15403,15403,0,2047,1602
15404,15404,0,2046,1333
15405,15405,0,2046,1075
15406,15406,0,2047,836
15407,15407,0,2046,617
15408,15408,0,2046,425
15409,15409,0,2046,262
15410,15410,0,2047,131
15411,15411,0,2047,35
15412,15412,0,2047,0
15413,15413,0,2047,0
15414,15414,0,2046,0
15415,15415,0,2046,22
15416,15416,0,2046,111
15417,15417,0,2046,235
15418,15418,0,2047,393
15419,15419,0,2047,579
15420,15420,0,2047,793
15421,15421,0,2047,1028
15422,15422,0,2047,1283
15423,15423,0,2047,1549
15424,15424,0,2047,1825
15425,15425,0,2046,2105
15426,15426,0,2047,2384
15427,15427,0,2047,2656
15428,15428,0,2047,2916
15429,15429,0,2046,3162
15430,15430,0,2046,3387
15431,15431,0,2045,3588
15432,15432,0,2047,3760
15433,15433,0,2047,3901
15434,15434,0,2047,4008
15435,15435,0,2047,4081
15436,15436,0,2046,4095
15437,15437,0,2047,4095
15438,15438,0,2046,4074
15439,15439,0,2046,3998
15440,15440,0,2047,3886
15441,15441,0,2047,3741
15442,15442,0,2046,3565
15443,15443,0,2046,3363
15444,15444,0,2046,3135
15445,15445,0,2046,2888
15446,15446,0,2047,2626
15447,15447,0,2046,2351
15448,15448,0,2046,2072
15449,15449,0,2047,1792
15450,15450,0,2047,1517
15451,15451,0,2047,1250
15452,15452,0,2046,998
15453,15453,0,2046,764
15454,15454,0,2046,554
15455,15455,0,2046,371
15456,15456,0,2046,218
15457,15457,0,2047,97
15458,15458,0,2046,12
15459,15459,0,2047,0
15460,15460,0,2047,0
15461,15461,0,2046,0
15462,15462,0,2047,46
15463,15463,0,2046,147
15464,15464,0,2046,282
15465,15465,0,2046,449
15466,15466,0,2046,644
15467,15467,0,2046,865
15468,15468,0,2046,1106
15469,15469,0,2046,1365
15470,15470,0,2046,1636
15471,15471,0,2046,1913
15472,15472,0,2046,2194
15473,15473,0,2046,2470
15474,15474,0,2046,2739
15475,15475,0,2047,2997
15476,15476,0,2046,3235
15477,15477,0,2046,3453
15478,15478,0,2046,3645
15479,15479,0,2046,3808
15480,15480,0,2047,3939
15481,15481,0,2047,4035
15482,15482,0,2046,4095
15483,15483,0,2046,4095
15484,15484,0,2047,4095
15485,15485,0,2046,4053
15486,15486,0,2047,3966
15487,15487,0,2047,3844
15488,15488,0,2046,3689
15489,15489,0,2046,3505
15490,15490,0,2047,3293
15491,15491,0,2046,3059
15492,15492,0,2047,2807
15493,15493,0,2047,2540
15494,15494,0,2046,2264
15495,15495,0,2047,1984
15496,15496,0,2047,1705
15497,15497,0,2047,1431
15498,15498,0,2046,1169
15499,15499,0,2047,923
15500,15500,0,2046,696
15501,15501,0,2046,494
15502,15502,0,2047,319
15503,15503,0,2047,176
15504,15504,0,2046,66
15505,15505,0,2047,0
15506,15506,0,2047,0
15507,15507,0,2046,0
15508,15508,0,2046,0
15509,15509,0,2046,73
15510,15510,0,2046,185
15511,15511,0,2047,331
15512,15512,0,2047,507
15513,15513,0,2046,711
15514,15514,0,2046,939
15515,15515,0,2046,1186
15516,15516,0,2046,1448
15517,15517,0,2046,1722
15518,15518,0,2046,2002
15519,15519,0,2046,2281
15520,15520,0,2047,2556
15521,15521,0,2047,2821
15522,15522,0,2046,3073
15523,15523,0,2047,3306
15524,15524,0,2046,3516
15525,15525,0,2046,3698
15526,15526,0,2046,3852
15527,15527,0,2047,3972
15528,15528,0,2046,4058
15529,15529,0,2046,4095
15530,15530,0,2047,4095
15531,15531,0,2047,4093
15532,15532,0,2047,4030
15533,15533,0,2046,3932
15534,15534,0,2046,3798
15535,15535,0,2047,3634
15536,15536,0,2046,3441
15537,15537,0,2047,3222
15538,15538,0,2047,2982
15539,15539,0,2046,2724
15540,15540,0,2047,2454
15541,15541,0,2046,2177
15542,15542,0,2047,1896
15543,15543,0,2047,1618
15544,15544,0,2046,1348
15545,15545,0,2047,1090
15546,15546,0,2046,848
15547,15547,0,2047,629
15548,15548,0,2047,435
15549,15549,0,2047,271
15550,15550,0,2046,138
15551,15551,0,2047,40
15552,15552,0,2046,0
15553,15553,0,2047,0
15554,15554,0,2046,0
15555,15555,0,2046,18
15556,15556,0,2046,105
15557,15557,0,2046,228
15558,15558,0,2047,383
15559,15559,0,2046,568
15560,15560,0,2047,780
15561,15561,0,2047,1015
15562,15562,0,2046,1268
15563,15563,0,2046,1534
15564,15564,0,2047,1810
15565,15565,0,2046,2089
15566,15566,0,2046,2368
15567,15567,0,2047,2641
15568,15568,0,2047,2902
15569,15569,0,2046,3148
15570,15570,0,2046,3374
15571,15571,0,2046,3576
15572,15572,0,2046,3750
15573,15573,0,2046,3894
15574,15574,0,2047,4003
15575,15575,0,2046,4077
15576,15576,0,2046,4095
15577,15577,0,2047,4095
15578,15578,0,2046,4077
15579,15579,0,2047,4004
15580,15580,0,2046,3894
15581,15581,0,2046,3750
15582,15582,0,2047,3577
15583,15583,0,2047,3374
15584,15584,0,2046,3148
15585,15585,0,2047,2902
15586,15586,0,2046,2640
15587,15587,0,2047,2367
15588,15588,0,2046,2089
15589,15589,0,2046,1808
15590,15590,0,2046,1532
15591,15591,0,2047,1265
15592,15592,0,2046,1012
15593,15593,0,2046,777
15594,15594,0,2046,565
15595,15595,0,2046,380
15596,15596,0,2047,225
15597,15597,0,2047,102
15598,15598,0,2046,16
15599,15599,0,2047,0
15600,15600,0,2046,0
15601,15601,0,2046,0
15602,15602,0,2046,41
15603,15603,0,2046,140
15604,15604,0,2046,274
15605,15605,0,2047,439
15606,15606,0,2046,632
15607,15607,0,2047,852
15608,15608,0,2047,1092
15609,15609,0,2046,1350
15610,15610,0,2046,1620
15611,15611,0,2047,1897
15612,15612,0,2046,2177
15613,15613,0,2046,2454
15614,15614,0,2046,2724
15615,15615,0,2046,2982
15616,15616,0,2047,3222
15617,15617,0,2046,3441
15618,15618,0,2046,3634
15619,15619,0,2046,3799
15620,15620,0,2046,3932
15621,15621,0,2046,4031
15622,15622,0,2046,4093
15623,15623,0,2046,4095
15624,15624,0,2047,4095
15625,15625,0,2046,4058
15626,15626,0,2047,3973
15627,15627,0,2046,3851
15628,15628,0,2046,3699
15629,15629,0,2046,3516
15630,15630,0,2047,3306
15631,15631,0,2046,3073
15632,15632,0,2046,2821
15633,15633,0,2046,2556
15634,15634,0,2046,2280
15635,15635,0,2046,1999
15636,15636,0,2046,1721
15637,15637,0,2046,1447
15638,15638,0,2046,1184
15639,15639,0,2046,936
15640,15640,0,2046,707
15641,15641,0,2046,504
15642,15642,0,2046,328
15643,15643,0,2046,183
15644,15644,0,2046,72
15645,15645,0,2046,0
15646,15646,0,2047,0
15647,15647,0,2047,0
15648,15648,0,2046,0
15649,15649,0,2046,68
15650,15650,0,2046,178
15651,15651,0,2047,322
15652,15652,0,2047,496
15653,15653,0,2046,698
15654,15654,0,2046,925
15655,15655,0,2046,1172
15656,15656,0,2046,1435
15657,15657,0,2046,1707
15658,15658,0,2047,1986
15659,15659,0,2046,2264
15660,15660,0,2046,2541
15661,15661,0,2046,2807
15662,15662,0,2046,3059
15663,15663,0,2046,3293
15664,15664,0,2046,3504
15665,15665,0,2047,3690
15666,15666,0,2047,3844
15667,15667,0,2046,3966
15668,15668,0,2047,4054
15669,15669,0,2047,4095
15670,15670,0,2047,4095
15671,15671,0,2046,4095
15672,15672,0,2047,4035
15673,15673,0,2046,3939
15674,15674,0,2046,3807
15675,15675,0,2047,3645
15676,15676,0,2046,3453
15677,15677,0,2046,3235
15678,15678,0,2046,2996
15679,15679,0,2046,2739
15680,15680,0,2046,2470
15681,15681,0,2047,2193
15682,15682,0,2047,1912
15683,15683,0,2046,1633
15684,15684,0,2047,1362
15685,15685,0,2047,1104
15686,15686,0,2046,862
15687,15687,0,2047,641
15688,15688,0,2046,446
15689,15689,0,2046,279
15690,15690,0,2046,144
15691,15691,0,2046,44
15692,15692,0,2046,0
15693,15693,0,2046,0
15694,15694,0,2046,0
15695,15695,0,2047,13
15696,15696,0,2046,100
15697,15697,0,2046,220
15698,15698,0,2046,374
15699,15699,0,2047,557
15700,15700,0,2046,768
15701,15701,0,2047,1001
15702,15702,0,2046,1253
15703,15703,0,2046,1518
15704,15704,0,2047,1794
15705,15705,0,2046,2073
15706,15706,0,2047,2353
15707,15707,0,2047,2626
15708,15708,0,2046,2887
15709,15709,0,2047,3135
15710,15710,0,2046,3362
15711,15711,0,2047,3565
15712,15712,0,2046,3741
15713,15713,0,2047,3887
15714,15714,0,2046,3998
15715,15715,0,2046,4074
15716,15716,0,2046,4095
15717,15717,0,2047,4095
15718,15718,0,2046,4081
15719,15719,0,2047,4008
15720,15720,0,2046,3900
15721,15721,0,2047,3759
15722,15722,0,2047,3587
15723,15723,0,2047,3386
15724,15724,0,2047,3162
15725,15725,0,2046,2917
15726,15726,0,2047,2654
15727,15727,0,2047,2383
15728,15728,0,2046,2104
15729,15729,0,2047,1824
15730,15730,0,2046,1547
15731,15731,0,2046,1280
15732,15732,0,2046,1025
15733,15733,0,2046,790
15734,15734,0,2046,576
15735,15735,0,2046,390
15736,15736,0,2046,233
15737,15737,0,2046,108
15738,15738,0,2047,19
15739,15739,0,2046,0
15740,15740,0,2047,0
15741,15741,0,2046,0
15742,15742,0,2046,37
15743,15743,0,2046,133
15744,15744,0,2046,265
15745,15745,0,2046,428
15746,15746,0,2047,620
15747,15747,0,2047,839
15748,15748,0,2046,1079
15749,15749,0,2046,1336
15750,15750,0,2046,1605
15751,15751,0,2046,1882
15752,15752,0,2047,2161
15753,15753,0,2046,2439
15754,15754,0,2047,2709
15755,15755,0,2046,2968
15756,15756,0,2046,3209
15757,15757,0,2046,3429
15758,15758,0,2046,3624
15759,15759,0,2046,3790
15760,15760,0,2046,3925
15761,15761,0,2047,4026
15762,15762,0,2047,4091
15763,15763,0,2047,4095
15764,15764,0,2046,4095
15765,15765,0,2046,4062
15766,15766,0,2047,3978
15767,15767,0,2047,3860
15768,15768,0,2046,3708
15769,15769,0,2046,3527
15770,15770,0,2046,3319
15771,15771,0,2046,3087
15772,15772,0,2046,2836
15773,15773,0,2047,2570
15774,15774,0,2046,2296
15775,15775,0,2046,2015
15776,15776,0,2047,1736
15777,15777,0,2045,1462
15778,15778,0,2047,1197
15779,15779,0,2046,948
15780,15780,0,2046,720
15781,15781,0,2046,514
15782,15782,0,2046,337
15783,15783,0,2046,190
15784,15784,0,2047,77
15785,15785,0,2046,0
15786,15786,0,2046,0
15787,15787,0,2046,0
15788,15788,0,2046,0
15789,15789,0,2046,63
15790,15790,0,2046,171
15791,15791,0,2047,314
15792,15792,0,2046,485
15793,15793,0,2047,686
15794,15794,0,2047,912
15795,15795,0,2046,1158
15796,15796,0,2047,1419
15797,15797,0,2046,1691
15798,15798,0,2046,1970
15799,15799,0,2046,2249
15800,15800,0,2046,2526
15801,15801,0,2047,2792
15802,15802,0,2046,3045
15803,15803,0,2046,3281
15804,15804,0,2047,3494
15805,15805,0,2047,3679
15806,15806,0,2046,3837
15807,15807,0,2046,3961
15808,15808,0,2047,4050
15809,15809,0,2046,4095
15810,15810,0,2047,4095
15811,15811,0,2046,4095
15812,15812,0,2047,4039
15813,15813,0,2046,3945
15814,15814,0,2046,3815
15815,15815,0,2046,3655
15816,15816,0,2046,3464
15817,15817,0,2046,3249
15818,15818,0,2046,3010
15819,15819,0,2046,2754
15820,15820,0,2046,2485
15821,15821,0,2046,2208
15822,15822,0,2046,1927
15823,15823,0,2047,1649
15824,15824,0,2046,1378
15825,15825,0,2046,1118
15826,15826,0,2047,875
15827,15827,0,2046,653
15828,15828,0,2046,455
15829,15829,0,2046,288
15830,15830,0,2046,150
15831,15831,0,2047,49
15832,15832,0,2047,0
15833,15833,0,2046,0
15834,15834,0,2047,0
15835,15835,0,2046,10
15836,15836,0,2046,94
15837,15837,0,2046,211
15838,15838,0,2046,364
15839,15839,0,2047,545
15840,15840,0,2046,755
15841,15841,0,2047,987
15842,15842,0,2047,1238
15843,15843,0,2047,1504
15844,15844,0,2046,1779
15845,15845,0,2046,2058
15846,15846,0,2046,2337
15847,15847,0,2046,2610
15848,15848,0,2047,2873
15849,15849,0,2046,3122
15850,15850,0,2047,3351
15851,15851,0,2046,3555
15852,15852,0,2046,3732
15853,15853,0,2047,3879
15854,15854,0,2046,3993
15855,15855,0,2046,4071
15856,15856,0,2046,4095
15857,15857,0,2047,4095
15858,15858,0,2046,4083
15859,15859,0,2047,4013
15860,15860,0,2046,3908
15861,15861,0,2047,3768
15862,15862,0,2046,3598
15863,15863,0,2046,3399
15864,15864,0,2046,3175
15865,15865,0,2047,2931
15866,15866,0,2047,2671
15867,15867,0,2046,2398
15868,15868,0,2046,2119
15869,15869,0,2047,1840
15870,15870,0,2047,1562
15871,15871,0,2047,1294
15872,15872,0,2047,1040
15873,15873,0,2047,802
15874,15874,0,2047,587
15875,15875,0,2046,400
15876,15876,0,2046,242
15877,15877,0,2047,115
15878,15878,0,2047,24
15879,15879,0,2047,0
15880,15880,0,2047,0
15881,15881,0,2046,0
15882,15882,0,2046,33
15883,15883,0,2046,127
15884,15884,0,2046,257
15885,15885,0,2046,418
15886,15886,0,2046,609
15887,15887,0,2047,826
15888,15888,0,2046,1064
15889,15889,0,2047,1320
15890,15890,0,2046,1589
15891,15891,0,2047,1866
15892,15892,0,2046,2145
15893,15893,0,2046,2423
15894,15894,0,2046,2694
15895,15895,0,2045,2953
15896,15896,0,2047,3196
15897,15897,0,2046,3417
15898,15898,0,2047,3614
15899,15899,0,2047,3782
15900,15900,0,2047,3919
15901,15901,0,2047,4021
15902,15902,0,2046,4088
15903,15903,0,2046,4095
15904,15904,0,2046,4095
15905,15905,0,2047,4065
15906,15906,0,2046,3984
15907,15907,0,2046,3867
15908,15908,0,2046,3718
15909,15909,0,2047,3537
15910,15910,0,2047,3331
15911,15911,0,2046,3100
15912,15912,0,2047,2850
15913,15913,0,2047,2585
15914,15914,0,2047,2311
15915,15915,0,2046,2032
15916,15916,0,2046,1752
15917,15917,0,2046,1478
15918,15918,0,2047,1213
15919,15919,0,2047,963
15920,15920,0,2046,733
15921,15921,0,2047,525
15922,15922,0,2047,346
15923,15923,0,2046,197
15924,15924,0,2046,82
15925,15925,0,2046,3
15926,15926,0,2046,0
15927,15927,0,2047,0
15928,15928,0,2046,0
15929,15929,0,2046,58
15930,15930,0,2047,164
15931,15931,0,2047,304
15932,15932,0,2046,475
15933,15933,0,2047,674
15934,15934,0,2046,898
15935,15935,0,2046,1143
15936,15936,0,2046,1403
15937,15937,0,2046,1676
15938,15938,0,2047,1955
15939,15939,0,2046,2234
15940,15940,0,2046,2510
15941,15941,0,2047,2778
15942,15942,0,2047,3032
15943,15943,0,2046,3268
15944,15944,0,2046,3482
15945,15945,0,2046,3670
15946,15946,0,2047,3828
15947,15947,0,2047,3955
15948,15948,0,2046,4046
15949,15949,0,2046,4095
15950,15950,0,2046,4095
15951,15951,0,2046,4095
15952,15952,0,2046,4043
15953,15953,0,2046,3951
15954,15954,0,2047,3823
15955,15955,0,2047,3664
15956,15956,0,2046,3476
15957,15957,0,2047,3260
15958,15958,0,2047,3024
15959,15959,0,2046,2769
15960,15960,0,2046,2500
15961,15961,0,2046,2223
15962,15962,0,2046,1943
15963,15963,0,2047,1665
15964,15964,0,2047,1392
15965,15965,0,2046,1132
15966,15966,0,2047,888
15967,15967,0,2046,664
15968,15968,0,2046,466
15969,15969,0,2046,296
15970,15970,0,2046,158
15971,15971,0,2047,53
15972,15972,0,2046,0
15973,15973,0,2047,0
15974,15974,0,2047,0
15975,15975,0,2046,6
15976,15976,0,2047,88
15977,15977,0,2047,204
15978,15978,0,2046,355
15979,15979,0,2047,535
15980,15980,0,2047,742
15981,15981,0,2046,974
15982,15982,0,2047,1224
15983,15983,0,2047,1488
15984,15984,0,2046,1763
15985,15985,0,2047,2042
15986,15986,0,2046,2321
15987,15987,0,2047,2595
15988,15988,0,2047,2859
15989,15989,0,2046,3108
15990,15990,0,2047,3338
15991,15991,0,2046,3544
15992,15992,0,2046,3723
15993,15993,0,2046,3871
15994,15994,0,2046,3987
15995,15995,0,2046,4067
15996,15996,0,2047,4095
15997,15997,0,2046,4095
15998,15998,0,2046,4086
15999,15999,0,2046,4018
16000,16000,0,2046,3915
16001,16001,0,2047,3777
16002,16002,0,2046,3608
16003,16003,0,2046,3410
16004,16004,0,2047,3188
16005,16005,0,2047,2945
16006,16006,0,2047,2685
16007,16007,0,2047,2414
16008,16008,0,2047,2135
16009,16009,0,2046,1855
16010,16010,0,2046,1578
16011,16011,0,2046,1309
16012,16012,0,2047,1053
16013,16013,0,2046,815
16014,16014,0,2046,599
16015,16015,0,2046,409
16016,16016,0,2046,249
16017,16017,0,2047,121
16018,16018,0,2047,28
16019,16019,0,2046,0
16020,16020,0,2047,0
16021,16021,0,2047,0
16022,16022,0,2046,28
16023,16023,0,2046,120
16024,16024,0,2047,248
16025,16025,0,2046,408
16026,16026,0,2047,597
16027,16027,0,2046,813
16028,16028,0,2046,1051
16029,16029,0,2046,1306
16030,16030,0,2047,1574
16031,16031,0,2047,1850
16032,16032,0,2046,2131
16033,16033,0,2047,2408
16034,16034,0,2046,2679
16035,16035,0,2047,2939
16036,16036,0,2046,3183
16037,16037,0,2047,3405
16038,16038,0,2046,3604
16039,16039,0,2047,3773
16040,16040,0,2046,3912
16041,16041,0,2047,4016
16042,16042,0,2047,4086
16043,16043,0,2046,4095
16044,16044,0,2046,4095
16045,16045,0,2046,4070
16046,16046,0,2047,3990
16047,16047,0,2047,3875
16048,16048,0,2047,3727
16049,16049,0,2046,3548
16050,16050,0,2047,3343
16051,16051,0,2046,3113
16052,16052,0,2047,2865
16053,16053,0,2047,2602
16054,16054,0,2046,2327
16055,16055,0,2046,2047
16056,16056,0,2047,1767
16057,16057,0,2046,1492
16058,16058,0,2046,1226
16059,16059,0,2046,975
16060,16060,0,2047,744
16061,16061,0,2047,536
16062,16062,0,2047,356
16063,16063,0,2047,205
16064,16064,0,2046,88
16065,16065,0,2046,6
16066,16066,0,2047,0
16067,16067,0,2046,0
16068,16068,0,2046,0
16069,16069,0,2047,53
16070,16070,0,2046,157
16071,16071,0,2046,295
16072,16072,0,2047,465
16073,16073,0,2046,662
16074,16074,0,2047,886
16075,16075,0,2047,1129
16076,16076,0,2047,1389
16077,16077,0,2046,1661
16078,16078,0,2046,1939
16079,16079,0,2047,2219
16080,16080,0,2046,2495
16081,16081,0,2047,2763
16082,16082,0,2047,3018
16083,16083,0,2046,3256
16084,16084,0,2046,3470
16085,16085,0,2047,3660
16086,16086,0,2046,3820
16087,16087,0,2047,3948
16088,16088,0,2046,4042
16089,16089,0,2047,4095
16090,16090,0,2047,4095
16091,16091,0,2046,4095
16092,16092,0,2046,4047
16093,16093,0,2047,3957
16094,16094,0,2046,3832
16095,16095,0,2046,3675
16096,16096,0,2046,3486
16097,16097,0,2046,3273
16098,16098,0,2046,3038
16099,16099,0,2045,2783
16100,16100,0,2047,2516
16101,16101,0,2047,2240
16102,16102,0,2046,1959
16103,16103,0,2046,1681
16104,16104,0,2047,1408
16105,16105,0,2047,1147
16106,16106,0,2047,902
16107,16107,0,2047,676
16108,16108,0,2047,476
16109,16109,0,2046,305
16110,16110,0,2047,164
16111,16111,0,2046,58
16112,16112,0,2047,0
16113,16113,0,2046,0
16114,16114,0,2046,0
16115,16115,0,2046,3
16116,16116,0,2046,82
16117,16117,0,2046,196
16118,16118,0,2046,345
16119,16119,0,2046,523
16120,16120,0,2046,730
16121,16121,0,2047,960
16122,16122,0,2046,1209
16123,16123,0,2047,1473
16124,16124,0,2047,1747
16125,16125,0,2046,2026
16126,16126,0,2047,2305
16127,16127,0,2046,2581
16128,16128,0,2047,2844
16129,16129,0,2047,3095
16130,16130,0,2047,3326
16131,16131,0,2045,3533
16132,16132,0,2047,3714
16133,16133,0,2047,3865
16134,16134,0,2046,3982
16135,16135,0,2046,4064
16136,16136,0,2046,4095
16137,16137,0,2046,4095
16138,16138,0,2046,4089
16139,16139,0,2046,4023
16140,16140,0,2046,3921
16141,16141,0,2047,3786
16142,16142,0,2047,3618
16143,16143,0,2046,3423
16144,16144,0,2046,3201
16145,16145,0,2046,2959
16146,16146,0,2046,2701
16147,16147,0,2046,2430
16148,16148,0,2047,2151
16149,16149,0,2047,1871
16150,16150,0,2046,1594
16151,16151,0,2046,1324
16152,16152,0,2046,1067
16153,16153,0,2046,828
16154,16154,0,2046,610
16155,16155,0,2046,418
16156,16156,0,2046,258
16157,16157,0,2046,128
16158,16158,0,2046,32
16159,16159,0,2046,0
16160,16160,0,2047,0
16161,16161,0,2046,0
16162,16162,0,2047,24
16163,16163,0,2047,114
16164,16164,0,2046,240
16165,16165,0,2047,398
16166,16166,0,2046,586
16167,16167,0,2047,800
16168,16168,0,2046,1036
16169,16169,0,2046,1290
16170,16170,0,2046,1558
16171,16171,0,2047,1835
16172,16172,0,2046,2115
16173,16173,0,2046,2392
16174,16174,0,2046,2665
16175,16175,0,2046,2925
16176,16176,0,2047,3170
16177,16177,0,2046,3393
16178,16178,0,2046,3593
16179,16179,0,2046,3764
16180,16180,0,2046,3905
16181,16181,0,2046,4011
16182,16182,0,2046,4082
16183,16183,0,2047,4095
16184,16184,0,2047,4095
16185,16185,0,2046,4072
16186,16186,0,2047,3995
16187,16187,0,2046,3882
16188,16188,0,2047,3737
16189,16189,0,2047,3560
16190,16190,0,2047,3356
16191,16191,0,2047,3127
16192,16192,0,2047,2879
16193,16193,0,2046,2616
16194,16194,0,2047,2342
16195,16195,0,2047,2063
16196,16196,0,2047,1783
16197,16197,0,2046,1507
16198,16198,0,2046,1241
16199,16199,0,2046,989
16200,16200,0,2047,757
16201,16201,0,2047,548
16202,16202,0,2046,365
16203,16203,0,2046,213
16204,16204,0,2046,94
16205,16205,0,2046,10
16206,16206,0,2047,0
16207,16207,0,2046,0
16208,16208,0,2046,0
16209,16209,0,2046,48
16210,16210,0,2047,150
16211,16211,0,2047,287
16212,16212,0,2046,454
16213,16213,0,2047,651
16214,16214,0,2046,872
16215,16215,0,2047,1114
16216,16216,0,2047,1373
16217,16217,0,2046,1645
16218,16218,0,2047,1922
16219,16219,0,2046,2203
16220,16220,0,2046,2480
16221,16221,0,2046,2748
16222,16222,0,2046,3005
16223,16223,0,2047,3243
16224,16224,0,2047,3460
16225,16225,0,2046,3651
16226,16226,0,2047,3813
16227,16227,0,2047,3942
16228,16228,0,2047,4037
16229,16229,0,2046,4095
16230,16230,0,2047,4095
16231,16231,0,2046,4095
16232,16232,0,2046,4052
16233,16233,0,2047,3963
16234,16234,0,2046,3840
16235,16235,0,2046,3683
16236,16236,0,2046,3498
16237,16237,0,2046,3286
16238,16238,0,2047,3052
16239,16239,0,2046,2798
16240,16240,0,2047,2531
16241,16241,0,2046,2255
16242,16242,0,2046,1975
16243,16243,0,2047,1696
16244,16244,0,2047,1423
16245,16245,0,2047,1161
16246,16246,0,2047,915
16247,16247,0,2046,689
16248,16248,0,2046,487
16249,16249,0,2047,314
16250,16250,0,2047,171
16251,16251,0,2047,63
16252,16252,0,2047,0
16253,16253,0,2047,0
16254,16254,0,2047,0
16255,16255,0,2046,0
16256,16256,0,2046,77
16257,16257,0,2046,190
16258,16258,0,2046,337
16259,16259,0,2047,513
16260,16260,0,2046,718
16261,16261,0,2047,947
16262,16262,0,2046,1194
16263,16263,0,2047,1458
16264,16264,0,2046,1732
16265,16265,0,2047,2010
16266,16266,0,2046,2290
16267,16267,0,2046,2565
16268,16268,0,2046,2830
16269,16269,0,2047,3081
16270,16270,0,2047,3313
16271,16271,0,2047,3522
16272,16272,0,2046,3704
16273,16273,0,2046,3857
16274,16274,0,2047,3975
16275,16275,0,2046,4060
16276,16276,0,2047,4095
16277,16277,0,2046,4095
16278,16278,0,2047,4092
16279,16279,0,2047,4028
16280,16280,0,2046,3928
16281,16281,0,2046,3794
16282,16282,0,2047,3629
16283,16283,0,2047,3434
16284,16284,0,2047,3215
16285,16285,0,2047,2974
16286,16286,0,2047,2716
16287,16287,0,2046,2445
16288,16288,0,2047,2167
16289,16289,0,2046,1886
16290,16290,0,2046,1609
16291,16291,0,2046,1339
16292,16292,0,2046,1081
16293,16293,0,2046,842
16294,16294,0,2046,622
16295,16295,0,2046,429
16296,16296,0,2046,266
16297,16297,0,2046,133
16298,16298,0,2046,37
16299,16299,0,2047,0
16300,16300,0,2046,0
16301,16301,0,2047,0
16302,16302,0,2046,20
16303,16303,0,2046,109
16304,16304,0,2047,232
16305,16305,0,2047,389
16306,16306,0,2046,575
16307,16307,0,2046,788
16308,16308,0,2047,1024
16309,16309,0,2047,1276
16310,16310,0,2046,1544
16311,16311,0,2046,1819
16312,16312,0,2046,2099
16313,16313,0,2046,2377
16314,16314,0,2047,2649
16315,16315,0,2047,2911
16316,16316,0,2046,3157
16317,16317,0,2046,3382
16318,16318,0,2046,3583
16319,16319,0,2046,3756
16320,16320,0,2047,3898
16321,16321,0,2047,4007
16322,16322,0,2047,4079
16323,16323,0,2046,4095
16324,16324,0,2047,4095
16325,16325,0,2046,4075
16326,16326,0,2046,4000
16327,16327,0,2047,3888
16328,16328,0,2046,3745
16329,16329,0,2047,3570
16330,16330,0,2046,3367
16331,16331,0,2046,3141
16332,16332,0,2047,2894
16333,16333,0,2047,2632
16334,16334,0,2046,2357
16335,16335,0,2046,2079
16336,16336,0,2047,1799
16337,16337,0,2046,1523
16338,16338,0,2047,1256
16339,16339,0,2046,1004
16340,16340,0,2046,769
16341,16341,0,2046,558
16342,16342,0,2046,374
16343,16343,0,2046,221
16344,16344,0,2047,99
16345,16345,0,2046,14
16346,16346,0,2047,0
16347,16347,0,2046,0
16348,16348,0,2047,0
16349,16349,0,2047,44
16350,16350,0,2046,144
16351,16351,0,2047,278
16352,16352,0,2047,444
16353,16353,0,2047,639
16354,16354,0,2047,859
16355,16355,0,2046,1101
16356,16356,0,2047,1358
16357,16357,0,2047,1629
16358,16358,0,2046,1907
16359,16359,0,2047,2186
16360,16360,0,2046,2464
16361,16361,0,2046,2734
16362,16362,0,2046,2991
16363,16363,0,2046,3230
16364,16364,0,2047,3448
16365,16365,0,2047,3640
16366,16366,0,2047,3804
16367,16367,0,2047,3936
16368,16368,0,2046,4033
16369,16369,0,2046,4095
16370,16370,0,2047,4095
16371,16371,0,2047,4095
16372,16372,0,2046,4056
16373,16373,0,2047,3969
16374,16374,0,2047,3847
16375,16375,0,2047,3694
16376,16376,0,2046,3509
16377,16377,0,2046,3299
16378,16378,0,2047,3065
16379,16379,0,2046,2813
16380,16380,0,2047,2546
16381,16381,0,2045,2271
16382,16382,0,2047,1991
16383,16383,0,2047,1712
